x,y,latent_sum-auto_d111
0,0,
1,0,
2,0,
3,0,
4,0,
5,0,
6,0,
7,0,
8,0,
9,0,
10,0,0.0006603142
11,0,
12,0,
13,0,
14,0,0.00053710677
15,0,0.00019980874
16,0,0.00064351596
17,0,0.00047842134
18,0,0.00041174423
19,0,0.00026402157
20,0,0.00076580327
21,0,0.00066098664
22,0,0.000713788
23,0,0.00049038604
24,0,0.00070194714
25,0,0.00064088963
26,0,0.000579481
27,0,-0.0001884615
28,0,0.0011156173
29,0,0.00013213325
30,0,0.00040823035
31,0,1.2665056e-05
32,0,0.0005046725
33,0,0.0006296234
34,0,0.00011740718
35,0,0.0004787799
36,0,0.00033970736
37,0,0.00050924905
38,0,0.00044740178
39,0,0.00016485434
40,0,0.0012857309
41,0,0.0007128762
42,0,-0.000104960054
43,0,0.0003338959
44,0,0.00026026927
45,0,0.00069717225
46,0,0.00092497375
47,0,0.00023162179
48,0,-2.8677285e-05
49,0,0.00031099934
50,0,0.0005945433
51,0,0.00050396286
52,0,0.0005554585
53,0,2.092775e-05
54,0,0.00022364315
55,0,0.00086352415
56,0,0.00069001503
57,0,0.0007820027
58,0,0.0006033685
59,0,0.00093797967
60,0,0.00067670643
61,0,0.0006138142
62,0,0.00045178086
63,0,2.2612512e-05
64,0,0.00073846243
65,0,0.0008280752
66,0,0.00081370864
67,0,0.00066442136
68,0,0.00056578405
69,0,0.000520451
70,0,0.000346791
71,0,0.0006421022
72,0,0.0007775631
73,0,0.0007075239
74,0,0.00024172105
75,0,0.0003539538
76,0,0.0007727174
77,0,0.0008762488
78,0,0.000492109
79,0,0.00090963393
80,0,0.00054422393
81,0,0.00037357025
82,0,0.00073995814
83,0,0.0005266741
84,0,0.00031094626
85,0,0.0007634191
86,0,0.00079350267
87,0,0.00021089986
88,0,0.00089525245
89,0,0.00052809715
90,0,0.0005042143
91,0,0.0002621757
92,0,0.0009408882
93,0,0.00059575215
94,0,0.00036870874
95,0,0.0006711632
96,0,-9.032432e-05
97,0,0.00093751587
98,0,0.000256259
99,0,0.0003694361
100,0,0.0007603308
101,0,0.0007027108
102,0,0.0008568596
103,0,0.000100481324
104,0,0.0012823818
105,0,0.0006760908
106,0,0.0003872458
107,0,0.00019728951
108,0,0.0005048206
109,0,0.0007973211
110,0,0.00021538697
111,0,0.0006071739
112,0,0.0009068921
113,0,0.00076755416
114,0,0.00067853834
115,0,0.0008959444
116,0,0.00050268136
117,0,0.0009030644
118,0,0.0008437494
119,0,0.0013489714
120,0,0.0007252479
121,0,0.0007592002
122,0,0.00050906
123,0,0.0007316172
124,0,0.0005220929
125,0,0.0008970173
126,0,0.0005632555
127,0,0.0005531451
128,0,0.00035173632
129,0,0.00090356823
130,0,0.0008408157
131,0,0.00092642754
132,0,0.00021572877
133,0,0.00039674062
134,0,0.00033810735
135,0,0.00045713037
136,0,0.00035080872
137,0,0.00034502335
138,0,0.0009530606
139,0,
140,0,
141,0,0.0006381627
142,0,
143,0,
144,0,
145,0,
146,0,
147,0,
148,0,
149,0,0.0006798543
150,0,0.00068623014
151,0,
152,0,0.0004696427
153,0,0.00040507969
154,0,
155,0,0.00029331166
156,0,0.0008118879
157,0,0.00056045875
158,0,0.00041516405
159,0,0.0005597118
160,0,0.0012494707
161,0,0.00036644936
162,0,0.0005109487
163,0,
164,0,
165,0,0.0001340555
166,0,
167,0,
168,0,
169,0,
170,0,
171,0,
172,0,
173,0,
174,0,
175,0,
176,0,
177,0,
178,0,
179,0,0.0013257498
180,0,
181,0,
182,0,
183,0,
184,0,
185,0,
186,0,0.0012471657
187,0,0.00022859685
188,0,0.00024480745
189,0,0.00013517309
190,0,0.0004401356
191,0,0.0004766928
192,0,0.000850101
193,0,0.0004612757
194,0,0.00017599575
195,0,-1.4809892e-05
196,0,0.0005719811
197,0,0.00070597045
198,0,0.000407964
199,0,0.00050809234
200,0,0.0002515167
201,0,0.0005850373
202,0,0.00044329744
203,0,1.4198944e-05
204,0,0.00055607967
205,0,0.00041677617
206,0,0.0005801562
207,0,0.00015424006
208,0,0.0003742259
209,0,0.00010538753
210,0,0.0010051047
211,0,0.00025629438
212,0,0.00018328987
213,0,0.0005833199
214,0,0.00068260264
215,0,0.00027513038
216,0,0.00047533028
217,0,7.599592e-07
218,0,5.158782e-05
219,0,0.00039585028
220,0,0.00017654616
221,0,0.00062508974
222,0,7.697381e-05
223,0,0.0002518557
224,0,0.00064577814
225,0,0.00050541013
226,0,0.00037695654
227,0,0.0006077308
228,0,0.0004258789
229,0,0.00016591605
230,0,0.00022782106
231,0,0.00035958271
232,0,0.00063396525
233,0,0.0005515814
234,0,7.3871575e-05
235,0,0.00047001895
236,0,0.000748856
237,0,0.00041388813
238,0,0.00069948565
239,0,0.0007569967
240,0,0.0011819173
241,0,0.00024113804
242,0,0.0005768426
243,0,8.80491e-05
244,0,0.0001866715
245,0,0.00045581255
246,0,0.00046003517
247,0,0.0011537243
248,0,0.0007985998
249,0,0.0006559761
250,0,0.0008025849
251,0,0.0008284552
252,0,0.0004797727
253,0,0.0005952092
254,0,0.0005763173
255,0,0.00020495616
256,0,0.0005254103
257,0,0.00082928594
258,0,0.0008919835
259,0,0.00051495153
260,0,0.00053376146
261,0,-5.653687e-05
262,0,0.0004621055
263,0,0.0006334139
264,0,0.00018146262
265,0,0.0003690524
266,0,0.0011256458
267,0,0.00014370866
268,0,0.0009993892
269,0,0.0007961411
270,0,5.599484e-05
271,0,0.00079078786
272,0,0.0007049991
273,0,0.00020273123
274,0,0.00057170354
275,0,0.0006102398
276,0,0.00036355294
277,0,
278,0,0.00016920827
279,0,0.0004999507
280,0,0.00079889037
281,0,0.0004586717
282,0,0.0011889208
283,0,0.0009319857
284,0,0.00084688794
285,0,0.00082485005
286,0,0.00073364284
287,0,0.00077090785
288,0,0.00049353763
289,0,0.0008433191
290,0,0.00062254164
291,0,0.000972379
292,0,0.00010079425
293,0,0.0007898258
294,0,0.0004265979
295,0,0.00051100366
296,0,0.00045588054
297,0,0.00034718215
298,0,1.024548e-05
299,0,0.00058833975
300,0,0.00062150974
301,0,0.0005358411
302,0,
303,0,
304,0,0.000885413
305,0,0.00047311746
306,0,0.0003186809
307,0,0.0005393969
308,0,0.00039633736
309,0,0.0009384481
310,0,
311,0,0.00054098666
312,0,-4.802365e-05
313,0,
314,0,
315,0,
316,0,
317,0,
318,0,
319,0,
320,0,
321,0,
322,0,
323,0,
324,0,
325,0,0.0011351341
326,0,
327,0,
328,0,
329,0,0.00011870265
330,0,
331,0,
332,0,
333,0,0.00067618396
334,0,
335,0,
336,0,
337,0,
338,0,
339,0,
340,0,
341,0,
342,0,
343,0,
344,0,
345,0,0.00023045111
346,0,0.00018416997
347,0,0.0004049074
348,0,0.00049784686
349,0,0.00045495108
350,0,0.00051281415
351,0,0.00028194487
352,0,0.00069563277
353,0,0.00015032198
354,0,0.0003434578
355,0,0.0010115933
356,0,0.00057161506
357,0,0.00026085228
358,0,0.00058218464
359,0,0.00027798302
360,0,0.0006786445
361,0,0.000483918
362,0,0.00038831402
363,0,0.0006111134
364,0,0.00068063196
365,0,0.0006150231
366,0,0.0002976125
367,0,0.00036910176
368,0,0.00055931136
369,0,0.00045290496
370,0,0.0006591836
371,0,0.0006878413
372,0,-5.1965006e-05
373,0,0.00047938898
374,0,0.00034736656
375,0,0.00075750053
376,0,0.0003302209
377,0,0.0007414073
378,0,0.000284452
379,0,0.00032015704
380,0,0.0010867817
381,0,0.0009357184
382,0,8.4236264e-05
383,0,0.00026888866
384,0,0.0007429039
385,0,0.00086449366
386,0,0.00042667054
387,0,0.00077667367
388,0,0.00077409204
389,0,0.00048952363
390,0,0.00066082645
391,0,0.00061872136
392,0,0.0013634115
393,0,0.00038474053
394,0,0.00054987427
395,0,0.0009203302
396,0,0.0004974194
397,0,0.000520668
398,0,0.00037634093
399,0,0.00078438036
400,0,0.00031086802
401,0,0.00076912344
402,0,0.00042265933
403,0,0.0008187853
404,0,0.00027355645
405,0,0.00070428476
406,0,0.00085381325
407,0,0.0008437503
408,0,0.0007050242
409,0,0.0006855633
410,0,0.00041198637
411,0,0.0003129812
412,0,0.00028260052
413,0,0.00034423452
414,0,7.245876e-05
415,0,8.1969425e-05
416,0,0.0007815985
417,0,0.00016674213
418,0,0.0004114285
419,0,0.00043530948
420,0,0.00042732153
421,0,0.00044215564
422,0,0.0008876538
423,0,0.00023162272
424,0,0.00030978676
425,0,0.00039918907
426,0,0.00039471313
427,0,0.00052008126
428,0,-0.00025582034
429,0,0.00026110467
430,0,2.5682151e-05
431,0,0.0002741497
432,0,0.0007038219
433,0,0.00029133447
434,0,0.00037301145
435,0,0.0007245792
436,0,0.000116677955
437,0,0.0004509408
438,0,0.00059061125
439,0,0.0001772577
440,0,0.0001758188
441,0,0.00044629164
442,0,0.0007294612
443,0,0.00042092055
444,0,-0.0002910858
445,0,0.00040271692
446,0,0.0004407745
447,0,0.0009945314
448,0,0.0003771782
449,0,0.00074577983
450,0,0.0005521979
451,0,0.0010617524
452,0,0.0005502701
453,0,0.0007566828
454,0,0.0006049052
455,0,0.00025924854
456,0,1.8177554e-05
457,0,0.0004475303
458,0,0.00029613823
459,0,0.00029324275
460,0,0.0005731713
461,0,0.00040976796
462,0,8.09934e-05
463,0,0.00039096083
464,0,0.000216268
465,0,0.00078377314
466,0,0.00020497106
467,0,0.00051651895
468,0,0.0008794889
469,0,0.00042041764
470,0,0.00061384216
471,0,0.0006556399
472,0,0.00029963907
473,0,0.00064934324
474,0,0.0009080414
475,0,0.00037083402
476,0,0.00042484514
477,0,0.00011535827
478,0,0.0005359547
479,0,-0.000272993
480,0,-8.6469576e-05
481,0,0.00047067925
482,0,0.00037917402
483,0,0.00014884863
484,0,0.0003423225
485,0,0.0005085366
486,0,0.00065604504
487,0,0.00054682326
488,0,0.0003960589
489,0,0.0001307251
490,0,0.0007152641
491,0,0.00064107217
492,0,0.0009713881
493,0,0.00058701914
494,0,1.5631318e-05
0,1,
1,1,0.00085793063
2,1,
3,1,0.00082738046
4,1,
5,1,0.00066039525
6,1,0.00020712055
7,1,
8,1,
9,1,
10,1,
11,1,
12,1,
13,1,
14,1,0.00020934641
15,1,0.00013958942
16,1,0.00053354073
17,1,0.0005004369
18,1,0.0006821947
19,1,0.00016923994
20,1,0.00021345261
21,1,0.00035788026
22,1,0.00050088577
23,1,0.0006445749
24,1,0.00037471205
25,1,0.00040346943
26,1,0.0002980018
27,1,0.0008129664
28,1,0.0002973918
29,1,0.00046634208
30,1,0.0005477639
31,1,0.00032319129
32,1,0.00046755187
33,1,0.00091970805
34,1,-7.451791e-05
35,1,0.0006488729
36,1,-6.3716434e-05
37,1,0.0004222002
38,1,-0.00015739817
39,1,0.00078032166
40,1,0.0001442898
41,1,0.00063972827
42,1,0.00015685521
43,1,0.00023662765
44,1,0.00020517968
45,1,0.0008896617
46,1,0.0005057417
47,1,0.00026261806
48,1,0.0006862376
49,1,0.00011756085
50,1,0.0006211018
51,1,0.0008600494
52,1,0.00044652727
53,1,0.0007226495
54,1,0.00029596407
55,1,0.0005297521
56,1,0.0004694499
57,1,0.00059024803
58,1,0.0006227512
59,1,0.00070893485
60,1,5.7577156e-05
61,1,0.00038650818
62,1,0.00034750253
63,1,0.00038258638
64,1,3.0260533e-05
65,1,0.00038664136
66,1,0.00038658828
67,1,0.0006016698
68,1,0.0006832741
69,1,0.0008129645
70,1,0.0007865466
71,1,0.0005583558
72,1,0.0006685797
73,1,0.00024766847
74,1,9.086076e-05
75,1,0.0007202728
76,1,9.427965e-05
77,1,0.00040378142
78,1,0.00033962447
79,1,0.00022846274
80,1,0.00062230695
81,1,0.00057606306
82,1,0.000458451
83,1,0.00071145315
84,1,8.875504e-07
85,1,0.0007340964
86,1,0.00054970477
87,1,0.00024133269
88,1,0.00091454946
89,1,0.00046801195
90,1,0.00015084073
91,1,0.00086575653
92,1,0.00094733667
93,1,0.0011073332
94,1,0.0008701058
95,1,0.00074906554
96,1,0.0003124047
97,1,0.00052037183
98,1,0.00059871655
99,1,0.00073358975
100,1,0.00010913331
101,1,0.0007822905
102,1,0.00080976076
103,1,0.00022513792
104,1,0.00034596305
105,1,0.0004208237
106,1,8.160621e-05
107,1,0.00054448936
108,1,0.00095190573
109,1,0.00047504064
110,1,0.00045245327
111,1,0.00038628373
112,1,0.00074935984
113,1,0.0008367337
114,1,0.0006999606
115,1,0.00039766636
116,1,0.0006915545
117,1,0.00085789803
118,1,0.0010653418
119,1,0.00028943643
120,1,0.0009246068
121,1,0.0009533819
122,1,0.00089351647
123,1,0.00074134674
124,1,0.00059681106
125,1,0.00029966515
126,1,0.0006235931
127,1,0.0006116573
128,1,0.00091145
129,1,0.0012525357
130,1,0.0010181889
131,1,0.00076202303
132,1,0.0007986631
133,1,-0.0002605915
134,1,0.0006398633
135,1,0.00051760953
136,1,0.00096048135
137,1,0.00013601873
138,1,0.000589787
139,1,
140,1,
141,1,
142,1,
143,1,
144,1,
145,1,
146,1,
147,1,
148,1,
149,1,
150,1,
151,1,-0.00028926786
152,1,
153,1,
154,1,0.0011200607
155,1,0.0009624027
156,1,0.0007276321
157,1,0.00057049654
158,1,
159,1,0.0007489044
160,1,0.00013553351
161,1,0.0009506624
162,1,0.00072201435
163,1,
164,1,0.00020798296
165,1,
166,1,
167,1,
168,1,
169,1,
170,1,
171,1,
172,1,
173,1,
174,1,
175,1,
176,1,
177,1,
178,1,
179,1,
180,1,0.000795315
181,1,
182,1,
183,1,0.00047537684
184,1,
185,1,
186,1,0.0004971549
187,1,0.00018251967
188,1,0.00073647685
189,1,0.00047352072
190,1,0.00043951813
191,1,0.0005652355
192,1,0.0005223965
193,1,0.00065014046
194,1,0.00069804396
195,1,0.0007589087
196,1,0.00057895854
197,1,0.0007088026
198,1,0.00071201846
199,1,0.00055390503
200,1,0.0009803157
201,1,0.0004344564
202,1,0.00079888944
203,1,1.6185455e-05
204,1,0.0005457569
205,1,0.0004209252
206,1,0.0009897109
207,1,-0.00010925811
208,1,0.0005023051
209,1,0.00097110774
210,1,0.00012490433
211,1,0.00068881735
212,1,0.00021190662
213,1,0.00083256327
214,1,0.00086188223
215,1,0.00040252227
216,1,8.754246e-05
217,1,0.000700986
218,1,0.00068825204
219,1,0.000655829
220,1,0.00020770729
221,1,0.0005259244
222,1,0.00036338344
223,1,0.0011549843
224,1,0.000674271
225,1,0.0010107402
226,1,0.00067512784
227,1,0.00050335564
228,1,0.00056033395
229,1,0.00046827178
230,1,0.00045919605
231,1,0.0005891267
232,1,0.0007926086
233,1,0.00070013106
234,1,0.00023066066
235,1,0.00073768664
236,1,0.0005102791
237,1,0.00021626335
238,1,0.0005055219
239,1,0.0004995046
240,1,0.00044237077
241,1,0.00045065768
242,1,0.00072557945
243,1,0.0010338603
244,1,0.0008481378
245,1,0.00073705334
246,1,0.0003377078
247,1,0.0006560916
248,1,0.00031250902
249,1,0.0007177722
250,1,0.0008962834
251,1,0.0003649909
252,1,0.00077945646
253,1,0.0010696733
254,1,0.0005527334
255,1,0.00032120384
256,1,0.00044174492
257,1,0.00095828157
258,1,0.00064371154
259,1,0.0010847207
260,1,0.00033244956
261,1,0.0008099517
262,1,0.00050057285
263,1,0.0006091222
264,1,0.0001915833
265,1,0.0010782117
266,1,0.00046566315
267,1,0.00041465182
268,1,0.00042515155
269,1,0.00010400545
270,1,0.00014835596
271,1,0.0010605399
272,1,0.00026145112
273,1,8.611381e-05
274,1,0.00012057088
275,1,0.000473734
276,1,0.00069846585
277,1,
278,1,0.0006005652
279,1,0.00069247
280,1,0.00034173485
281,1,0.00074055884
282,1,0.00037229806
283,1,0.0004398208
284,1,0.00028390344
285,1,0.0008335607
286,1,0.00072318036
287,1,0.00041548163
288,1,0.0005172333
289,1,0.000522824
290,1,0.00078999624
291,1,0.000827346
292,1,0.0005495362
293,1,0.00052323006
294,1,0.00039544795
295,1,0.0007222127
296,1,0.0004989961
297,1,0.0009643752
298,1,0.00036679674
299,1,0.0007119281
300,1,7.261615e-05
301,1,0.0011531888
302,1,0.0005772216
303,1,0.00045797322
304,1,0.00077094603
305,1,0.00073405355
306,1,0.00061994046
307,1,0.0002015233
308,1,0.00096851215
309,1,0.0003786143
310,1,0.0004903432
311,1,
312,1,
313,1,
314,1,
315,1,
316,1,
317,1,
318,1,
319,1,
320,1,
321,1,
322,1,
323,1,
324,1,
325,1,
326,1,
327,1,
328,1,
329,1,
330,1,
331,1,
332,1,
333,1,
334,1,
335,1,
336,1,0.00078065414
337,1,
338,1,
339,1,0.0011461051
340,1,
341,1,
342,1,
343,1,
344,1,
345,1,
346,1,0.0005692132
347,1,0.00033354294
348,1,0.0005207006
349,1,0.000497208
350,1,0.000978319
351,1,0.0008020578
352,1,-0.00013577286
353,1,0.00048703607
354,1,0.0006958293
355,1,0.00047429185
356,1,0.00064386334
357,1,0.0005101999
358,1,0.00058175344
359,1,0.00044125319
360,1,0.00043945387
361,1,0.0004991973
362,1,0.0007146336
363,1,0.00037606992
364,1,0.00062557776
365,1,0.0004423987
366,1,0.0007775817
367,1,0.00051686727
368,1,0.0004192423
369,1,0.0009099562
370,1,0.0005353913
371,1,0.0006309012
372,1,0.00031906553
373,1,0.000120065175
374,1,0.00051720906
375,1,0.00058197044
376,1,0.00041536707
377,1,0.0006324686
378,1,0.00061278045
379,1,0.00021238346
380,1,0.00025380217
381,1,0.00051370263
382,1,0.00072577596
383,1,0.00073028915
384,1,0.00032413471
385,1,0.00085475855
386,1,0.00044701528
387,1,0.00052349456
388,1,0.0004729852
389,1,0.0005812254
390,1,0.00045434944
391,1,0.0005495511
392,1,0.0006738743
393,1,0.00033575762
394,1,0.0003240062
395,1,0.00057851616
396,1,0.00046018139
397,1,0.0007519359
398,1,0.00086744316
399,1,0.00044587255
400,1,0.00053508766
401,1,0.00027901772
402,1,0.0007024361
403,1,0.0007846672
404,1,0.0006956551
405,1,0.0004800791
406,1,0.00027001556
407,1,0.0005791839
408,1,0.00076664146
409,1,0.00043427292
410,1,0.00022788346
411,1,0.00044764392
412,1,0.00062302966
413,1,0.00093494635
414,1,0.00088259764
415,1,0.00055844523
416,1,0.00037182402
417,1,0.00078363717
418,1,0.0002141539
419,1,0.00063410867
420,1,0.00036536343
421,1,0.0008621244
422,1,0.0007672794
423,1,0.00046736374
424,1,0.0007651858
425,1,-0.00019490346
426,1,0.000834452
427,1,0.00054199994
428,1,0.00056586973
429,1,0.0005822554
430,1,0.0009016935
431,1,0.00034841243
432,1,0.0006890474
433,1,0.00049176347
434,1,0.0012641065
435,1,0.00018311664
436,1,5.68768e-05
437,1,0.0009036679
438,1,0.00036697928
439,1,0.0010738168
440,1,0.00044826884
441,1,0.00023993291
442,1,0.00019853469
443,1,0.0007346263
444,1,0.00037397165
445,1,0.0003235098
446,1,0.0001585139
447,1,0.00052439515
448,1,0.0006656926
449,1,0.00059683435
450,1,0.00036680233
451,1,0.00075618457
452,1,0.00045731757
453,1,0.00039302465
454,1,0.00015994906
455,1,0.0005841013
456,1,0.00037880987
457,1,-3.6656857e-06
458,1,0.00036556646
459,1,0.0008431524
460,1,0.00048053917
461,1,0.00057865307
462,1,0.0007193228
463,1,0.00071942154
464,1,0.00032370538
465,1,0.0007053055
466,1,0.00027076714
467,1,0.0006539747
468,1,9.752903e-05
469,1,0.0006988654
470,1,0.0007277569
471,1,0.0013380684
472,1,0.0009424919
473,1,0.0008569695
474,1,0.0004149666
475,1,0.0006116098
476,1,0.0012358353
477,1,0.00074699055
478,1,0.0002823947
479,1,0.0007498544
480,1,0.0007455563
481,1,0.0002932921
482,1,-8.381531e-05
483,1,0.0007422166
484,1,0.0005199602
485,1,0.0008239718
486,1,0.000580783
487,1,0.00063006394
488,1,0.00034995377
489,1,0.00036108028
490,1,0.00082824845
491,1,0.0009749625
492,1,0.00010866206
493,1,0.00069776643
494,1,0.00070988573
0,2,
1,2,0.00031796657
2,2,0.0003211163
3,2,0.0009272564
4,2,0.0007633008
5,2,
6,2,
7,2,
8,2,
9,2,
10,2,0.00056113116
11,2,
12,2,0.00060490053
13,2,
14,2,0.0007918449
15,2,0.0005621128
16,2,0.0005959589
17,2,0.00023947004
18,2,0.0005240962
19,2,0.0008156914
20,2,0.0007598959
21,2,0.00042768568
22,2,0.00021143537
23,2,0.0003210362
24,2,0.0008545127
25,2,0.00021119975
26,2,0.00045330822
27,2,0.000824607
28,2,0.001201395
29,2,0.00073188357
30,2,0.0009859679
31,2,0.00020920392
32,2,0.00029902253
33,2,0.00069492124
34,2,0.0006493768
35,2,0.0007107891
36,2,0.00084454473
37,2,0.00062029436
38,2,0.0007803971
39,2,-0.00031456444
40,2,5.830638e-05
41,2,0.0010123849
42,2,4.4057146e-05
43,2,0.00040975586
44,2,0.0005643666
45,2,0.00036751758
46,2,0.0006356416
47,2,0.00014170725
48,2,0.00045049656
49,2,-1.0206364e-05
50,2,8.769147e-05
51,2,0.00012563914
52,2,0.0004451815
53,2,0.00022368133
54,2,0.0001928052
55,2,0.00061184727
56,2,0.000632802
57,2,0.000306244
58,2,0.0005561635
59,2,0.0005801348
60,2,0.00083621126
61,2,0.00046561565
62,2,0.0005716076
63,2,0.0007536113
64,2,0.00035967492
65,2,0.0004944829
66,2,0.000741045
67,2,0.0005167471
68,2,0.0006273631
69,2,0.00067512784
70,2,0.00073738955
71,2,0.00028870627
72,2,0.00049220864
73,2,0.0004929267
74,2,0.0003766073
75,2,0.0007104799
76,2,0.0004645409
77,2,-3.5894103e-05
78,2,0.00018950179
79,2,0.00087196566
80,2,0.00077437144
81,2,0.000613844
82,2,0.0008927742
83,2,0.00069986004
84,2,-3.7591904e-05
85,2,0.0003136741
86,2,0.0006470559
87,2,0.0005857665
88,2,-0.00023639482
89,2,0.00034761336
90,2,0.00036256947
91,2,0.0005330434
92,2,0.00048668683
93,2,0.00045262184
94,2,0.0015435508
95,2,0.0006101504
96,2,0.00041982718
97,2,0.0009420598
98,2,0.00083875284
99,2,0.0006044125
100,2,0.00053372234
101,2,0.00041688513
102,2,0.00019374955
103,2,0.0002551796
104,2,0.0006277161
105,2,0.00083505455
106,2,0.00025493838
107,2,-0.00016225968
108,2,0.00093041826
109,2,0.00095553044
110,2,0.0010054698
111,2,0.00073195994
112,2,0.00063525233
113,2,0.00051389355
114,2,0.00039292313
115,2,0.00073664635
116,2,0.0008872058
117,2,0.0005915649
118,2,0.0011415789
119,2,0.0010038866
120,2,0.00078600645
121,2,0.0006411327
122,2,0.0005645612
123,2,0.00033437088
124,2,0.0006978465
125,2,0.0009975089
126,2,0.00037111994
127,2,0.000902649
128,2,0.0008103736
129,2,0.0007781554
130,2,0.0007587699
131,2,0.0005638683
132,2,0.000490753
133,2,0.000108657405
134,2,0.0007945355
135,2,0.0005002143
136,2,0.00058455765
137,2,
138,2,
139,2,
140,2,
141,2,
142,2,
143,2,
144,2,
145,2,
146,2,
147,2,
148,2,
149,2,
150,2,
151,2,
152,2,
153,2,
154,2,0.000472337
155,2,
156,2,0.0007522963
157,2,0.00052393135
158,2,
159,2,
160,2,
161,2,0.00038887095
162,2,
163,2,0.0006009117
164,2,
165,2,
166,2,
167,2,
168,2,
169,2,
170,2,
171,2,
172,2,
173,2,
174,2,
175,2,
176,2,
177,2,
178,2,
179,2,
180,2,
181,2,0.00079479814
182,2,
183,2,0.0005102549
184,2,0.00016454794
185,2,
186,2,
187,2,0.00045903772
188,2,-0.00013955683
189,2,-1.528021e-05
190,2,0.0004091859
191,2,0.0006110687
192,2,0.00055250153
193,2,0.0007287655
194,2,0.0010683574
195,2,0.0002681166
196,2,0.0006664675
197,2,0.0003992878
198,2,-9.207707e-05
199,2,0.00036436226
200,2,0.00048507005
201,2,0.00046778284
202,2,0.00011494849
203,2,0.00042027887
204,2,0.0008522542
205,2,0.0007461328
206,2,0.0004063584
207,2,0.0004284354
208,2,0.0007191347
209,2,-0.00018461514
210,2,0.0005405238
211,2,0.0006184252
212,2,0.00039724912
213,2,0.00070551503
214,2,0.00016668532
215,2,0.00026117358
216,2,0.0008971924
217,2,0.0003049709
218,2,0.00031441264
219,2,0.00024735928
220,2,0.0009440379
221,2,0.0002910113
222,2,0.00067733787
223,2,0.00043968018
224,2,0.00030192267
225,2,0.00052366965
226,2,0.00038942136
227,2,0.0004511904
228,2,0.00030139182
229,2,0.00042985752
230,2,0.00070639513
231,2,0.0004048096
232,2,0.00016420241
233,2,0.00054970756
234,2,0.00056928303
235,2,0.0008443706
236,2,9.9559315e-05
237,2,0.00029889215
238,2,0.00031842757
239,2,0.00047207158
240,2,0.00051561557
241,2,0.0006974898
242,2,0.0005083531
243,2,0.0005545905
244,2,0.0005563069
245,2,0.00044869445
246,2,0.0005094232
247,2,0.00098114
248,2,0.0005406514
249,2,0.00047654193
250,2,0.00044743717
251,2,0.00026520435
252,2,0.000664657
253,2,0.000526106
254,2,0.00075078104
255,2,0.0005282797
256,2,0.0001968788
257,2,0.00044333283
258,2,0.00033414084
259,2,0.00091161765
260,2,0.00036060903
261,2,0.00037154928
262,2,0.00044397078
263,2,0.00046233647
264,2,0.00040457305
265,2,0.000364393
266,2,0.0002577342
267,2,-5.7219528e-05
268,2,0.0005451003
269,2,1.3206154e-05
270,2,0.00078040827
271,2,0.000468825
272,2,0.00038987678
273,2,0.000719198
274,2,0.00029684138
275,2,5.87767e-05
276,2,-0.0003454471
277,2,0.00030588266
278,2,0.00060035475
279,2,0.00084913336
280,2,0.00024233107
281,2,0.00084428024
282,2,0.00084656104
283,2,0.00031780452
284,2,0.001216175
285,2,0.0009763753
286,2,0.0005854862
287,2,0.0005920753
288,2,0.0007400485
289,2,0.0004905872
290,2,0.00072522927
291,2,0.0008088015
292,2,0.0002081003
293,2,0.00069046766
294,2,0.0012490749
295,2,0.00057734735
296,2,0.0007138243
297,2,0.0010712445
298,2,0.00037975982
299,2,0.00081547815
300,2,0.00017465279
301,2,0.00097221043
302,2,
303,2,
304,2,0.0007941015
305,2,0.00032371748
306,2,0.00023108907
307,2,0.00084413495
308,2,0.00074583665
309,2,0.00048451964
310,2,
311,2,0.00023897924
312,2,
313,2,
314,2,
315,2,
316,2,
317,2,
318,2,
319,2,
320,2,
321,2,
322,2,
323,2,
324,2,
325,2,
326,2,
327,2,
328,2,
329,2,
330,2,
331,2,
332,2,
333,2,
334,2,
335,2,
336,2,
337,2,
338,2,
339,2,
340,2,
341,2,
342,2,
343,2,
344,2,
345,2,
346,2,
347,2,0.00021715462
348,2,0.00016087573
349,2,-4.7456473e-05
350,2,0.0003241282
351,2,0.0004105335
352,2,0.0006503463
353,2,0.0005113259
354,2,0.0006489903
355,2,0.0010492057
356,2,0.0006717732
357,2,0.0003256211
358,2,0.00036580954
359,2,0.0009318646
360,2,0.00066216104
361,2,0.0008537695
362,2,0.0006616628
363,2,0.00089549273
364,2,0.00091681443
365,2,0.0006151609
366,2,0.00066456944
367,2,0.0004789885
368,2,0.0008232482
369,2,0.000460634
370,2,0.00078008045
371,2,0.000118198805
372,2,0.0006623911
373,2,0.0008952776
374,2,0.0005697403
375,2,0.0001373021
376,2,0.00022925809
377,2,0.0006724447
378,2,0.0005955985
379,2,0.0005818475
380,2,0.00066765863
381,2,0.00018847082
382,2,0.00054476317
383,2,0.00078485906
384,2,0.00026959367
385,2,0.0006247703
386,2,0.00073790364
387,2,0.0005345214
388,2,0.00020145159
389,2,0.0008952664
390,2,0.0006771879
391,2,0.0005073538
392,2,0.00061981194
393,2,0.00095167756
394,2,0.0005551316
395,2,0.0010532206
396,2,0.0007109009
397,2,0.00031178072
398,2,0.00028404035
399,2,0.00051568914
400,2,0.0006169062
401,2,0.00041701552
402,2,0.00086749624
403,2,0.00083382614
404,2,0.0006374875
405,2,0.00076925755
406,2,0.0007427549
407,2,0.0007397989
408,2,0.0006457204
409,2,0.00044599455
410,2,0.00014290679
411,2,0.00023918226
412,2,0.00060958136
413,2,0.0010897117
414,2,0.00028060284
415,2,0.00051604304
416,2,-0.00017169677
417,2,0.00068273954
418,2,0.00017783791
419,2,0.00017913245
420,2,0.00049619935
421,2,0.0007320335
422,2,0.00028675795
423,2,-0.0001741536
424,2,0.00047209114
425,2,-0.0003828751
426,2,0.00021220837
427,2,0.00029046182
428,2,0.0008471068
429,2,0.0009694807
430,2,0.0002557002
431,2,0.00031915214
432,2,0.00063299946
433,2,0.00038204435
434,2,-0.00040588249
435,2,0.0009386642
436,2,0.00081111584
437,2,0.00073479675
438,2,0.0004822919
439,2,0.00025617983
440,2,0.00048573595
441,2,-0.0002526138
442,2,0.0001300564
443,2,0.00031005405
444,2,0.0005635433
445,2,0.00070812553
446,2,0.00028376747
447,2,0.0004667295
448,2,0.0005897097
449,2,0.00031792745
450,2,0.0002712775
451,2,0.00033746473
452,2,-2.0537525e-05
453,2,0.00051171053
454,2,0.0009117536
455,2,0.0008897409
456,2,0.00071516074
457,2,0.00024266634
458,2,0.0003907159
459,2,0.00038766488
460,2,0.0006958591
461,2,0.00021553412
462,2,0.00018688012
463,2,0.0006613359
464,2,0.00020763092
465,2,0.0005221795
466,2,0.0010177335
467,2,-5.268026e-05
468,2,0.000532547
469,2,0.00094224326
470,2,0.0005811043
471,2,-3.5238452e-05
472,2,0.0008777166
473,2,0.00048968755
474,2,0.0006246874
475,2,0.00049566757
476,2,0.0004208479
477,2,5.7606027e-05
478,2,0.0006815214
479,2,0.0009011384
480,2,0.00062043034
481,2,0.0002927445
482,2,0.00083685294
483,2,5.5147335e-05
484,2,0.00062948745
485,2,0.0007166872
486,2,0.00047080964
487,2,0.00092405267
488,2,0.0003765542
489,2,0.00025977287
490,2,0.0003828453
491,2,0.0006640712
492,2,0.0005571358
493,2,0.0004749596
494,2,0.0004571369
0,3,0.0006342307
1,3,
2,3,
3,3,0.00087308604
4,3,0.0005373107
5,3,
6,3,0.00034871697
7,3,
8,3,
9,3,
10,3,
11,3,
12,3,
13,3,
14,3,0.0007620808
15,3,-3.3902936e-05
16,3,0.0008257739
17,3,0.0009225495
18,3,0.0006883824
19,3,0.0006265817
20,3,0.0002019126
21,3,0.0006325003
22,3,0.000329189
23,3,0.00027832482
24,3,0.0007043071
25,3,0.0008487245
26,3,0.00056172535
27,3,3.4316443e-05
28,3,0.00023941416
29,3,0.0004251888
30,3,0.000473666
31,3,0.00039499998
32,3,0.00071607623
33,3,-0.00013818685
34,3,2.7017668e-06
35,3,0.0002720179
36,3,0.00042825285
37,3,4.0365383e-05
38,3,0.0006449651
39,3,0.00028034486
40,3,-0.00013740826
41,3,0.000779815
42,3,-2.206117e-05
43,3,0.000691629
44,3,0.0007644743
45,3,0.00052375905
46,3,0.00022618473
47,3,0.00021903869
48,3,0.0006348351
49,3,0.0007894803
50,3,0.00042122323
51,3,0.00051180087
52,3,0.00079098344
53,3,0.0005072579
54,3,0.0006380435
55,3,0.00012290105
56,3,0.0007631574
57,3,0.00037921406
58,3,0.0005017668
59,3,0.0010407716
60,3,0.00035496615
61,3,0.00051770546
62,3,0.0005750917
63,3,0.00083854795
64,3,0.0008905465
65,3,6.164331e-05
66,3,0.00075880624
67,3,0.00093512423
68,3,1.2261793e-05
69,3,8.185487e-05
70,3,0.00056513026
71,3,0.0007342575
72,3,0.00091242045
73,3,0.00010374561
74,3,0.00036433712
75,3,0.000514308
76,3,0.00045235083
77,3,0.000743323
78,3,0.00045095943
79,3,0.0004926324
80,3,0.00060792454
81,3,0.0007381486
82,3,6.0029328e-05
83,3,0.0007041553
84,3,0.00035810936
85,3,0.0003653271
86,3,0.0003061276
87,3,0.0006210832
88,3,0.00050484855
89,3,0.00068455096
90,3,0.00050295424
91,3,0.00038591214
92,3,0.0006491123
93,3,0.0005869726
94,3,0.0003299741
95,3,0.0010110326
96,3,0.00092329085
97,3,0.0006995406
98,3,0.00019957125
99,3,0.00027384888
100,3,0.00042943936
101,3,0.0009024618
102,3,0.00021789037
103,3,0.0011393661
104,3,0.00048884656
105,3,0.000902568
106,3,0.0010908637
107,3,0.0005353056
108,3,0.0006465493
109,3,0.0008544512
110,3,0.0004816968
111,3,0.0011265744
112,3,0.00071028806
113,3,0.000779707
114,3,0.00073648803
115,3,0.00078337453
116,3,0.0011417167
117,3,0.00082047377
118,3,0.0008553071
119,3,0.00088934693
120,3,0.00078446977
121,3,0.00051139295
122,3,0.0009435266
123,3,0.0009025531
124,3,0.0008975947
125,3,0.00096713565
126,3,0.0005552396
127,3,0.0012489948
128,3,0.000724379
129,3,0.0005414011
130,3,0.0009594131
131,3,0.0007653767
132,3,0.0004296722
133,3,6.120745e-05
134,3,0.0003736019
135,3,0.0007399805
136,3,0.0002697548
137,3,0.00062500965
138,3,0.0007437384
139,3,
140,3,
141,3,
142,3,
143,3,0.00044052117
144,3,
145,3,
146,3,
147,3,
148,3,
149,3,
150,3,
151,3,
152,3,
153,3,
154,3,0.00082171056
155,3,
156,3,
157,3,
158,3,0.0007087402
159,3,
160,3,
161,3,
162,3,0.0008775452
163,3,
164,3,
165,3,
166,3,
167,3,
168,3,
169,3,
170,3,
171,3,
172,3,
173,3,
174,3,
175,3,
176,3,
177,3,
178,3,
179,3,0.00015462562
180,3,2.3905188e-05
181,3,0.0007529296
182,3,0.00060334336
183,3,0.0003770031
184,3,0.0002926197
185,3,0.00031735562
186,3,0.00040946342
187,3,0.0007661553
188,3,0.0004901951
189,3,
190,3,0.0007428685
191,3,0.00073022395
192,3,0.00046813767
193,3,0.00041105505
194,3,0.00062799547
195,3,0.0007573273
196,3,-0.00020570774
197,3,0.00070157927
198,3,6.28205e-05
199,3,0.00054278225
200,3,0.000659273
201,3,0.00013852026
202,3,0.0003076112
203,3,0.00069839694
204,3,8.5897744e-05
205,3,-0.0001765117
206,3,0.0008318899
207,3,6.6209584e-05
208,3,9.581167e-05
209,3,8.6328946e-05
210,3,0.0006823167
211,3,0.00052252505
212,3,0.00066645164
213,3,0.00056743715
214,3,0.0006187605
215,3,0.00041981414
216,3,0.00045009702
217,3,0.0001482619
218,3,0.00034804456
219,3,0.00032612123
220,3,0.00046270527
221,3,-0.00019570626
222,3,0.00015203934
223,3,0.0003248239
224,3,-0.0001486186
225,3,1.6409904e-05
226,3,0.00041103456
227,3,0.00036311056
228,3,0.00033211987
229,3,0.00033097714
230,3,0.00021071453
231,3,0.00028275792
232,3,0.0005947817
233,3,0.0003942931
234,3,0.00064917654
235,3,0.0007359637
236,3,0.0005252557
237,3,0.000474127
238,3,0.00058097206
239,3,0.0005844012
240,3,0.00068104547
241,3,0.00044875033
242,3,0.0008836528
243,3,0.0009704763
244,3,0.00027480163
245,3,0.00085085817
246,3,0.0005036993
247,3,0.0009200694
248,3,0.00053862203
249,3,0.00059142336
250,3,0.00065901317
251,3,0.00064160675
252,3,0.00051012915
253,3,0.00042805262
254,3,0.0003862083
255,3,0.00023796782
256,3,0.0006987611
257,3,0.00041098706
258,3,0.00085560046
259,3,0.0005135387
260,3,0.00034724735
261,3,0.00035053864
262,3,0.00073386636
263,3,0.00036430266
264,3,0.0003523538
265,3,0.00020296033
266,3,0.000699101
267,3,0.0013687387
268,3,0.00054178573
269,3,0.00073654484
270,3,0.00028115045
271,3,0.00073114596
272,3,0.00031430647
273,3,0.0009187395
274,3,0.0001861183
275,3,0.000302352
276,3,0.00091717485
277,3,0.0007502893
278,3,0.00022337679
279,3,0.00087705534
280,3,0.0009109257
281,3,0.0007958403
282,3,0.0006051846
283,3,0.00056480616
284,3,0.0007551871
285,3,0.00054258015
286,3,0.0009907093
287,3,0.00063669216
288,3,0.0005979724
289,3,0.0003559636
290,3,0.0004116157
291,3,0.00031435117
292,3,0.00065166317
293,3,0.0005770009
294,3,0.00049584545
295,3,0.00046528876
296,3,0.0005099559
297,3,0.00060597435
298,3,0.0010422338
299,3,0.00026095752
300,3,0.0007252861
301,3,0.0008055512
302,3,0.0007756455
303,3,-0.00016860664
304,3,0.00026277453
305,3,0.00027681235
306,3,0.0007912917
307,3,0.00030097365
308,3,0.0003866013
309,3,
310,3,
311,3,
312,3,
313,3,
314,3,
315,3,
316,3,
317,3,
318,3,
319,3,
320,3,0.00075793173
321,3,
322,3,
323,3,
324,3,
325,3,
326,3,
327,3,
328,3,-0.00020431355
329,3,
330,3,
331,3,
332,3,
333,3,
334,3,
335,3,3.107451e-05
336,3,
337,3,
338,3,
339,3,
340,3,
341,3,
342,3,0.0007724967
343,3,
344,3,3.176648e-05
345,3,0.00017131958
346,3,0.0005726144
347,3,
348,3,0.0005723182
349,3,0.00025970954
350,3,0.0005322974
351,3,0.000603484
352,3,0.00043608248
353,3,0.00066012517
354,3,0.00042464118
355,3,0.00045951735
356,3,-3.0605122e-05
357,3,0.00030770618
358,3,0.000690205
359,3,0.00055500213
360,3,0.0011582049
361,3,0.0007272456
362,3,0.00057737157
363,3,0.00015128497
364,3,0.0006685667
365,3,0.00047614612
366,3,0.00062192604
367,3,0.00076385867
368,3,0.00066226535
369,3,0.0005905954
370,3,0.00046526827
371,3,0.00027488358
372,3,0.00022181589
373,3,0.0005470002
374,3,4.5366585e-05
375,3,0.00057922024
376,3,0.0004934063
377,3,0.0005040206
378,3,0.00041590445
379,3,0.0003577508
380,3,0.00053754915
381,3,0.00084599387
382,3,0.00044442993
383,3,0.0005986728
384,3,0.0006530713
385,3,0.00072241854
386,3,0.0005791625
387,3,0.0006085746
388,3,0.00048768427
389,3,0.0006717481
390,3,0.00014289655
391,3,0.00033825543
392,3,0.00041461736
393,3,0.0004051905
394,3,0.00077057723
395,3,0.00047297683
396,3,0.00042336714
397,3,0.0006772103
398,3,0.00081621297
399,3,0.00043578073
400,3,0.0003897231
401,3,0.00035222434
402,3,0.0008234903
403,3,0.0005100891
404,3,0.00043082237
405,3,0.00048717298
406,3,0.0004231548
407,3,0.0008216463
408,3,0.00035112165
409,3,0.0010085627
410,3,0.0007137535
411,3,0.0005729683
412,3,0.00037724245
413,3,0.00062953494
414,3,0.00078317244
415,3,0.00094207376
416,3,0.00035879575
417,3,0.000414595
418,3,0.00065165013
419,3,0.00028470438
420,3,0.0005748151
421,3,0.00068753026
422,3,0.00041689724
423,3,0.00051525235
424,3,2.1873973e-05
425,3,0.0005102912
426,3,0.0005094586
427,3,0.000542094
428,3,0.00083933584
429,3,-0.00021851994
430,3,0.00046588574
431,3,0.00024274737
432,3,0.00034190994
433,3,0.00031336863
434,3,0.00041133258
435,3,0.0007644901
436,3,0.0008567609
437,3,0.00075603183
438,3,0.00041789282
439,3,0.0005706828
440,3,-0.00022385642
441,3,0.0003344994
442,3,0.00011574011
443,3,0.00044559874
444,3,0.00067550037
445,3,0.00054776575
446,3,0.00037389062
447,3,0.00026200432
448,3,0.00095268525
449,3,0.0007311329
450,3,0.00041253772
451,3,0.00025890674
452,3,0.00094320625
453,3,0.00012217183
454,3,0.00097219367
455,3,0.00017545559
456,3,1.5183352e-05
457,3,0.00059437193
458,3,0.0011888482
459,3,0.0002610702
460,3,0.00044289418
461,3,0.00030975044
462,3,0.0003655199
463,3,0.0006956011
464,3,0.00071376096
465,3,0.000444063
466,3,0.0005725669
467,3,0.0005735727
468,3,0.00048542675
469,3,0.00060730055
470,3,0.00050716195
471,3,0.0001333449
472,3,0.00032918528
473,3,0.00019480102
474,3,-0.00010261126
475,3,0.00094419904
476,3,0.000108234584
477,3,0.0009055687
478,3,0.00015135203
479,3,0.00029165298
480,3,0.000999162
481,3,0.00052606035
482,3,0.0003957441
483,3,0.0009247996
484,3,0.00033984147
485,3,0.0007119868
486,3,0.000706587
487,3,0.0003480194
488,3,0.0006710999
489,3,0.00047275983
490,3,0.000939914
491,3,0.00043957587
492,3,0.00042982772
493,3,0.000864164
494,3,0.0007986566
0,4,0.000533971
1,4,0.00018379744
2,4,0.00047493726
3,4,
4,4,
5,4,
6,4,
7,4,
8,4,-0.00027032103
9,4,
10,4,
11,4,
12,4,
13,4,
14,4,0.000557445
15,4,0.00101957
16,4,0.00018942915
17,4,0.0002787318
18,4,0.00048800278
19,4,0.00092646945
20,4,7.141568e-05
21,4,0.00032198522
22,4,0.0003258232
23,4,0.00044582319
24,4,0.0005815998
25,4,0.00040882826
26,4,0.0005493155
27,4,0.00022852328
28,4,0.00020758901
29,4,0.0004657181
30,4,0.0007951604
31,4,4.370697e-06
32,4,5.555991e-05
33,4,0.00013327878
34,4,0.00035937317
35,4,0.00080052763
36,4,0.00017746352
37,4,0.00014805514
38,4,0.0006610267
39,4,0.00014039315
40,4,0.0004549902
41,4,0.00043944176
42,4,0.0001624329
43,4,0.00057831407
44,4,0.0009890888
45,4,0.0011801794
46,4,0.00070127007
47,4,0.00022386666
48,4,0.000708119
49,4,0.00045486726
50,4,0.00035878085
51,4,0.0006382568
52,4,0.00016283803
53,4,0.0007547848
54,4,0.00055774115
55,4,0.00019821245
56,4,0.0009770002
57,4,0.00016407575
58,4,0.0005271891
59,4,0.0005311137
60,4,0.00072595663
61,4,0.00049093366
62,4,0.0006592199
63,4,0.0011283495
64,4,0.00066920463
65,4,0.00027089007
66,4,2.5633723e-05
67,4,0.0007861657
68,4,0.0003373837
69,4,0.0001998404
70,4,0.00067687314
71,4,0.00055394694
72,4,0.00030185282
73,4,0.0007481277
74,4,0.0002129171
75,4,0.0005435366
76,4,5.0852075e-05
77,4,0.00039723143
78,4,0.0005847877
79,4,0.00045909453
80,4,0.000555777
81,4,0.00022050086
82,4,0.00078174565
83,4,0.00080267247
84,4,0.00075310096
85,4,0.0011370042
86,4,0.0013360437
87,4,0.000472093
88,4,0.0002753809
89,4,6.1211176e-05
90,4,0.0003726473
91,4,0.00082790013
92,4,0.00093227345
93,4,0.00012447685
94,4,0.0013082568
95,4,0.00015251245
96,4,0.00048002135
97,4,0.0010808809
98,4,0.00074292533
99,4,0.00034253486
100,4,0.00059261266
101,4,0.00061646383
102,4,0.0007906314
103,4,0.00078425277
104,4,0.0005474463
105,4,0.00034699403
106,4,-7.487554e-05
107,4,0.0012379875
108,4,0.00057813525
109,4,0.00047057774
110,4,0.0007955814
111,4,0.0005520312
112,4,0.0005175518
113,4,0.00079508685
114,4,0.00091170333
115,4,0.0006079301
116,4,0.0003797002
117,4,0.0009549204
118,4,0.00092004705
119,4,0.00086981524
120,4,0.00082531944
121,4,0.00094005
122,4,0.00035425462
123,4,0.00079205167
124,4,0.0005790321
125,4,0.0010341387
126,4,0.0010343418
127,4,0.00089753326
128,4,0.0010910248
129,4,0.0009932322
130,4,0.0004207613
131,4,0.00070654135
132,4,2.7324073e-05
133,4,9.95677e-05
134,4,-0.0001805434
135,4,0.00014467258
136,4,0.00045989454
137,4,
138,4,
139,4,0.0013155928
140,4,0.00044632517
141,4,0.00023558829
142,4,0.0013390491
143,4,
144,4,0.00023338571
145,4,0.00015311409
146,4,
147,4,
148,4,
149,4,
150,4,
151,4,
152,4,
153,4,
154,4,
155,4,
156,4,0.0012835879
157,4,
158,4,
159,4,
160,4,0.0007209806
161,4,
162,4,0.00012125354
163,4,
164,4,
165,4,
166,4,
167,4,
168,4,
169,4,
170,4,
171,4,
172,4,
173,4,
174,4,
175,4,
176,4,
177,4,0.00022958964
178,4,
179,4,0.00095615815
180,4,0.0010459032
181,4,0.00055385195
182,4,0.00062574353
183,4,0.0003435742
184,4,0.00018087216
185,4,0.00026064273
186,4,0.00041004736
187,4,0.00094031636
188,4,0.00050275587
189,4,0.0010629985
190,4,9.7115524e-05
191,4,0.000701746
192,4,0.0005680695
193,4,0.0009166505
194,4,0.00017804746
195,4,0.0007396359
196,4,0.0008772779
197,4,0.00054579414
198,4,0.00049013924
199,4,0.00057822466
200,4,0.00041667838
201,4,-0.00017992873
202,4,0.00048751757
203,4,0.0010797335
204,4,0.00043478422
205,4,0.00025062263
206,4,0.0004103016
207,4,4.1282736e-05
208,4,0.0004338324
209,4,0.0003752038
210,4,-1.50837e-05
211,4,0.0006846711
212,4,0.00048197526
213,4,0.00039143674
214,4,0.00010798965
215,4,0.00041404925
216,4,0.0006909128
217,4,0.00044008158
218,4,0.0003228616
219,4,0.0005347803
220,4,0.0007014321
221,4,0.00056834146
222,4,0.0004822733
223,4,0.0004994124
224,4,0.0002230024
225,4,0.00032587722
226,4,0.00088428985
227,4,0.0006999718
228,4,0.0006878199
229,4,0.0008587884
230,4,0.00090579037
231,4,0.00083696283
232,4,0.001481099
233,4,0.00035837106
234,4,0.00063063484
235,4,0.0002424568
236,4,0.0007169144
237,4,0.00059715007
238,4,0.0008340776
239,4,0.00044340454
240,4,0.00032718573
241,4,0.0007470213
242,4,0.0008291742
243,4,0.000614495
244,4,0.0013421532
245,4,0.0007109195
246,4,0.00041140895
247,4,0.00086249784
248,4,0.0007785037
249,4,0.00082481746
250,4,0.00048374105
251,4,0.00064490456
252,4,0.00086212344
253,4,0.00041265693
254,4,0.0007832758
255,4,0.0003247019
256,4,0.00072861556
257,4,-7.384457e-05
258,4,0.00081342924
259,4,0.00059130974
260,4,0.0009853812
261,4,0.0004547108
262,4,0.00040476583
263,4,0.0003495738
264,4,0.00081785023
265,4,0.00053289346
266,4,0.0003170995
267,4,0.0001947917
268,4,0.00061732996
269,4,0.00045293942
270,4,0.00065470673
271,4,0.00046780985
272,4,0.00020867307
273,4,0.00057179667
274,4,5.6675635e-05
275,4,0.00013850909
276,4,0.0004409235
277,4,-0.000113396905
278,4,0.0013426961
279,4,0.00011326559
280,4,0.0003175158
281,4,-0.00018248893
282,4,0.00011641998
283,4,0.0008067908
284,4,0.0008116206
285,4,0.00065889023
286,4,0.00038703345
287,4,0.0006908681
288,4,0.00040985923
289,4,0.00015405379
290,4,0.0010035271
291,4,0.0005682269
292,4,0.000689771
293,4,0.00077581126
294,4,0.0009074779
295,4,0.0004023956
296,4,0.00053858384
297,4,0.0005900655
298,4,0.0011393502
299,4,0.0009974586
300,4,0.00035807397
301,4,0.00085161906
302,4,6.4319e-05
303,4,0.00043097977
304,4,0.00018737279
305,4,0.0007120026
306,4,0.0002086889
307,4,0.00027801841
308,4,0.0006312737
309,4,
310,4,
311,4,0.00069050025
312,4,
313,4,
314,4,
315,4,
316,4,
317,4,
318,4,
319,4,
320,4,
321,4,
322,4,
323,4,
324,4,
325,4,
326,4,
327,4,
328,4,
329,4,
330,4,0.0010126559
331,4,
332,4,
333,4,
334,4,
335,4,
336,4,
337,4,
338,4,
339,4,
340,4,
341,4,
342,4,0.0003856439
343,4,
344,4,-0.00029019918
345,4,0.0012488328
346,4,0.00075659994
347,4,8.707959e-05
348,4,
349,4,
350,4,0.0004602382
351,4,0.00044038426
352,4,0.00040063262
353,4,0.00065126363
354,4,0.00043529365
355,4,0.0004442688
356,4,-2.2916123e-05
357,4,0.00038760062
358,4,0.00065456517
359,4,0.0010096952
360,4,0.0008317679
361,4,0.0006015999
362,4,0.00075152423
363,4,0.00016841106
364,4,0.0008038068
365,4,0.0006731851
366,4,0.00041032955
367,4,0.00078637525
368,4,0.00045606773
369,4,0.0008731112
370,4,0.00057020504
371,4,0.00042613782
372,4,0.0006630551
373,4,0.00070919655
374,4,0.000118386
375,4,0.0005361689
376,4,0.0006202264
377,4,0.00046838913
378,4,0.00041046925
379,4,0.00033224095
380,4,0.00059702527
381,4,0.00026079454
382,4,0.00063591916
383,4,0.0004552938
384,4,0.00093904603
385,4,0.0008429652
386,4,0.00037600566
387,4,0.00057773385
388,4,0.00035939272
389,4,0.0005401261
390,4,0.00028561894
391,4,0.00075344834
392,4,0.0005699089
393,4,0.0010944251
394,4,0.0006392943
395,4,0.0007420685
396,4,0.0003959732
397,4,0.00024169497
398,4,0.00057493895
399,4,0.00045693386
400,4,0.00020656176
401,4,0.0007517515
402,4,0.00012711529
403,4,0.0011378806
404,4,0.0005128244
405,4,0.00032919832
406,4,0.00066616107
407,4,0.0007855501
408,4,0.00088440254
409,4,0.00033716485
410,4,0.00043228082
411,4,0.00031869393
412,4,0.0010774946
413,4,0.0007887995
414,4,0.00071725994
415,4,0.0008013863
416,4,0.00069948006
417,4,0.00032531004
418,4,0.00034733396
419,4,0.0007155081
420,4,-0.00035575964
421,4,0.0005642921
422,4,0.0005050488
423,4,0.00023349561
424,4,0.00024137925
425,4,0.00020498782
426,4,0.0008290028
427,4,-0.00037479494
428,4,0.00014236942
429,4,0.00068831723
430,4,0.00044472422
431,4,0.0007177368
432,4,0.00035423506
433,4,0.00047196262
434,4,0.00018478744
435,4,0.00010737311
436,4,0.00032312423
437,4,0.0006609252
438,4,0.00039940514
439,4,0.00072524603
440,4,0.0003270004
441,4,0.00063435454
442,4,0.00020000711
443,4,0.00046767574
444,4,0.00032012071
445,4,0.00016610697
446,4,0.00038697105
447,4,0.0002739299
448,4,0.00035035424
449,4,0.00084550586
450,4,0.000627432
451,4,0.0010516569
452,4,0.0007082578
453,4,7.632375e-05
454,4,0.00061386917
455,4,0.00023146998
456,4,0.00052803475
457,4,0.0005302336
458,4,0.0003154436
459,4,0.0005335994
460,4,0.00039080996
461,4,0.00045916252
462,4,0.00052891485
463,4,0.00044409093
464,4,8.717924e-05
465,4,0.000430868
466,4,0.00028456375
467,4,0.0008746376
468,4,0.0006937366
469,4,0.0010159761
470,4,0.00086296815
471,4,0.0003630845
472,4,0.00016116258
473,4,0.00010507647
474,4,0.00017569214
475,4,0.0005411133
476,4,0.0006723348
477,4,0.00031471904
478,4,0.00048603397
479,4,0.00050507486
480,4,0.00045556854
481,4,0.0004234258
482,4,0.0006793216
483,4,0.00010681152
484,4,0.0011032606
485,4,-0.00011727307
486,4,0.00014518946
487,4,0.0008229846
488,4,0.0004969835
489,4,0.00069027767
490,4,0.0009226259
491,4,0.000629127
492,4,0.00056083687
493,4,0.00081281643
494,4,0.00068752654
0,5,0.00015364587
1,5,0.0005214233
2,5,
3,5,
4,5,0.0002901135
5,5,
6,5,
7,5,
8,5,
9,5,
10,5,
11,5,
12,5,0.0004402101
13,5,
14,5,1.0539778e-05
15,5,0.0002148347
16,5,0.0008240007
17,5,0.00019833446
18,5,0.00058528036
19,5,-3.0087307e-05
20,5,0.00040565524
21,5,0.00088362396
22,5,0.0005413117
23,5,0.00026339013
24,5,0.0007261941
25,5,0.00088493247
26,5,0.000686069
27,5,0.0006864434
28,5,-3.958121e-05
29,5,0.00019691326
30,5,0.00024261512
31,5,0.0006670216
32,5,0.0002579717
33,5,0.00028356165
34,5,-0.00012716278
35,5,0.00043633953
36,5,0.00043576304
37,5,0.000104214065
38,5,-0.00015568547
39,5,0.00035331957
40,5,0.0003067758
41,5,0.0010300027
42,5,0.0010954672
43,5,-8.387491e-06
44,5,0.00048972666
45,5,0.00056318566
46,5,0.00068464037
47,5,0.00048761256
48,5,0.00073432084
49,5,0.00053387135
50,5,0.0012140078
51,5,0.00030969735
52,5,0.0002440894
53,5,0.00032603648
54,5,0.0005217055
55,5,0.00087846164
56,5,0.0005394444
57,5,0.0006569
58,5,0.0007142415
59,5,5.761441e-05
60,5,0.00051283
61,5,0.0005357871
62,5,0.00068264175
63,5,0.00065998733
64,5,0.00015105773
65,5,0.00083402917
66,5,0.00049965363
67,5,0.0011336207
68,5,-4.69964e-05
69,5,3.5889447e-05
70,5,0.0003127288
71,5,0.00036420766
72,5,0.0006591547
73,5,0.0004358869
74,5,0.0001596678
75,5,0.00076006167
76,5,0.00083351694
77,5,0.0008084383
78,5,0.00092494674
79,5,0.00053120777
80,5,0.0006222222
81,5,0.0004433673
82,5,0.00031333137
83,5,0.0003129579
84,5,0.00023791939
85,5,0.0006426852
86,5,0.00097645354
87,5,0.0007471023
88,5,0.0006930204
89,5,0.00041939877
90,5,0.00017654523
91,5,0.0012208363
92,5,0.0005987305
93,5,0.0006937422
94,5,0.00086115673
95,5,0.0005864324
96,5,0.00051632896
97,5,-0.00018033106
98,5,0.0004521301
99,5,0.00042357855
100,5,0.0010247324
101,5,0.0010738177
102,5,0.00083964225
103,5,0.0008797683
104,5,0.00095060375
105,5,0.0006078873
106,5,0.0008915132
107,5,0.00058609806
108,5,0.00072956085
109,5,0.0008923812
110,5,0.0010448415
111,5,0.00048003625
112,5,0.0007880889
113,5,0.0003268458
114,5,0.000656222
115,5,0.00016511511
116,5,0.00076428987
117,5,0.0009217495
118,5,0.00044305623
119,5,0.0004970012
120,5,0.00084392447
121,5,0.00080326665
122,5,0.00077971537
123,5,0.00089357235
124,5,0.0007430902
125,5,0.001090154
126,5,0.0009641452
127,5,0.00090835895
128,5,0.0007971348
129,5,0.0011209706
130,5,0.00030521397
131,5,0.00030750223
132,5,0.00031899847
133,5,1.2643635e-05
134,5,0.00041647907
135,5,0.00063327886
136,5,
137,5,
138,5,0.0006038742
139,5,0.00068071764
140,5,0.0007496234
141,5,0.0010581678
142,5,0.0005218582
143,5,0.00017126463
144,5,0.00015935395
145,5,
146,5,
147,5,
148,5,
149,5,
150,5,
151,5,
152,5,
153,5,
154,5,
155,5,
156,5,
157,5,
158,5,0.0008658711
159,5,
160,5,0.00030113943
161,5,
162,5,
163,5,0.00018491223
164,5,0.00075392146
165,5,
166,5,
167,5,
168,5,
169,5,
170,5,
171,5,
172,5,
173,5,
174,5,
175,5,0.0006155176
176,5,
177,5,
178,5,
179,5,7.652771e-05
180,5,-8.6208805e-05
181,5,0.00047021918
182,5,
183,5,0.0011169212
184,5,0.00055882987
185,5,0.00012592226
186,5,0.0003714161
187,5,0.00045886263
188,5,0.0001846794
189,5,0.00034997892
190,5,0.0006909529
191,5,0.0006313771
192,5,0.0004252335
193,5,0.00019556284
194,5,0.0006834632
195,5,0.0010313764
196,5,0.0006263815
197,5,0.00083978195
198,5,0.00045817997
199,5,0.000649686
200,5,0.0007924605
201,5,0.00053451676
202,5,0.00072683394
203,5,9.3496405e-05
204,5,0.00048031006
205,5,0.00045042112
206,5,0.00023186859
207,5,0.0008785529
208,5,0.00051431917
209,5,0.00036945008
210,5,-0.00036382675
211,5,-9.7017735e-05
212,5,0.00024674926
213,5,0.00088989455
214,5,0.0003258083
215,5,0.000643231
216,5,0.00020235963
217,5,0.0005524494
218,5,0.0009245109
219,5,0.00068720337
220,5,0.00010809302
221,5,0.00066350214
222,5,0.00048825052
223,5,0.00040878076
224,5,-0.00019336026
225,5,0.0009326916
226,5,0.0007882826
227,5,0.000767638
228,5,0.0008942457
229,5,0.00045926124
230,5,0.0004246356
231,5,0.00032052398
232,5,0.0005016411
233,5,0.0006223293
234,5,0.00089137815
235,5,0.00035048742
236,5,0.0007661376
237,5,0.00043096952
238,5,0.00039731525
239,5,0.0006905608
240,5,7.006712e-05
241,5,0.0009111501
242,5,0.0005516289
243,5,0.0007939078
244,5,0.00027013943
245,5,0.00045046303
246,5,0.0005521048
247,5,0.0006316621
248,5,0.00021943264
249,5,0.0008623926
250,5,0.00082173385
251,5,0.0008808421
252,5,0.0005457951
253,5,0.00055438373
254,5,0.0009481851
255,5,0.0007358799
256,5,0.0005656695
257,5,0.00071577355
258,5,0.001008288
259,5,0.0007728189
260,5,0.00049399026
261,5,0.0010277294
262,5,0.0005797986
263,5,0.00057897624
264,5,0.0007089684
265,5,0.0010045115
266,5,0.00043547992
267,5,0.0009147106
268,5,0.000944484
269,5,0.00015534833
270,5,0.0006358223
271,5,0.0004947437
272,5,0.00064687803
273,5,0.0006600525
274,5,0.00097394455
275,5,0.0004598964
276,5,0.00036996976
277,5,0.00011731312
278,5,0.00017275289
279,5,0.0009485623
280,5,0.00021945406
281,5,0.00022209808
282,5,0.0011047684
283,5,0.0006174408
284,5,0.00038287882
285,5,0.000618035
286,5,0.00019374024
287,5,0.0003762003
288,5,0.00045844167
289,5,0.0006931769
290,5,0.00057886634
291,5,0.00048420765
292,5,0.00064141024
293,5,0.00050551724
294,5,0.00034704804
295,5,0.00045499112
296,5,0.00078373216
297,5,0.00019969884
298,5,0.00083909836
299,5,0.0007830132
300,5,0.0008708937
301,5,0.000759257
302,5,0.00012297742
303,5,
304,5,
305,5,0.00042978488
306,5,0.0010452447
307,5,0.00051982515
308,5,
309,5,
310,5,0.0003347136
311,5,
312,5,
313,5,
314,5,
315,5,0.0004691314
316,5,0.0011863988
317,5,0.00059616566
318,5,
319,5,
320,5,
321,5,
322,5,
323,5,
324,5,
325,5,
326,5,
327,5,
328,5,
329,5,
330,5,
331,5,
332,5,
333,5,
334,5,
335,5,
336,5,
337,5,
338,5,
339,5,
340,5,
341,5,
342,5,0.00010548532
343,5,0.000844175
344,5,0.0009248564
345,5,0.00045870617
346,5,0.0006423909
347,5,0.0005510552
348,5,0.0009420458
349,5,0.00024649594
350,5,0.00039425306
351,5,0.0002898369
352,5,0.00095769856
353,5,0.00012662262
354,5,0.00011775736
355,5,0.0006135106
356,5,0.00044674333
357,5,0.000666691
358,5,0.00058473647
359,5,0.0006742608
360,5,0.0005117031
361,5,0.00038249418
362,5,0.0007501282
363,5,0.0005543828
364,5,0.0007128138
365,5,0.00107342
366,5,0.00022700615
367,5,0.0006312821
368,5,0.00054746214
369,5,0.00042643584
370,5,0.0008240808
371,5,0.0007096268
372,5,0.0011151647
373,5,0.000813717
374,5,0.000121749006
375,5,0.0003411891
376,5,0.00057794247
377,5,0.0005377084
378,5,0.00078834314
379,5,0.00057196897
380,5,0.00025002658
381,5,0.0005877819
382,5,0.00072577037
383,5,0.00081272144
384,5,0.00048427097
385,5,0.00059265085
386,5,0.00027931575
387,5,0.00087754615
388,5,0.00071022846
389,5,0.00053975824
390,5,0.0006681904
391,5,0.0007855287
392,5,0.00078902394
393,5,0.0010396186
394,5,0.00048785657
395,5,0.0005692635
396,5,0.0004978655
397,5,0.0007513091
398,5,0.00036102347
399,5,0.0007928051
400,5,0.0003414275
401,5,9.062141e-05
402,5,0.00065030064
403,5,0.00014033541
404,5,0.00048052706
405,5,0.00029317383
406,5,0.00036002882
407,5,0.0004667295
408,5,0.00043050013
409,5,0.00048577413
410,5,0.00038754474
411,5,0.0005559437
412,5,0.00053197704
413,5,0.00036384258
414,5,6.940588e-05
415,5,0.0006461572
416,5,0.0007542614
417,5,0.0003859233
418,5,0.00045543537
419,5,0.0005236445
420,5,0.0009262981
421,5,0.00039444026
422,5,0.00074014254
423,5,0.001046082
424,5,0.0006153798
425,5,0.0005633952
426,5,0.00021137856
427,5,0.00063320715
428,5,-4.029833e-06
429,5,0.0007405458
430,5,0.00064606126
431,5,0.00013696682
432,5,0.00029662903
433,5,0.00051649753
434,5,0.0005040411
435,5,0.00037975702
436,5,0.00092312414
437,5,0.00016824249
438,5,0.00080045965
439,5,0.0010095853
440,5,0.00043463428
441,5,0.001053134
442,5,0.0003689723
443,5,0.00074559264
444,5,0.0006746808
445,5,0.00058406685
446,5,0.00047570467
447,5,0.0010906216
448,5,0.0002769595
449,5,0.00012496859
450,5,0.0007285001
451,5,0.00023323018
452,5,0.00053148903
453,5,0.00041299127
454,5,0.00092373695
455,5,2.693478e-05
456,5,0.0006079683
457,5,0.0008594934
458,5,9.7849406e-05
459,5,7.186737e-05
460,5,0.00016669184
461,5,0.00059522875
462,5,0.00038257893
463,5,0.00018580817
464,5,0.00019005034
465,5,0.0009296201
466,5,0.00046893582
467,5,0.0002948111
468,5,0.00048505887
469,5,0.0002910914
470,5,0.000348866
471,5,0.00075715315
472,5,0.0003978107
473,5,0.00045412406
474,5,0.00046936702
475,5,0.00048156735
476,5,0.00028116256
477,5,0.00061678886
478,5,2.8535724e-05
479,5,-2.16607e-05
480,5,0.00012114365
481,5,0.0006792322
482,5,0.00058699027
483,5,0.0010256441
484,5,0.0001744274
485,5,0.00033980887
486,5,0.00051336084
487,5,0.00042623095
488,5,4.058238e-05
489,5,0.00045722257
490,5,0.001432619
491,5,0.00059757475
492,5,0.0010156706
493,5,0.00054771826
494,5,0.00082936883
0,6,
1,6,0.0005232766
2,6,0.00059068855
3,6,
4,6,-8.717086e-05
5,6,0.000990212
6,6,
7,6,
8,6,
9,6,
10,6,
11,6,
12,6,0.00046033133
13,6,
14,6,0.0002590539
15,6,0.00048023835
16,6,0.0005835425
17,6,0.0003289776
18,6,0.0005590832
19,6,0.0005911216
20,6,0.00024626777
21,6,0.0006208662
22,6,0.0004323572
23,6,0.00038820412
24,6,0.0004874533
25,6,0.0006025834
26,6,0.0007963432
27,6,-0.00020998903
28,6,0.0003228318
29,6,0.00031842664
30,6,0.00090952497
31,6,0.00068384316
32,6,0.00066388305
33,6,0.0011125989
34,6,0.00017084833
35,6,0.000649591
36,6,0.00052978285
37,6,0.0005954504
38,6,0.00083642174
39,6,0.0005875081
40,6,0.00015072711
41,6,0.0007009618
42,6,2.2863038e-05
43,6,0.00020096824
44,6,0.00094240624
45,6,0.00049417
46,6,0.00050776545
47,6,0.00035783648
48,6,3.0520372e-05
49,6,0.00021508615
50,6,0.0007402301
51,6,0.00059156865
52,6,0.00019592978
53,6,0.00024245586
54,6,-4.2177737e-05
55,6,0.0008074986
56,6,0.0007107118
57,6,0.00051776133
58,6,0.00041588955
59,6,0.0005754726
60,6,-0.00011089537
61,6,0.0008137673
62,6,0.0002686521
63,6,0.00039577857
64,6,0.00077028293
65,6,0.00015947223
66,6,0.0003776513
67,6,0.0007257052
68,6,0.00092985295
69,6,0.0005837539
70,6,0.001266785
71,6,0.00021932926
72,6,0.00046345126
73,6,0.00025693513
74,6,0.000543409
75,6,0.0007879622
76,6,0.0001872452
77,6,0.0001271069
78,6,0.00036232267
79,6,0.0004540179
80,6,0.00051927567
81,6,0.00045073777
82,6,0.0008305777
83,6,0.0006672451
84,6,0.000100763515
85,6,0.0008053612
86,6,0.0004311502
87,6,0.00027683564
88,6,0.0009847144
89,6,0.00048176013
90,6,0.00038545486
91,6,0.00077207014
92,6,0.0009155916
93,6,0.00032136403
94,6,0.00070040673
95,6,0.00028970093
96,6,0.001273619
97,6,0.0008368846
98,6,0.0009171618
99,6,0.00045487564
100,6,0.00061571226
101,6,0.0009943359
102,6,0.00055166055
103,6,0.00093805976
104,6,0.00065580476
105,6,0.00046380702
106,6,0.000927452
107,6,0.00048778392
108,6,0.0011238791
109,6,0.00040192995
110,6,0.0009890124
111,6,0.0010358226
112,6,0.0007934291
113,6,0.00029335637
114,6,0.0005675871
115,6,0.0006121062
116,6,0.0010140296
117,6,0.0006947499
118,6,0.0008116765
119,6,0.00090810284
120,6,0.0010889014
121,6,0.0006341841
122,6,0.0006629657
123,6,0.000826478
124,6,0.0007344587
125,6,0.0011295713
126,6,0.0006538313
127,6,0.0004161205
128,6,0.00074873585
129,6,0.0007400019
130,6,0.00027832948
131,6,0.0005217241
132,6,0.0007199971
133,6,0.0007955311
134,6,0.00042049214
135,6,4.687812e-05
136,6,0.00033521745
137,6,0.00068896357
138,6,0.00025205873
139,6,0.00045888685
140,6,-0.00032610446
141,6,0.00064949505
142,6,0.0007567527
143,6,0.0010238346
144,6,
145,6,
146,6,0.0006724242
147,6,
148,6,
149,6,
150,6,
151,6,
152,6,
153,6,
154,6,0.00038671214
155,6,
156,6,
157,6,0.00050940644
158,6,0.00071759056
159,6,
160,6,
161,6,
162,6,
163,6,0.0003851764
164,6,
165,6,0.0010894677
166,6,0.00083685946
167,6,
168,6,
169,6,
170,6,
171,6,
172,6,
173,6,
174,6,
175,6,7.793307e-05
176,6,
177,6,0.0006373767
178,6,6.0606748e-05
179,6,0.0011421433
180,6,0.00066997204
181,6,0.00011811964
182,6,0.00051891897
183,6,0.00026968215
184,6,0.00091677625
185,6,0.00062944647
186,6,0.0007366035
187,6,0.000563127
188,6,0.00036083348
189,6,0.00055463985
190,6,0.00071862433
191,6,0.000851837
192,6,0.00042800978
193,6,0.00078615546
194,6,0.0007991921
195,6,-0.0002518855
196,6,0.00048508123
197,6,0.0001144018
198,6,-0.00012924802
199,6,0.0003921818
200,6,8.231215e-05
201,6,0.00089313835
202,6,0.0007973593
203,6,0.0004988415
204,6,0.00010261871
205,6,0.00014109723
206,6,0.0001876168
207,6,0.00021266472
208,6,0.00054665096
209,6,0.00031683221
210,6,0.0006112624
211,6,6.4421445e-05
212,6,-0.00024402048
213,6,0.0002955394
214,6,0.0011136839
215,6,0.00025022868
216,6,8.111261e-05
217,6,0.0002569994
218,6,0.00020634104
219,6,0.00074905343
220,6,0.00026033167
221,6,0.00041086972
222,6,0.00014074892
223,6,-0.00012746174
224,6,0.0003449237
225,6,9.994954e-05
226,6,0.0006595645
227,6,0.00032567047
228,6,9.2793256e-05
229,6,0.00030283816
230,6,0.0007178709
231,6,0.0009345738
232,6,0.00066150166
233,6,0.0003353292
234,6,0.0009054346
235,6,0.0004468821
236,6,0.00094262976
237,6,0.0003677504
238,6,0.00079909246
239,6,0.0004161941
240,6,0.0007050419
241,6,0.00070148334
242,6,0.00011926424
243,6,0.0004243655
244,6,0.00073067937
245,6,0.00051717926
246,6,0.0004775254
247,6,0.00053766556
248,6,0.0008336175
249,6,0.00042169262
250,6,0.000108692795
251,6,0.0007026559
252,6,0.00058393646
253,6,0.00054986123
254,6,0.00069585536
255,6,0.0003214283
256,6,0.000623649
257,6,0.00069787353
258,6,0.0003818432
259,6,0.000792196
260,6,0.00070028845
261,6,0.00051992666
262,6,0.00025093555
263,6,0.00030579884
264,6,0.0006496776
265,6,0.000282906
266,6,0.0007491354
267,6,0.00048414338
268,6,1.8446706e-05
269,6,0.0005219346
270,6,0.00054555014
271,6,0.00057497434
272,6,0.0006675171
273,6,0.00036196597
274,6,0.00058416836
275,6,0.00037919357
276,6,-1.5053898e-05
277,6,0.00060290564
278,6,0.00036915392
279,6,0.00016974658
280,6,0.00047373679
281,6,-3.6753714e-05
282,6,0.00041084364
283,6,0.00019846205
284,6,0.00041001104
285,6,0.00021028705
286,6,0.0006832788
287,6,0.00041308906
288,6,0.0008698646
289,6,0.0006195307
290,6,5.4901466e-05
291,6,0.00050939526
292,6,0.0004060734
293,6,0.00084024575
294,6,0.00032985397
295,6,-2.0742416e-05
296,6,0.00026180688
297,6,0.0010930523
298,6,0.00015994813
299,6,0.001028724
300,6,0.0006278679
301,6,0.0006160354
302,6,0.0011240635
303,6,0.00035899226
304,6,
305,6,0.00013339426
306,6,0.0008534808
307,6,
308,6,0.00024020672
309,6,
310,6,
311,6,
312,6,
313,6,0.0004645232
314,6,0.00077542104
315,6,0.00056036003
316,6,0.00085639674
317,6,0.00017048325
318,6,-0.000109861605
319,6,
320,6,
321,6,
322,6,
323,6,
324,6,
325,6,
326,6,
327,6,
328,6,
329,6,
330,6,
331,6,
332,6,
333,6,
334,6,
335,6,
336,6,
337,6,
338,6,
339,6,
340,6,
341,6,0.00040990673
342,6,0.00061608385
343,6,0.0008116253
344,6,8.1842765e-05
345,6,0.00061953906
346,6,0.00032245927
347,6,1.4951453e-05
348,6,0.00025073905
349,6,0.0005317461
350,6,0.00038534496
351,6,0.00010276772
352,6,0.00054335874
353,6,0.0005289605
354,6,8.7743625e-05
355,6,2.9008836e-05
356,6,0.0007600598
357,6,0.00020418875
358,6,0.0004734993
359,6,0.0009265179
360,6,0.000638579
361,6,0.00047956128
362,6,0.00035216007
363,6,0.00036585703
364,6,0.00028885994
365,6,0.00062263943
366,6,0.00012662169
367,6,0.00076319743
368,6,0.00026794616
369,6,0.0005777087
370,6,0.00082668196
371,6,0.00038548373
372,6,0.00042246561
373,6,0.00063056406
374,6,0.00034168456
375,6,0.0006143339
376,6,9.220559e-05
377,6,9.135436e-05
378,6,0.00070887525
379,6,0.0007459158
380,6,0.0007497873
381,6,0.0009950241
382,6,0.000809961
383,6,0.0007808022
384,6,0.0005454859
385,6,0.00062858686
386,6,0.0008051172
387,6,0.00067029335
388,6,0.0006800126
389,6,0.0010914672
390,6,0.0011407025
391,6,0.0004255334
392,6,0.0007100422
393,6,0.00063948426
394,6,0.00036988687
395,6,0.000698735
396,6,0.0005778484
397,6,0.00025337096
398,6,0.00084132794
399,6,0.0009780852
400,6,0.00024161674
401,6,0.00045633782
402,6,0.0007924326
403,6,4.7903508e-05
404,6,0.0007415777
405,6,0.00017112494
406,6,0.0005552955
407,6,0.00060774013
408,6,0.00040152296
409,6,0.00056614634
410,6,0.00021462422
411,6,0.00071599334
412,6,0.0010505365
413,6,0.0007439051
414,6,0.0007643411
415,6,0.000987161
416,6,0.00063103624
417,6,0.0005456265
418,6,0.00023062713
419,6,0.0003369609
420,6,0.00060682837
421,6,0.000521631
422,6,0.00048813876
423,6,0.0006060181
424,6,0.00044539478
425,6,0.0005259458
426,6,0.00014264416
427,6,0.0004583504
428,6,0.00061044004
429,6,0.00035869423
430,6,0.00037366152
431,6,0.0006713988
432,6,0.0002930658
433,6,0.00013885088
434,6,0.0008691717
435,6,0.00024866965
436,6,0.00025201775
437,6,0.00021868385
438,6,0.00012656208
439,6,-0.0001315875
440,6,0.0004093442
441,6,0.00069921
442,6,7.79042e-05
443,6,0.00016463734
444,6,4.5809895e-05
445,6,0.00077212416
446,6,0.0005568126
447,6,0.0006684903
448,6,-4.967209e-05
449,6,0.00033113733
450,6,0.00011959206
451,6,0.00013756193
452,6,0.0006118193
453,6,0.00055001397
454,6,0.0006929524
455,6,0.00030028448
456,6,0.00040473323
457,6,0.000637088
458,6,2.4145469e-05
459,6,0.0007523764
460,6,0.00063221715
461,6,0.00039855856
462,6,0.0007750485
463,6,0.00018034689
464,6,0.0005385261
465,6,0.0006389916
466,6,0.0007206015
467,6,0.00040488224
468,6,8.909311e-05
469,6,0.000980516
470,6,0.00051482394
471,6,0.0004765559
472,6,0.00069653336
473,6,0.0005626129
474,6,0.00081960764
475,6,0.00045176223
476,6,0.00019812025
477,6,0.000782839
478,6,0.000195181
479,6,0.0009380728
480,6,0.0007504225
481,6,0.0004265383
482,6,0.00050640944
483,6,0.00027175248
484,6,8.4370375e-05
485,6,0.00040721707
486,6,0.00034554582
487,6,0.00024359487
488,6,0.0007210076
489,6,0.00071607064
490,6,0.00026026182
491,6,0.00087842066
492,6,0.00034815352
493,6,0.0007072026
494,6,0.00056171324
0,7,0.00025463104
1,7,0.00015138928
2,7,0.0010396894
3,7,0.000512531
4,7,
5,7,
6,7,
7,7,
8,7,
9,7,
10,7,
11,7,
12,7,
13,7,
14,7,
15,7,0.0002625268
16,7,0.00059859175
17,7,0.00023773871
18,7,0.00058740657
19,7,0.00043571647
20,7,0.00015526824
21,7,0.00049552415
22,7,0.0002573002
23,7,0.00036428124
24,7,0.0007762443
25,7,0.0005958397
26,7,0.00061988086
27,7,0.00040711742
28,7,0.00044254772
29,7,0.0005644364
30,7,0.00032009184
31,7,0.00058100186
32,7,8.113496e-05
33,7,0.00047873892
34,7,0.00078865513
35,7,-3.4718774e-05
36,7,0.0005625449
37,7,0.00048404
38,7,0.00039820746
39,7,-5.4055825e-05
40,7,0.0006504264
41,7,0.00051480904
42,7,0.00055190176
43,7,0.00051535945
44,7,0.0003945185
45,7,0.00066789985
46,7,0.0006854916
47,7,0.0006905105
48,7,0.00051327515
49,7,0.00061135646
50,7,-7.814169e-05
51,7,0.0010895403
52,7,0.0005522035
53,7,0.00065446924
54,7,0.0008723708
55,7,0.00046694558
56,7,0.0004377542
57,7,0.00080886856
58,7,0.0006253468
59,7,0.00075296685
60,7,0.0004909523
61,7,0.001053744
62,7,0.0004806891
63,7,0.000770323
64,7,0.00062316936
65,7,0.00055862125
66,7,0.00031572767
67,7,0.00062161963
68,7,0.00013356376
69,7,0.00030607637
70,7,0.00054256525
71,7,0.00017481763
72,7,0.00064625405
73,7,0.00080434326
74,7,0.000684347
75,7,0.0006423928
76,7,0.00092572626
77,7,0.00079087913
78,7,0.0007367274
79,7,0.00021985546
80,7,0.00046073087
81,7,0.00035311002
82,7,0.00085312314
83,7,0.0010231044
84,7,0.0009082118
85,7,0.0005815411
86,7,0.0008042138
87,7,0.00049916
88,7,0.0005707154
89,7,0.00024892017
90,7,0.0004540207
91,7,0.00090674683
92,7,0.0004509203
93,7,0.0006257165
94,7,0.0003460152
95,7,0.00034689903
96,7,0.00054913014
97,7,0.00086488016
98,7,0.00079499837
99,7,0.0005168142
100,7,0.00044696592
101,7,0.0007184595
102,7,0.0007337257
103,7,0.0005971184
104,7,0.00057379063
105,7,0.00040431973
106,7,0.0005748924
107,7,0.0005897768
108,7,0.00041951519
109,7,0.0006951038
110,7,0.00039944518
111,7,0.0011059139
112,7,0.00043583382
113,7,0.00059369113
114,7,0.00068463106
115,7,0.0003762832
116,7,0.0005048299
117,7,0.00071387365
118,7,0.00093391445
119,7,0.0006820895
120,7,0.0007230919
121,7,0.00050648395
122,7,0.0007826481
123,7,0.0015675835
124,7,0.0006903764
125,7,0.0003809398
126,7,0.0011073295
127,7,0.00076241326
128,7,0.0010877531
129,7,0.0010160524
130,7,0.0010199388
131,7,0.00011964794
132,7,0.0005259551
133,7,0.00047912635
134,7,0.00057956576
135,7,0.0013951818
136,7,0.0003846502
137,7,0.0008956529
138,7,0.00087351725
139,7,-0.000107748434
140,7,0.00029966235
141,7,0.0007471414
142,7,0.00080398656
143,7,0.00036832225
144,7,0.00063324254
145,7,
146,7,0.0008878922
147,7,
148,7,
149,7,
150,7,
151,7,
152,7,
153,7,
154,7,
155,7,
156,7,
157,7,0.0008462388
158,7,
159,7,0.00066837855
160,7,0.00061894953
161,7,
162,7,0.00065478403
163,7,
164,7,
165,7,
166,7,0.0010773838
167,7,
168,7,
169,7,
170,7,
171,7,
172,7,
173,7,
174,7,
175,7,
176,7,
177,7,
178,7,0.00035434868
179,7,0.0007182071
180,7,0.0006147763
181,7,0.00023904257
182,7,0.0007846104
183,7,0.000100883655
184,7,0.0005730968
185,7,0.00032809004
186,7,0.0008695731
187,7,0.00011548493
188,7,-7.1302056e-05
189,7,0.0006042775
190,7,0.0005126139
191,7,0.00027196668
192,7,0.00021412224
193,7,0.0008704299
194,7,0.0004235413
195,7,0.00044131745
196,7,0.00042791106
197,7,0.00039458182
198,7,0.00033844076
199,7,0.00052860565
200,7,0.00071850885
201,7,0.0004214961
202,7,0.0003120415
203,7,0.0009973357
204,7,0.00039015617
205,7,0.00020940788
206,7,0.0003242679
207,7,0.0008692695
208,7,0.0011114236
209,7,0.00013024826
210,7,7.113442e-05
211,7,0.0003251359
212,7,0.0005192328
213,7,0.00040767994
214,7,0.00019657798
215,7,0.00039209053
216,7,0.00029419456
217,7,0.0006753048
218,7,0.00073838327
219,7,9.902753e-05
220,7,0.00047063734
221,7,0.0009793639
222,7,0.00047223642
223,7,0.0008314438
224,7,0.00027673692
225,7,0.0009831004
226,7,0.0007034559
227,7,0.00032752845
228,7,0.00019608624
229,7,4.8836693e-05
230,7,0.0004367046
231,7,1.7408282e-05
232,7,0.0005754605
233,7,0.00056791306
234,7,0.00026457943
235,7,0.000632355
236,7,0.000706994
237,7,0.00015654042
238,7,0.00076155365
239,7,0.0006944742
240,7,0.00030441768
241,7,0.0004493175
242,7,0.00072779786
243,7,0.00096991844
244,7,0.00071062613
245,7,0.00047097076
246,7,0.00089465175
247,7,0.0008166153
248,7,0.0008864589
249,7,0.00049034134
250,7,0.0007230295
251,7,0.00027977116
252,7,0.0006580632
253,7,0.000867011
254,7,0.00092693884
255,7,0.00018749014
256,7,0.0007130597
257,7,0.0005301926
258,7,0.0005147327
259,7,0.00031527318
260,7,0.00070389546
261,7,0.0003870055
262,7,0.0010164557
263,7,0.0006924728
264,7,6.895326e-05
265,7,0.00069688726
266,7,0.00057430565
267,7,0.0007202709
268,7,0.00035721436
269,7,0.00012995861
270,7,0.0002684947
271,7,0.0007656878
272,7,0.00042892806
273,7,0.0014120806
274,7,0.00028048735
275,7,0.0006415583
276,7,0.00064073503
277,7,0.00015908293
278,7,0.0004992448
279,7,0.00072093494
280,7,0.0007193284
281,7,0.00038868375
282,7,0.00035020895
283,7,-0.00022596959
284,7,0.00047161244
285,7,1.5679747e-05
286,7,0.00021312013
287,7,0.0007598344
288,7,0.00075857807
289,7,0.00039799046
290,7,9.449106e-05
291,7,0.0006389776
292,7,-9.6440315e-05
293,7,0.0001519043
294,7,0.00058840495
295,7,0.00046033692
296,7,0.000682598
297,7,0.00019234605
298,7,0.0006394107
299,7,0.0008902978
300,7,0.00015980843
301,7,0.00030398834
302,7,0.0006480161
303,7,-5.1677227e-05
304,7,
305,7,
306,7,0.0003095884
307,7,0.00036129914
308,7,0.0004569525
309,7,0.0007863287
310,7,
311,7,0.00073205493
312,7,
313,7,-1.2260862e-05
314,7,0.0006257994
315,7,0.00015548151
316,7,0.0006353082
317,7,-0.00016118959
318,7,0.0008129701
319,7,-1.7791055e-05
320,7,
321,7,
322,7,
323,7,
324,7,
325,7,
326,7,
327,7,
328,7,
329,7,
330,7,
331,7,0.00010105129
332,7,
333,7,
334,7,
335,7,
336,7,
337,7,
338,7,
339,7,
340,7,-0.00013799593
341,7,0.0005443124
342,7,0.00038415194
343,7,0.00053837616
344,7,0.00033566356
345,7,0.00046393182
346,7,0.00073176064
347,7,0.00025570765
348,7,0.00024851877
349,7,0.00019755587
350,7,0.00094251893
351,7,0.00046299677
352,7,3.9104372e-05
353,7,0.0010074871
354,7,0.0002886178
355,7,0.00063401833
356,7,0.00091685355
357,7,0.00020296872
358,7,0.00046450924
359,7,0.00041060522
360,7,0.00049489364
361,7,0.0009969026
362,7,0.0006128624
363,7,0.0003914265
364,7,0.0008228319
365,7,0.00069780275
366,7,0.0011348873
367,7,0.00043904968
368,7,0.0010095173
369,7,0.0002390081
370,7,0.0006073648
371,7,0.00036323257
372,7,0.0005945917
373,7,0.0006278232
374,7,0.00037812907
375,7,0.0003431039
376,7,0.0006819237
377,7,0.0012196274
378,7,0.00042207632
379,7,0.0008875206
380,7,0.0003081262
381,7,0.00074174255
382,7,0.00065513514
383,7,0.0006781602
384,7,0.0005501462
385,7,0.00026139244
386,7,0.00038793404
387,7,0.0010958118
388,7,0.00043120608
389,7,0.00033657346
390,7,0.0006048884
391,7,0.0003091991
392,7,0.00047509
393,7,0.0010467023
394,7,0.00061811693
395,7,0.0012374967
396,7,0.00052141026
397,7,0.00095788296
398,7,0.00092328805
399,7,0.00078536477
400,7,0.00056191906
401,7,0.000570789
402,7,0.00026906002
403,7,0.00042441487
404,7,0.00035922788
405,7,0.00033554342
406,7,0.0007729195
407,7,0.00033104327
408,7,0.0003528092
409,7,0.0003643781
410,7,0.00093223713
411,7,0.00050079357
412,7,0.0007115938
413,7,0.0011150679
414,7,0.00081727933
415,7,0.0008631153
416,7,0.0003087707
417,7,0.00061848946
418,7,0.00081415474
419,7,0.00045555644
420,7,0.00050606485
421,7,0.0005189106
422,7,0.0004190188
423,7,0.00085166004
424,7,0.00031382125
425,7,0.00065039564
426,7,0.00044359174
427,7,0.0001820866
428,7,0.0008798586
429,7,0.0006145099
430,7,0.00037867576
431,7,0.0009218175
432,7,7.6906756e-05
433,7,0.000261941
434,7,0.0004259767
435,7,0.00087259896
436,7,0.00023935083
437,7,0.00036432967
438,7,0.0005568182
439,7,0.0009062961
440,7,0.00014769193
441,7,0.0006773574
442,7,0.00053758547
443,7,0.0007301988
444,7,0.0007933136
445,7,0.00067502167
446,7,0.0004964741
447,7,0.00021846872
448,7,0.00029830635
449,7,0.0007732948
450,7,-0.00013044477
451,7,0.0008265758
452,7,0.0006056456
453,7,0.0004157247
454,7,0.00060215406
455,7,0.0005509192
456,7,5.6456774e-05
457,7,0.000671166
458,7,0.000649143
459,7,0.00028707832
460,7,0.00044277217
461,7,0.00083567016
462,7,-6.932672e-05
463,7,0.0002685059
464,7,-4.8128888e-05
465,7,0.00039916486
466,7,0.0007773917
467,7,0.00029635057
468,7,0.00025372487
469,7,0.00037745852
470,7,0.0006575007
471,7,0.00034322217
472,7,0.0008698087
473,7,0.000700566
474,7,0.0006722361
475,7,8.030515e-05
476,7,0.00046428293
477,7,0.000362291
478,7,0.00070792437
479,7,0.00027832575
480,7,0.00059469044
481,7,0.00096789096
482,7,0.00078629795
483,7,0.000964012
484,7,0.00044727698
485,7,0.0003063567
486,7,0.0005050106
487,7,-0.0002001226
488,7,-0.00027131848
489,7,0.00037902687
490,7,0.00044678245
491,7,0.00055498723
492,7,0.0005772868
493,7,8.6116605e-05
494,7,0.00035210978
0,8,0.00016340893
1,8,0.0003857389
2,8,0.00036714133
3,8,
4,8,
5,8,
6,8,
7,8,
8,8,
9,8,
10,8,
11,8,
12,8,
13,8,
14,8,
15,8,0.0013637524
16,8,0.0004107263
17,8,0.00037378352
18,8,0.0008718148
19,8,8.309726e-05
20,8,0.00031837728
21,8,0.00049854536
22,8,0.00047768746
23,8,0.00028952025
24,8,0.0005098283
25,8,0.00033554249
26,8,0.0006990526
27,8,0.00015476067
28,8,-2.0246953e-06
29,8,0.0005038986
30,8,0.00095630344
31,8,0.00043910183
32,8,0.00048065744
33,8,4.229322e-05
34,8,0.0012156302
35,8,0.0009583412
36,8,0.00059193186
37,8,0.0010143006
38,8,0.00089606736
39,8,0.00032692216
40,8,0.00025345758
41,8,0.0004066322
42,8,0.00049524195
43,8,-5.3070486e-05
44,8,0.00067766756
45,8,0.00040850043
46,8,0.00046620052
47,8,0.00014491566
48,8,0.00051769894
49,8,0.00038471166
50,8,0.00045488495
51,8,0.00087350793
52,8,0.0009345943
53,8,-1.20494515e-05
54,8,0.0006177565
55,8,0.00049663056
56,8,0.00054891035
57,8,-0.00014332123
58,8,7.824972e-05
59,8,0.00094370916
60,8,0.0008007968
61,8,0.0005677687
62,8,0.0010206196
63,8,0.00067883637
64,8,0.0010048263
65,8,0.0001764372
66,8,-0.00012330804
67,8,0.0009286236
68,8,0.00063523743
69,8,0.0005197227
70,8,0.00061498396
71,8,0.001206655
72,8,0.00023039989
73,8,0.00054726936
74,8,0.00071019866
75,8,0.0008352529
76,8,0.00037923548
77,8,0.000660968
78,8,0.00037145987
79,8,0.0004903674
80,8,0.00030183606
81,8,0.00012686849
82,8,0.0003002053
83,8,0.00040668715
84,8,0.0008783424
85,8,0.00057371985
86,8,0.0002917843
87,8,0.00019744877
88,8,0.00064659026
89,8,0.000539667
90,8,0.00028240774
91,8,0.0006413711
92,8,0.0007084906
93,8,0.0006718002
94,8,0.0006232606
95,8,0.00080761965
96,8,0.0005792249
97,8,0.00018330198
98,8,0.0007728776
99,8,0.00047614425
100,8,0.00089046545
101,8,0.0006020013
102,8,0.0010381332
103,8,0.00073659327
104,8,0.00074944925
105,8,0.00078339316
106,8,0.0009077601
107,8,0.0009784512
108,8,0.00059153885
109,8,0.00040271785
110,8,0.00071105827
111,8,0.00085081067
112,8,0.0012113433
113,8,0.0010979278
114,8,0.00055002887
115,8,0.0008548107
116,8,0.00078610424
117,8,0.001103444
118,8,0.00076471455
119,8,0.0008067973
120,8,0.00030552037
121,8,0.0009050518
122,8,0.0008911807
123,8,0.0007972671
124,8,0.00021600071
125,8,0.00096595194
126,8,0.00090653636
127,8,0.00078711193
128,8,0.0005035009
129,8,0.0007465081
130,8,0.00039960817
131,8,0.00049004704
132,8,0.00040218234
133,8,0.0006092079
134,8,0.00066383556
135,8,0.00043141097
136,8,1.8749386e-05
137,8,0.00043959077
138,8,0.00012122374
139,8,0.00042917486
140,8,0.00041376147
141,8,0.00020656083
142,8,-0.00018635392
143,8,0.00065502245
144,8,0.0002291603
145,8,0.0006104857
146,8,0.00066140294
147,8,
148,8,0.00031425525
149,8,
150,8,
151,8,
152,8,
153,8,
154,8,
155,8,0.0006089285
156,8,0.00031264592
157,8,0.00095063634
158,8,0.0006823242
159,8,0.0011861473
160,8,0.00059536565
161,8,0.0006688582
162,8,0.0012001861
163,8,0.00046810973
164,8,0.001168021
165,8,
166,8,
167,8,
168,8,
169,8,
170,8,
171,8,
172,8,
173,8,
174,8,
175,8,
176,8,-0.00012910087
177,8,
178,8,0.000121247955
179,8,
180,8,0.00028041843
181,8,0.00011207536
182,8,0.00032892358
183,8,0.0008328939
184,8,-6.45183e-05
185,8,0.0010000486
186,8,0.00066159386
187,8,0.00050798245
188,8,5.6979246e-05
189,8,0.00074096397
190,8,0.00028135348
191,8,0.00087455846
192,8,0.00072265323
193,8,0.00033818
194,8,0.0008338308
195,8,0.0004248852
196,8,0.0006699879
197,8,7.700082e-05
198,8,0.0006688442
199,8,0.00054218713
200,8,0.00039608404
201,8,0.00073996745
202,8,0.0008108225
203,8,0.0005771741
204,8,0.00047886185
205,8,0.0005394099
206,8,0.0002789544
207,8,-7.502362e-05
208,8,-0.00016095582
209,8,0.0009581903
210,8,0.00027126353
211,8,0.00036447402
212,8,0.00019006338
213,8,0.0005800538
214,8,0.00021641981
215,8,0.0007997826
216,8,0.0005255118
217,8,9.01958e-05
218,8,0.00040201284
219,8,2.9065646e-05
220,8,0.0003502071
221,8,0.00015880167
222,8,0.0003136741
223,8,0.0010499284
224,8,0.00092250854
225,8,0.00035081618
226,8,0.00022440962
227,8,0.00021326263
228,8,0.0007706862
229,8,0.0003534695
230,8,0.00045195874
231,8,0.0001867041
232,8,0.00018364284
233,8,0.00090875756
234,8,0.00046155322
235,8,0.00062787905
236,8,0.00037981197
237,8,0.00070747826
238,8,0.0005052164
239,8,0.0007451726
240,8,0.0005649589
241,8,0.0005727615
242,8,0.0004268922
243,8,0.00038094353
244,8,0.00063768495
245,8,0.00066401716
246,8,0.00060097314
247,8,0.0010705283
248,8,0.00011332799
249,8,0.0005069738
250,8,0.00047896337
251,8,0.0005683331
252,8,0.00017493498
253,8,0.00088784937
254,8,0.00039537344
255,8,0.00090126693
256,8,-1.9602478e-05
257,8,0.00028252788
258,8,0.0008977363
259,8,0.0003115451
260,8,0.00064099394
261,8,0.00062753726
262,8,0.0003746692
263,8,0.00067054294
264,8,0.00038887933
265,8,0.00039598718
266,8,0.00059051346
267,8,0.00040453952
268,8,0.0011036573
269,8,0.0008720914
270,8,0.0005690567
271,8,0.00016727019
272,8,0.00044999085
273,8,0.0003181193
274,8,0.00044112094
275,8,0.00012595952
276,8,0.0007512206
277,8,0.0003945548
278,8,0.0004349593
279,8,0.0003047362
280,8,0.0005223593
281,8,0.0010814853
282,8,0.0010597501
283,8,0.00088340975
284,8,0.00038822927
285,8,0.00027252547
286,8,0.00026844535
287,8,0.0007171985
288,8,0.000550312
289,8,0.00069340225
290,8,0.00060647633
291,8,0.0003888812
292,8,-0.00037471298
293,8,0.000762078
294,8,0.0008942755
295,8,8.4989704e-05
296,8,0.0006169919
297,8,0.00025996566
298,8,0.0008600829
299,8,0.0006049741
300,8,0.0004478395
301,8,0.00030302163
302,8,0.00037831347
303,8,0.0003109593
304,8,
305,8,0.00049767084
306,8,
307,8,0.0009395452
308,8,
309,8,
310,8,
311,8,
312,8,-0.0001589153
313,8,0.00059112906
314,8,4.3606386e-05
315,8,0.00063589215
316,8,2.6224181e-05
317,8,0.00047689863
318,8,-0.00010829698
319,8,-0.00012452342
320,8,
321,8,
322,8,
323,8,
324,8,
325,8,
326,8,
327,8,
328,8,
329,8,
330,8,
331,8,
332,8,
333,8,0.00017349888
334,8,
335,8,
336,8,
337,8,
338,8,
339,8,0.00026465673
340,8,0.00040648412
341,8,0.000420955
342,8,-3.5219826e-05
343,8,0.0008877693
344,8,0.00022190437
345,8,0.0001656739
346,8,0.0005501481
347,8,0.0010257382
348,8,0.00034370273
349,8,0.0006744396
350,8,0.00032633357
351,8,0.00040935725
352,8,0.0007986259
353,8,0.00019233394
354,8,0.0004775338
355,8,0.00073405635
356,8,0.000321595
357,8,0.0004907185
358,8,0.00027168356
359,8,0.0008421233
360,8,0.000652113
361,8,0.00031910837
362,8,0.00076141674
363,8,0.0006691534
364,8,0.00064868014
365,8,7.884484e-05
366,8,0.0006660903
367,8,0.00042263232
368,8,0.00055334717
369,8,0.0007638624
370,8,0.00064676814
371,8,0.0005586622
372,8,0.0006145481
373,8,0.0004954776
374,8,0.0005628653
375,8,0.00088401604
376,8,0.0006972272
377,8,0.0006243121
378,8,0.0007450171
379,8,0.00042553246
380,8,0.0008371994
381,8,0.00049260166
382,8,0.00066567585
383,8,0.0007117316
384,8,0.00062069297
385,8,0.00062792934
386,8,0.000394688
387,8,0.0008163033
388,8,0.00073146075
389,8,0.000848189
390,8,-7.645879e-05
391,8,0.0003120927
392,8,0.0005332697
393,8,0.0005687848
394,8,0.00089944527
395,8,0.00048285164
396,8,0.00051020365
397,8,0.0007013008
398,8,0.0007318547
399,8,0.00084547326
400,8,-1.8940307e-05
401,8,0.00066418014
402,8,0.0012064688
403,8,0.0003693821
404,8,0.0006809216
405,8,0.00076466985
406,8,0.0005542217
407,8,0.0006544031
408,8,0.00061089545
409,8,0.00046981126
410,8,0.00056182407
411,8,8.6631626e-05
412,8,0.0006480878
413,8,0.0005725734
414,8,0.0007041935
415,8,0.00044536963
416,8,0.0002060011
417,8,0.00017682463
418,8,0.0009700153
419,8,0.00059367716
420,8,0.00090173446
421,8,0.0005182363
422,8,0.00062917825
423,8,0.00065710116
424,8,0.00050885696
425,8,0.0006989883
426,8,0.0009019822
427,8,0.0006948132
428,8,0.00043820124
429,8,0.0005257325
430,8,0.0008660741
431,8,0.0004439531
432,8,0.0006742459
433,8,0.00029647164
434,8,0.0006536478
435,8,0.0008707419
436,8,0.0010128841
437,8,0.0003277287
438,8,0.0003922265
439,8,0.00018595438
440,8,0.0001841886
441,8,0.0006113369
442,8,0.00086553395
443,8,0.0007267473
444,8,0.001055981
445,8,0.0002014162
446,8,0.00047753844
447,8,0.0006129779
448,8,0.00091579556
449,8,0.0006473437
450,8,0.000113409944
451,8,0.00066667236
452,8,0.00046037976
453,8,0.0010114983
454,8,0.00054953806
455,8,0.00034171343
456,8,0.00019284058
457,8,0.0005601067
458,8,0.00094627216
459,8,0.0007808758
460,8,4.7902577e-05
461,8,0.0006893985
462,8,0.00091434736
463,8,0.00031032506
464,8,0.0010512434
465,8,-0.00014381576
466,8,0.00041292515
467,8,0.0007514786
468,8,0.00035483576
469,8,0.00038686208
470,8,0.00053974707
471,8,0.000102981925
472,8,0.00019696355
473,8,0.00040800497
474,8,-5.9549697e-05
475,8,0.0005502403
476,8,0.00041487627
477,8,0.00061442703
478,8,0.00072263926
479,8,0.00081116613
480,8,0.0006975103
481,8,0.0007367609
482,8,0.0003711665
483,8,5.6392513e-05
484,8,7.338263e-05
485,8,0.0006156638
486,8,0.000572809
487,8,0.00047807675
488,8,0.00016354397
489,8,0.0007173475
490,8,0.0009551374
491,8,0.00041060708
492,8,0.0005633775
493,8,0.000108311884
494,8,0.0009005405
0,9,0.00096640736
1,9,0.0001844773
2,9,0.00035302807
3,9,0.0006989762
4,9,
5,9,
6,9,
7,9,
8,9,
9,9,
10,9,
11,9,
12,9,
13,9,
14,9,
15,9,
16,9,3.1775795e-05
17,9,0.0009721136
18,9,0.0006113434
19,9,6.860029e-05
20,9,0.00020045135
21,9,0.00046712812
22,9,0.0009843372
23,9,0.0003594607
24,9,0.0008026138
25,9,0.0005145464
26,9,0.00048143324
27,9,0.00036345236
28,9,0.0002632765
29,9,0.00050049555
30,9,0.000830411
31,9,0.0005330285
32,9,0.00083269086
33,9,0.00048549008
34,9,0.00021786336
35,9,0.00024120044
36,9,0.0004405165
37,9,0.00045969617
38,9,0.0006273659
39,9,0.00020255521
40,9,0.00015775487
41,9,0.0008869516
42,9,0.00069724116
43,9,0.0002677217
44,9,5.714968e-05
45,9,0.0005696211
46,9,0.00021512713
47,9,0.00027514808
48,9,0.00024593994
49,9,0.0004349416
50,9,0.00030112546
51,9,0.0005348092
52,9,0.0006324155
53,9,0.0004422646
54,9,0.00013026688
55,9,0.00061892625
56,9,0.0007918654
57,9,0.0009279195
58,9,0.00035902113
59,9,0.0007854663
60,9,0.00027120113
61,9,0.0003259303
62,9,0.00053142756
63,9,0.0007869331
64,9,0.00049474835
65,9,0.00044401363
66,9,0.00025112182
67,9,0.0012137974
68,9,0.00047023688
69,9,0.0007907003
70,9,0.00044512376
71,9,0.00080415513
72,9,0.00062897056
73,9,0.00026071537
74,9,-8.383766e-06
75,9,0.00047875568
76,9,0.00076640304
77,9,0.0007131668
78,9,0.00018997677
79,9,0.0009473646
80,9,0.00076013803
81,9,0.0004949989
82,9,0.0007910477
83,9,0.0005407892
84,9,0.00015377067
85,9,0.00097510405
86,9,0.00074110366
87,9,0.00047633704
88,9,0.0006327722
89,9,0.00028960407
90,9,0.00063345954
91,9,0.00033931527
92,9,3.0901283e-05
93,9,0.00072592683
94,9,0.0005105594
95,9,0.00080379937
96,9,0.00050343946
97,9,0.0009930125
98,9,0.0005364325
99,9,0.0004254114
100,9,0.00093817804
101,9,0.0004001623
102,9,0.0005502142
103,9,0.001071766
104,9,0.000774988
105,9,0.0005788384
106,9,0.0005794717
107,9,0.00035289768
108,9,0.0007042559
109,9,0.00086104125
110,9,0.00054664817
111,9,0.00077632256
112,9,0.000396966
113,9,0.00081936456
114,9,0.00071402825
115,9,0.0007609166
116,9,0.0008646343
117,9,0.00092809554
118,9,0.0012979647
119,9,0.0007967716
120,9,0.0011494281
121,9,8.916017e-05
122,9,0.0011643581
123,9,0.0007559322
124,9,0.00039660186
125,9,0.0005049864
126,9,0.0010221368
127,9,0.0008720113
128,9,0.00054695737
129,9,0.0012511369
130,9,0.00061510596
131,9,0.00092493184
132,9,0.0007414287
133,9,0.00037026592
134,9,-9.722728e-05
135,9,0.0004923567
136,9,0.0004851343
137,9,-6.0476363e-05
138,9,0.00033414364
139,9,0.00032966118
140,9,0.0004186444
141,9,0.00023353379
142,9,0.00094467774
143,9,0.00017301459
144,9,8.728355e-06
145,9,0.00078695454
146,9,0.0005232999
147,9,0.00013385434
148,9,0.00016805809
149,9,
150,9,
151,9,
152,9,
153,9,
154,9,0.00022056326
155,9,0.0007397309
156,9,
157,9,0.00024267379
158,9,0.0007887976
159,9,0.0006555952
160,9,0.0003785044
161,9,0.00073466543
162,9,
163,9,
164,9,0.00012158882
165,9,
166,9,0.00026828516
167,9,
168,9,
169,9,
170,9,
171,9,
172,9,
173,9,
174,9,
175,9,
176,9,0.00087358896
177,9,0.00027259067
178,9,0.0007280698
179,9,0.00026967563
180,9,0.00060102064
181,9,0.00039146282
182,9,0.0004369449
183,9,0.0004262086
184,9,0.00057971757
185,9,0.00062762946
186,9,0.0008860016
187,9,0.0007414501
188,9,0.00033994857
189,9,0.0004198877
190,9,0.00029838458
191,9,0.0008006487
192,9,0.0006881468
193,9,0.00061869994
194,9,0.00075981487
195,9,0.00035070255
196,9,0.00034917146
197,9,0.0007172795
198,9,0.0006762929
199,9,0.00042564608
200,9,0.000984705
201,9,-0.0002487544
202,9,0.00039067958
203,9,0.00021362212
204,9,0.00014050491
205,9,0.0006520031
206,9,0.0001436444
207,9,0.0005939277
208,9,0.0002835933
209,9,0.000309214
210,9,0.00021104794
211,9,-0.00030451454
212,9,8.9749694e-05
213,9,0.00024975557
214,9,0.0005240496
215,9,0.00016854703
216,9,0.00067606755
217,9,0.00013340637
218,9,0.00017871708
219,9,0.0006678244
220,9,0.000605789
221,9,8.67974e-05
222,9,0.0010212902
223,9,0.0006114505
224,9,0.00071379263
225,9,0.0004209997
226,9,-0.00010899454
227,9,0.0005032392
228,9,0.00033779815
229,9,0.00029010512
230,9,0.0010799523
231,9,0.0007217135
232,9,-8.784421e-05
233,9,5.1769428e-05
234,9,0.00038793962
235,9,0.00062042754
236,9,0.0007728534
237,9,0.00092746504
238,9,2.3381785e-05
239,9,0.0005421955
240,9,0.0005373545
241,9,0.00018708408
242,9,0.00024794508
243,9,0.0006569959
244,9,0.0003960086
245,9,0.00028034858
246,9,0.00083807483
247,9,0.0004254803
248,9,0.0003775917
249,9,0.0004655309
250,9,0.00095217675
251,9,0.0005771853
252,9,0.0006394647
253,9,0.0007075798
254,9,0.00095804315
255,9,0.00027248636
256,9,0.000950614
257,9,0.0007318221
258,9,0.0002880916
259,9,0.00091773644
260,9,0.0003021499
261,9,0.0007611001
262,9,0.0007252507
263,9,0.00017231517
264,9,0.00023933314
265,9,0.0007841075
266,9,0.00054444466
267,9,0.0004380215
268,9,0.00079941284
269,9,0.000919248
270,9,0.00066880323
271,9,-2.6917085e-05
272,9,0.00017162226
273,9,0.00069943443
274,9,0.00052513834
275,9,0.000803194
276,9,-2.24635e-05
277,9,0.00083989184
278,9,0.0003611762
279,9,0.0004193643
280,9,0.0008349642
281,9,0.0005775858
282,9,0.00041912496
283,9,0.00031419937
284,9,0.0007931283
285,9,0.0004974101
286,9,0.00014965609
287,9,0.00047816336
288,9,0.00040245336
289,9,0.00015538651
290,9,0.0005941149
291,9,0.00026035123
292,9,0.00045812223
293,9,0.00016410649
294,9,0.00016600545
295,9,0.0010891343
296,9,0.00053472724
297,9,0.00079363585
298,9,0.000545213
299,9,0.0009064693
300,9,0.00071270857
301,9,0.00025726762
302,9,0.0009584697
303,9,-4.4565648e-05
304,9,0.0003855871
305,9,0.00060448516
306,9,
307,9,
308,9,0.0003861934
309,9,0.0004566023
310,9,
311,9,
312,9,0.000593096
313,9,0.0003996743
314,9,0.0009904746
315,9,0.0007058801
316,9,0.0007103039
317,9,0.00019474141
318,9,0.0006792452
319,9,-8.162856e-05
320,9,
321,9,
322,9,
323,9,
324,9,
325,9,
326,9,
327,9,
328,9,
329,9,
330,9,
331,9,
332,9,
333,9,
334,9,
335,9,
336,9,
337,9,
338,9,
339,9,
340,9,0.000271691
341,9,
342,9,0.0012266831
343,9,0.0006313054
344,9,9.44268e-06
345,9,8.4222294e-05
346,9,0.00020598061
347,9,-9.164587e-05
348,9,0.00056664087
349,9,-4.232861e-05
350,9,0.00035104062
351,9,-0.00021099858
352,9,0.00014876574
353,9,0.00049636234
354,9,0.00032154936
355,9,0.0006673075
356,9,0.0005160719
357,9,0.0004878817
358,9,0.00060614944
359,9,0.0009275228
360,9,0.00050742365
361,9,0.00034708716
362,9,0.0008225329
363,9,0.00047000125
364,9,0.0003851941
365,9,0.0003690729
366,9,0.00053968653
367,9,0.0009943256
368,9,0.00063103717
369,9,0.00050383806
370,9,0.00041629933
371,9,0.00081213564
372,9,0.0002797125
373,9,0.00028773863
374,9,0.0004536528
375,9,0.00061406475
376,9,0.0008286815
377,9,0.0005524913
378,9,0.0006460836
379,9,0.0004150262
380,9,0.0003604591
381,9,0.00096249115
382,9,0.00035500433
383,9,0.00017942954
384,9,6.3408166e-05
385,9,0.00041317102
386,9,0.000502564
387,9,0.0006057294
388,9,0.000569487
389,9,0.00075111724
390,9,0.0007696878
391,9,0.0009962115
392,9,0.0008115582
393,9,0.0004916396
394,9,0.00035625137
395,9,0.00018512737
396,9,0.0006768126
397,9,0.00043208152
398,9,0.00081015006
399,9,0.0010946477
400,9,0.00018272828
401,9,0.0007348899
402,9,0.00023479201
403,9,0.0006399071
404,9,0.00075616874
405,9,0.00034354813
406,9,0.0005165674
407,9,0.0005999878
408,9,0.0004987316
409,9,0.00036191568
410,9,0.00033206865
411,9,0.0009246757
412,9,0.00041808002
413,9,0.00044139475
414,9,0.0005971184
415,9,0.00044258218
416,9,0.00070934836
417,9,0.00011104159
418,9,0.0010843175
419,9,0.0005594166
420,9,0.00022156537
421,9,0.00044660363
422,9,0.0007273406
423,9,0.00097483955
424,9,0.00034336932
425,9,0.00096099265
426,9,0.00046772044
427,9,0.0001810547
428,9,0.00048101135
429,9,0.0002912348
430,9,-0.00011009537
431,9,0.0006175265
432,9,-7.92928e-06
433,9,0.00087727513
434,9,0.00035107695
435,9,7.028319e-05
436,9,0.00034370087
437,9,0.0002091974
438,9,0.00018697139
439,9,0.00089311507
440,9,0.00066952966
441,9,0.0004175529
442,9,0.000499296
443,9,0.0007231971
444,9,0.0006411122
445,9,0.0003311159
446,9,0.00052163843
447,9,0.00023446791
448,9,0.00042920187
449,9,0.0006294204
450,9,0.0003170576
451,9,0.00044016074
452,9,0.00031036418
453,9,0.0009200992
454,9,0.000322707
455,9,0.00078939367
456,9,0.0006299624
457,9,8.032378e-05
458,9,0.00011462066
459,9,-0.00014004018
460,9,0.0006535463
461,9,-7.870328e-05
462,9,0.00059062056
463,9,0.00084207393
464,9,0.00042999256
465,9,0.0005884273
466,9,0.0009524487
467,9,0.00069982
468,9,-5.119387e-05
469,9,0.00067901146
470,9,0.000402404
471,9,0.0004972052
472,9,0.00024446193
473,9,0.0004306659
474,9,0.0004922692
475,9,0.0009702947
476,9,0.00048269145
477,9,0.0007055588
478,9,0.0006960463
479,9,0.00042682607
480,9,0.0005711792
481,9,0.00056662783
482,9,0.000370875
483,9,0.00040589646
484,9,0.00033758674
485,9,0.0008119121
486,9,0.00037515815
487,9,0.00072691217
488,9,0.0005781483
489,9,0.00086478237
490,9,0.0011129985
491,9,0.00048537273
492,9,0.00069045275
493,9,0.00035364088
494,9,0.0007442832
0,10,0.00061178394
1,10,0.00021693297
2,10,
3,10,
4,10,
5,10,
6,10,
7,10,
8,10,
9,10,
10,10,
11,10,
12,10,
13,10,
14,10,0.000574898
15,10,
16,10,0.0009675389
17,10,0.0012198724
18,10,0.00016815029
19,10,0.0002039466
20,10,0.0003878791
21,10,0.00043680333
22,10,0.0009880718
23,10,0.0005629398
24,10,0.000141792
25,10,0.0005088961
26,10,0.00027290452
27,10,0.00023990404
28,10,0.00077756494
29,10,-0.00035430305
30,10,0.0003255168
31,10,0.00019203033
32,10,0.00030648895
33,10,0.0005849218
34,10,0.0006876001
35,10,0.00018792786
36,10,0.0005308939
37,10,0.00066787936
38,10,0.00080450345
39,10,-2.5264919e-05
40,10,0.00047985557
41,10,0.00019481312
42,10,0.00061806384
43,10,0.00047683902
44,10,0.0006568311
45,10,0.00092552137
46,10,0.00082796067
47,10,0.0003439365
48,10,0.0007288512
49,10,8.4039755e-05
50,10,0.0007653255
51,10,0.0009266017
52,10,0.0003581373
53,10,0.00036856532
54,10,0.00034986436
55,10,0.0007339241
56,10,0.00091432873
57,10,0.0009404728
58,10,0.00010702945
59,10,0.00081292726
60,10,0.0007646028
61,10,0.0010879692
62,10,0.0005803183
63,10,0.0007823575
64,10,0.000641617
65,10,0.0010405239
66,10,0.0005637277
67,10,0.0007757917
68,10,0.00033435784
69,10,0.0012194365
70,10,0.000112763606
71,10,0.00049041584
72,10,0.0005150316
73,10,0.0006940495
74,10,0.00035880972
75,10,0.00048804935
76,10,0.0003716387
77,10,0.0006403122
78,10,0.00061585754
79,10,0.0006525321
80,10,0.00046549737
81,10,0.00015005376
82,10,0.00077531673
83,10,0.0006226525
84,10,0.0009153895
85,10,0.000977532
86,10,0.0009751329
87,10,0.00082254596
88,10,0.00036478415
89,10,0.00041518454
90,10,8.177571e-05
91,10,0.0005693119
92,10,0.00047581084
93,10,0.00069083367
94,10,0.0005836338
95,10,0.00069557596
96,10,0.0010548662
97,10,0.0012391815
98,10,0.0002897987
99,10,-3.206916e-05
100,10,0.001254892
101,10,0.0010776008
102,10,0.0011988701
103,10,0.000617655
104,10,0.0006731888
105,10,0.0005664043
106,10,0.00081179664
107,10,0.0005351128
108,10,0.00068351906
109,10,0.00079671666
110,10,0.0006114952
111,10,0.00049993955
112,10,0.00068779197
113,10,0.00061412156
114,10,0.00093360525
115,10,0.0005679019
116,10,0.0013378281
117,10,0.0006915843
118,10,0.0007866798
119,10,0.00078843907
120,10,0.00093039963
121,10,0.00062894076
122,10,0.0008595679
123,10,0.000373967
124,10,0.0010925308
125,10,0.0005540876
126,10,0.0011314983
127,10,0.0005614739
128,10,0.0006237747
129,10,0.00073835254
130,10,0.0006902488
131,10,0.00059346575
132,10,0.00050276145
133,10,0.00059563294
134,10,0.00080804806
135,10,0.0006287731
136,10,0.00091147143
137,10,0.000692958
138,10,0.0013153274
139,10,0.0001205625
140,10,0.0011374811
141,10,0.0003883522
142,10,0.00025960617
143,10,0.0007482255
144,10,2.8301962e-05
145,10,0.00044652075
146,10,6.30673e-05
147,10,0.0006028712
148,10,0.00066687725
149,10,
150,10,
151,10,
152,10,0.00043206848
153,10,0.00029296707
154,10,0.00069416873
155,10,0.000588445
156,10,0.00043256022
157,10,0.0010725269
158,10,0.0005032299
159,10,0.0003166506
160,10,0.00040301867
161,10,0.0010808799
162,10,0.001089178
163,10,0.0007775938
164,10,0.0010272879
165,10,0.0002705399
166,10,0.0007135775
167,10,
168,10,0.0006142892
169,10,
170,10,
171,10,
172,10,
173,10,
174,10,
175,10,
176,10,0.00068970583
177,10,4.1995198e-05
178,10,0.0009271912
179,10,0.00023438595
180,10,0.00032839738
181,10,4.843995e-05
182,10,0.0005522268
183,10,0.0004590284
184,10,0.00032272656
185,10,0.0008300552
186,10,0.00050275866
187,10,0.00033140462
188,10,0.00043621752
189,10,0.0004079854
190,10,0.00034558773
191,10,0.00076815486
192,10,0.00029090792
193,10,0.00030414015
194,10,0.00063428655
195,10,1.8515624e-05
196,10,0.0005548764
197,10,0.0005916869
198,10,0.00013878476
199,10,0.0005732579
200,10,0.00062293466
201,10,0.0008284701
202,10,0.0001440337
203,10,0.00053005014
204,10,0.00061726477
205,10,0.00019575283
206,10,0.00025516283
207,10,0.00030459184
208,10,-5.9761107e-05
209,10,0.000606657
210,10,0.00094860885
211,10,2.7338043e-05
212,10,0.00033280812
213,10,0.0002807798
214,10,-1.7177314e-05
215,10,0.0008734651
216,10,0.00060216896
217,10,7.694401e-05
218,10,0.0004521301
219,10,0.00052239187
220,10,-0.00023730937
221,10,0.000105742365
222,10,-0.00017533358
223,10,0.00033261534
224,10,0.0004668096
225,10,0.00044889096
226,10,0.00046496745
227,10,0.0005868338
228,10,0.00073398557
229,10,0.00031927507
230,10,0.00033018552
231,10,0.0011323215
232,10,0.00020736735
233,10,0.0005395543
234,10,0.00023864862
235,10,0.00035070442
236,10,0.00084607676
237,10,0.00065190066
238,10,0.0006728871
239,10,0.0007970594
240,10,0.00069689937
241,10,0.00025375932
242,10,0.0007081777
243,10,0.0005547162
244,10,0.00061563216
245,10,0.0006613629
246,10,0.00091631245
247,10,0.00025174487
248,10,0.0002459325
249,10,0.0003225645
250,10,0.00031795911
251,10,0.0010073073
252,10,0.00081370305
253,10,0.0006532902
254,10,0.0006441921
255,10,0.00092774816
256,10,0.00063320715
257,10,0.0007529976
258,10,0.0005137967
259,10,0.00037601218
260,10,0.0006181421
261,10,0.00044758152
262,10,0.0004811138
263,10,0.000870863
264,10,0.00045393873
265,10,0.00070475414
266,10,0.0011548046
267,10,0.0011733612
268,10,0.00063307583
269,10,0.00091092195
270,10,0.00020837225
271,10,0.0006894544
272,10,0.0009168703
273,10,0.0005127974
274,10,0.0008532936
275,10,0.00033716578
276,10,0.0005283216
277,10,0.00054861605
278,10,0.00047184527
279,10,0.0002179686
280,10,0.00028348062
281,10,0.00010545645
282,10,0.00051417854
283,10,0.00085187703
284,10,0.00033928826
285,10,0.00069131237
286,10,0.00043733604
287,10,0.00010637473
288,10,0.00046148803
289,10,0.0006244285
290,10,0.00044135656
291,10,4.6646222e-05
292,10,0.00028084219
293,10,0.000481789
294,10,2.9838644e-05
295,10,0.00086796656
296,10,0.00076556765
297,10,0.00034933165
298,10,0.0004701186
299,10,0.00047837943
300,10,0.0006973408
301,10,0.0007310752
302,10,0.000619947
303,10,0.0002202671
304,10,0.0003960859
305,10,
306,10,8.9045614e-05
307,10,0.00027631596
308,10,0.00034077093
309,10,
310,10,
311,10,
312,10,0.00069113914
313,10,0.00043339469
314,10,0.0005158121
315,10,0.00040038675
316,10,0.00019110646
317,10,0.00030681118
318,10,0.0005728686
319,10,0.00032425765
320,10,3.0376017e-05
321,10,
322,10,
323,10,
324,10,0.00048831385
325,10,
326,10,
327,10,
328,10,
329,10,
330,10,
331,10,0.0002804594
332,10,0.0003274139
333,10,
334,10,
335,10,0.0010225829
336,10,
337,10,
338,10,
339,10,0.00038739387
340,10,0.00032019708
341,10,0.00060508214
342,10,0.00021533854
343,10,0.00012747105
344,10,0.000674434
345,10,-0.00028451718
346,10,0.00022492744
347,10,0.00033148564
348,10,0.000427044
349,10,0.00046154764
350,10,0.000204999
351,10,-7.729232e-05
352,10,0.000329474
353,10,0.00031602103
354,10,0.001037336
355,10,0.0006134473
356,10,0.00061924476
357,10,0.00047058426
358,10,0.000668115
359,10,0.0006009741
360,10,0.00032365322
361,10,0.00025598705
362,10,0.0003220942
363,10,0.0009902567
364,10,0.00071619544
365,10,0.00081259105
366,10,0.00020924117
367,10,0.0010858681
368,10,0.00020656176
369,10,0.00044943206
370,10,0.00068037864
371,10,0.000726738
372,10,0.000343862
373,10,0.0010596197
374,10,0.0005904902
375,10,0.0006097397
376,10,0.0003859531
377,10,0.00033180043
378,10,0.00025006663
379,10,0.00091700256
380,10,0.00058781635
381,10,0.00063576177
382,10,0.0005539693
383,10,0.000880898
384,10,0.0004262207
385,10,0.00074566156
386,10,0.0008711908
387,10,0.0007040454
388,10,0.0006075455
389,10,0.0004930813
390,10,0.00034967437
391,10,0.0005922215
392,10,0.0003048526
393,10,0.0010057539
394,10,0.0007063709
395,10,0.000534134
396,10,0.00040981174
397,10,0.0007890407
398,10,0.0004913956
399,10,0.00032025576
400,10,0.00042941328
401,10,0.0007178774
402,10,0.0007132292
403,10,0.00041311327
404,10,0.00060910825
405,10,0.00028940663
406,10,0.000615702
407,10,0.00058910996
408,10,0.00022441987
409,10,0.000794149
410,10,4.5533292e-05
411,10,0.00035361573
412,10,0.0006032679
413,10,0.00051254407
414,10,0.0006953748
415,10,0.0003648214
416,10,0.0006844159
417,10,0.00076114107
418,10,0.00087541714
419,10,0.00065446645
420,10,0.0005653426
421,10,0.00026746932
422,10,0.00080850907
423,10,0.00049213413
424,10,0.0007742746
425,10,0.00049468223
426,10,0.00025312416
427,10,0.00029389188
428,10,0.0001678085
429,10,0.00047176145
430,10,0.0001862282
431,10,0.00039024
432,10,0.0004507387
433,10,0.00046472065
434,10,0.000922584
435,10,0.00020685233
436,10,0.00037254207
437,10,0.00044465065
438,10,0.00061169453
439,10,0.00018214993
440,10,0.00074876007
441,10,2.5555491e-05
442,10,0.00079461746
443,10,0.0007449668
444,10,0.0008786209
445,10,0.0011379523
446,10,0.0005873544
447,10,0.0005139047
448,10,0.0006301701
449,10,0.0003520418
450,10,-0.00042731315
451,10,0.00031018816
452,10,0.0003498057
453,10,0.0003191419
454,10,0.00031113066
455,10,-0.00013467018
456,10,0.00088584423
457,10,0.00092277676
458,10,0.0002664551
459,10,0.00027331337
460,10,0.0003656661
461,10,0.0009110896
462,10,0.00027766544
463,10,8.2553364e-05
464,10,0.00057023205
465,10,0.00080800615
466,10,0.00036558788
467,10,0.00033043977
468,10,0.0001177229
469,10,0.00059593003
470,10,0.00020757876
471,10,7.952936e-05
472,10,0.0005703084
473,10,0.00038861018
474,10,0.00056944974
475,10,0.0009698756
476,10,0.00045793597
477,10,0.0008080397
478,10,0.00062150694
479,10,-0.000106432475
480,10,0.0007632375
481,10,-5.2561052e-05
482,10,0.0005588345
483,10,0.0011189356
484,10,0.0005468419
485,10,0.0004894342
486,10,0.0007388098
487,10,0.00079189055
488,10,0.0003691595
489,10,0.0006783549
490,10,0.00051872805
491,10,0.00077327434
492,10,0.0011543147
493,10,0.0005868273
494,10,0.00068199635
0,11,0.00063495897
1,11,
2,11,0.00062848814
3,11,9.603985e-05
4,11,
5,11,
6,11,
7,11,
8,11,
9,11,
10,11,
11,11,
12,11,
13,11,
14,11,
15,11,8.7131746e-05
16,11,
17,11,
18,11,0.0004714504
19,11,0.00095081143
20,11,0.00053617824
21,11,0.0009165043
22,11,0.00038323738
23,11,0.0006665308
24,11,0.0012179967
25,11,0.00014286116
26,11,-0.00025243685
27,11,0.0014132299
28,11,0.0006311862
29,11,0.00031262916
30,11,0.001311793
31,11,0.00076706987
32,11,0.00044806302
33,11,0.00044078752
34,11,0.00093477126
35,11,0.0007335469
36,11,0.00078359153
37,11,0.00061255414
38,11,0.0010223538
39,11,0.00010234304
40,11,0.0003767293
41,11,0.0004251022
42,11,0.001065488
43,11,0.00049602706
44,11,-0.00020376779
45,11,0.00027064327
46,11,0.00034884177
47,11,0.0005815169
48,11,0.00023427978
49,11,0.00013857987
50,11,0.0005465299
51,11,0.00034937914
52,11,0.00048394036
53,11,0.00072712544
54,11,0.0007963143
55,11,0.00047737267
56,11,-4.317332e-05
57,11,0.0006506806
58,11,0.0004273299
59,11,0.00010560546
60,11,0.0006254427
61,11,0.0003511142
62,11,0.000293985
63,11,0.00078164134
64,11,0.00079194177
65,11,0.0010959813
66,11,0.00022352487
67,11,0.00016845763
68,11,0.00047328416
69,11,0.0001807753
70,11,0.00048000552
71,11,0.0005777208
72,11,0.0007074941
73,11,0.0008564051
74,11,0.0003494611
75,11,0.00047876593
76,11,0.00051596295
77,11,0.00052438676
78,11,0.0005933177
79,11,0.00033217762
80,11,0.00010121241
81,11,0.0002669152
82,11,0.00040685292
83,11,0.00070368405
84,11,0.0007362291
85,11,0.00023095869
86,11,0.00054153055
87,11,0.00030020624
88,11,0.0005581118
89,11,0.00075975433
90,11,0.00016661268
91,11,0.0010647066
92,11,0.00044372305
93,11,0.00058186986
94,11,0.0005564019
95,11,0.0009982111
96,11,0.0005579684
97,11,0.00087010115
98,11,0.00021657627
99,11,0.0007854635
100,11,0.0005026497
101,11,0.00027066004
102,11,0.000397034
103,11,0.00035672635
104,11,0.00049132295
105,11,0.0009819362
106,11,0.0007581236
107,11,0.0009800969
108,11,0.000641861
109,11,0.0002715476
110,11,0.0009452151
111,11,0.00080992095
112,11,0.00038871262
113,11,0.00040346105
114,11,0.0004616212
115,11,0.00035669375
116,11,0.0009817174
117,11,0.00046040863
118,11,0.00055481866
119,11,0.0004135687
120,11,0.00027654227
121,11,0.00077599473
122,11,0.0007084133
123,11,0.0009837449
124,11,0.00060243625
125,11,0.00049949065
126,11,0.0007597059
127,11,0.001305677
128,11,0.0007754555
129,11,0.00094585866
130,11,0.00065555423
131,11,0.00019176211
132,11,0.0002041012
133,11,0.0006890185
134,11,0.001109764
135,11,0.00047607627
136,11,0.00037826598
137,11,0.00024281256
138,11,0.00080043264
139,11,0.0004521301
140,11,0.0012597525
141,11,0.00035089627
142,11,0.0010815347
143,11,0.0008148188
144,11,8.7102875e-05
145,11,0.00076542515
146,11,0.000881942
147,11,0.0006638514
148,11,-0.00012729596
149,11,0.00066032074
150,11,
151,11,
152,11,
153,11,0.000741574
154,11,0.00073441863
155,11,0.0010575466
156,11,0.0003778413
157,11,0.00038807094
158,11,0.0005499711
159,11,0.00071308296
160,11,5.745329e-05
161,11,0.0007306412
162,11,0.00079324003
163,11,0.0001961207
164,11,0.0011352105
165,11,0.0014561992
166,11,0.00045250542
167,11,0.0010475442
168,11,
169,11,
170,11,
171,11,
172,11,
173,11,
174,11,
175,11,
176,11,0.00019986834
177,11,0.00015369151
178,11,0.0010719569
179,11,6.600469e-05
180,11,0.0003002733
181,11,-0.000104805455
182,11,1.9609928e-05
183,11,0.000390823
184,11,0.0003573913
185,11,0.000482711
186,11,8.511357e-06
187,11,0.00041594356
188,11,0.00070141815
189,11,0.0006766552
190,11,0.00034873933
191,11,8.8455155e-05
192,11,0.0009973468
193,11,0.00096042175
194,11,-0.00020634755
195,11,0.00033298973
196,11,0.00040131528
197,11,0.00054707564
198,11,0.0005512312
199,11,0.0005941447
200,11,0.0010364093
201,11,0.000108325854
202,11,-0.00019024033
203,11,0.00028911978
204,11,7.9877675e-05
205,11,0.000147379
206,11,0.00038466882
207,11,0.00047912076
208,11,0.0004042955
209,11,4.125666e-05
210,11,0.00015342887
211,11,-9.250548e-05
212,11,0.00019527785
213,11,0.0005904734
214,11,0.0005660886
215,11,0.00061529037
216,11,0.00044725556
217,11,0.000827658
218,11,0.00060560927
219,11,0.0010510981
220,11,0.0005952548
221,11,0.0004104888
222,11,0.00050404016
223,11,0.0010965001
224,11,0.00058925524
225,11,0.0005754195
226,11,0.0005720388
227,11,0.00030758884
228,11,-2.834946e-05
229,11,0.00028873608
230,11,0.00040191598
231,11,0.0007520309
232,11,0.00031832978
233,11,0.0005333936
234,11,0.00045021623
235,11,0.00038377102
236,11,0.00080309995
237,11,0.00027884915
238,11,0.0004219832
239,11,0.0004334813
240,11,0.00070176646
241,11,0.00079489313
242,11,0.00061678793
243,11,0.00085361674
244,11,0.00031702034
245,11,0.0010786196
246,11,0.00036498997
247,11,0.0009852378
248,11,0.0006065015
249,11,0.0005992353
250,11,0.00068266876
251,11,0.0010969061
252,11,0.0002644537
253,11,0.0005726712
254,11,0.0009973422
255,11,0.0006406661
256,11,0.0005593486
257,11,0.0006292304
258,11,0.000114184804
259,11,0.0003565764
260,11,0.00061867014
261,11,0.00050461385
262,11,0.00054321345
263,11,0.0005935384
264,11,0.0003068056
265,11,0.0008078227
266,11,0.00039897207
267,11,0.0002748547
268,11,0.00027440675
269,11,0.00060889125
270,11,0.00026022457
271,11,0.0008074278
272,11,0.0008432884
273,11,0.000585041
274,11,0.0003856942
275,11,0.00061529595
276,11,0.0006466331
277,11,0.00065168925
278,11,0.0003809929
279,11,0.0007272493
280,11,0.0005655773
281,11,0.0007335134
282,11,0.00016744528
283,11,0.0001853574
284,11,0.00029888097
285,11,0.00094479695
286,11,0.00030211546
287,11,0.00083936844
288,11,0.0009227246
289,11,0.00066992827
290,11,0.00033828057
291,11,0.00014072284
292,11,0.00031018816
293,11,3.1142496e-05
294,11,0.00032319129
295,11,0.00027147587
296,11,0.00061305147
297,11,0.00040664524
298,11,0.00039708987
299,11,0.0007617604
300,11,0.0006851312
301,11,0.00046324637
302,11,0.00073942356
303,11,0.0001687035
304,11,0.0010306519
305,11,0.000110460445
306,11,
307,11,0.0001754472
308,11,
309,11,
310,11,
311,11,
312,11,0.00023726467
313,11,0.00023822859
314,11,0.0003361525
315,11,0.00068610255
316,11,0.00070206076
317,11,0.00036222488
318,11,0.0008565737
319,11,0.0005102102
320,11,0.00032622926
321,11,
322,11,
323,11,
324,11,
325,11,
326,11,
327,11,
328,11,
329,11,
330,11,
331,11,
332,11,
333,11,
334,11,
335,11,
336,11,
337,11,
338,11,
339,11,
340,11,0.0004129149
341,11,0.00055640657
342,11,0.0005988665
343,11,0.0008679796
344,11,0.00027634948
345,11,0.00064201
346,11,0.00028268434
347,11,0.00020557363
348,11,0.00027866662
349,11,0.0009942809
350,11,0.00056920387
351,11,0.00064410176
352,11,0.0003822688
353,11,0.0005766181
354,11,0.00082759
355,11,0.00040872674
356,11,0.00043484848
357,11,0.0006001508
358,11,3.834255e-05
359,11,0.00060011726
360,11,0.000701515
361,11,0.0007370198
362,11,0.0006548278
363,11,0.0007352531
364,11,0.00015262514
365,11,0.0005724989
366,11,8.017942e-05
367,11,0.0006640041
368,11,0.00096571166
369,11,0.00042137317
370,11,0.0007737875
371,11,0.00047217123
372,11,0.0009848448
373,11,0.0009665089
374,11,0.00038760528
375,11,0.00078795943
376,11,0.0009335531
377,11,0.0002634935
378,11,0.00033520255
379,11,0.00054688286
380,11,0.0008887667
381,11,0.0010661194
382,11,0.0010605054
383,11,0.0005078791
384,11,0.00094341394
385,11,0.0005346481
386,11,0.0008649165
387,11,0.00028371997
388,11,0.0011498779
389,11,0.0006588446
390,11,0.00046626292
391,11,0.00075179804
392,11,0.000466316
393,11,0.000409198
394,11,0.000919153
395,11,0.00020520017
396,11,0.0005671689
397,11,0.00040979963
398,11,0.0007202113
399,11,0.0007558055
400,11,0.00033377018
401,11,0.0004417412
402,11,9.1941096e-05
403,11,0.0005753413
404,11,0.00021209661
405,11,0.00066198874
406,11,0.0005132118
407,11,0.0007236805
408,11,0.00029647723
409,11,0.0006788708
410,11,0.0008727405
411,11,0.00031027477
412,11,0.00035424437
413,11,0.00034288596
414,11,0.0002543414
415,11,0.00069734734
416,11,0.0007508956
417,11,0.00032158569
418,11,0.00034664385
419,11,0.0004248526
420,11,0.0004760772
421,11,0.0005604243
422,11,0.00078001805
423,11,0.00069151726
424,11,0.00035150163
425,11,0.00018470641
426,11,0.0006575547
427,11,0.00077269133
428,11,0.0008670967
429,11,0.00037329923
430,11,0.00025055278
431,11,0.0006644521
432,11,0.00047934987
433,11,0.00015042722
434,11,0.0006681448
435,11,0.00038743299
436,11,0.00026509818
437,11,5.438272e-05
438,11,0.00043622684
439,11,0.00032447278
440,11,0.00047612563
441,11,0.00029333308
442,11,0.00028209295
443,11,0.0005418407
444,11,0.0006328067
445,11,0.0002885433
446,11,7.7912584e-05
447,11,0.00030836836
448,11,0.0007566819
449,11,0.0001555048
450,11,0.00062208995
451,11,3.545545e-05
452,11,0.000568836
453,11,0.0010200366
454,11,0.0008223718
455,11,0.00055425894
456,11,8.4694475e-05
457,11,0.00058273785
458,11,0.0006772047
459,11,0.0007242132
460,11,0.00063451845
461,11,0.0006904295
462,11,0.00078754965
463,11,0.00012398977
464,11,0.00039967336
465,11,0.00011408236
466,11,0.00036126282
467,11,0.0004550554
468,11,0.00042998977
469,11,0.00019981526
470,11,6.275065e-05
471,11,0.00054495875
472,11,2.6663765e-05
473,11,0.00039983913
474,11,0.0006177705
475,11,0.00082072057
476,11,0.0006093923
477,11,0.00034011248
478,11,0.0005565714
479,11,0.00074162055
480,11,0.0008603018
481,11,0.00029023737
482,11,0.00040860288
483,11,0.0009785248
484,11,0.00035278872
485,11,0.0007759016
486,11,0.00030496903
487,11,0.00044780783
488,11,0.0002459949
489,11,0.00067200325
490,11,0.0006535286
491,11,0.0008531334
492,11,0.00036554039
493,11,0.0004372308
494,11,0.00039121415
0,12,0.00055094436
1,12,0.0005396288
2,12,0.0011943066
3,12,
4,12,
5,12,
6,12,
7,12,
8,12,
9,12,
10,12,
11,12,
12,12,
13,12,
14,12,
15,12,
16,12,
17,12,
18,12,0.00020211842
19,12,0.0006784685
20,12,0.00046946667
21,12,0.00059710816
22,12,0.0006130291
23,12,0.00018274318
24,12,-0.00021297392
25,12,-3.948994e-05
26,12,0.00022299495
27,12,0.0011052759
28,12,0.0005035
29,12,0.00059492234
30,12,0.00043395255
31,12,0.0006780997
32,12,0.00034443568
33,12,-0.00021566264
34,12,0.0006174566
35,12,0.0002810955
36,12,0.0010455493
37,12,0.0005553169
38,12,0.0004680734
39,12,0.00012547523
40,12,0.00070940144
41,12,0.0006730966
42,12,0.0008955039
43,12,0.00037170853
44,12,0.0005115466
45,12,0.00018089451
46,12,0.0005556587
47,12,0.0005294457
48,12,0.0004443014
49,12,0.0006836895
50,12,0.00040830206
51,12,0.00024850387
52,12,-0.00011683814
53,12,0.0004939297
54,12,0.00013328344
55,12,0.00059914496
56,12,0.0008188514
57,12,0.00052974094
58,12,0.00053589046
59,12,0.00018566474
60,12,0.0007568002
61,12,0.0011357181
62,12,0.0004386278
63,12,0.00065754633
64,12,0.0007247878
65,12,0.001017266
66,12,0.00049376115
67,12,0.0007808842
68,12,0.00038525648
69,12,0.0008586012
70,12,0.00054114126
71,12,0.001066328
72,12,0.00081519317
73,12,0.0004705293
74,12,0.0008868193
75,12,0.0007030815
76,12,0.00041615963
77,12,0.00055989437
78,12,0.0005010087
79,12,0.00029016938
80,12,0.00055732764
81,12,0.00049458165
82,12,6.635394e-05
83,12,0.0005962672
84,12,
85,12,
86,12,0.00044306833
87,12,0.00056423247
88,12,0.00050046016
89,12,0.00023616571
90,12,0.00031375978
91,12,0.000523258
92,12,0.00066071004
93,12,0.00053751376
94,12,0.0003836872
95,12,-5.4835342e-05
96,12,0.0004924992
97,12,0.00087472424
98,12,0.0006541349
99,12,0.00044261292
100,12,0.0002952423
101,12,0.0007761782
102,12,0.00059870724
103,12,0.0004548272
104,12,0.0006868113
105,12,0.00075079314
106,12,0.00076308567
107,12,0.0005821353
108,12,0.00064980425
109,12,0.0009878855
110,12,0.0005883137
111,12,0.0003067199
112,12,0.00060849544
113,12,0.0007082615
114,12,0.00040541496
115,12,0.00058460794
116,12,0.0005017854
117,12,0.0008102413
118,12,0.0010401187
119,12,0.0009804098
120,12,0.00086148083
121,12,0.00073217694
122,12,0.00066935644
123,12,0.0009333892
124,12,0.0004911851
125,12,0.0005953694
126,12,0.0009917859
127,12,0.0006142203
128,12,0.0005778596
129,12,0.0010286001
130,12,0.0008848645
131,12,0.0004320806
132,12,0.0005102921
133,12,0.00093875825
134,12,0.0005319081
135,12,0.00040118024
136,12,0.00028778147
137,12,0.0012117634
138,12,0.00036004372
139,12,0.0005854964
140,12,0.00090571307
141,12,0.00046576187
142,12,0.0010492839
143,12,0.000449609
144,12,0.0006227903
145,12,0.0005190857
146,12,0.00096976757
147,12,0.000877019
148,12,-4.9268827e-05
149,12,
150,12,0.0002462808
151,12,0.00093514565
152,12,
153,12,7.310882e-06
154,12,0.00043229572
155,12,0.00075404346
156,12,0.0008915933
157,12,0.00058137346
158,12,0.0005559437
159,12,0.0006110193
160,12,0.00068250205
161,12,0.00019588508
162,12,0.00016257353
163,12,0.0007694587
164,12,0.00041704345
165,12,0.0006883191
166,12,0.00026630983
167,12,0.0012760498
168,12,
169,12,
170,12,
171,12,
172,12,
173,12,0.0011112215
174,12,
175,12,
176,12,0.00031176023
177,12,0.00082681887
178,12,0.00035911053
179,12,0.00043537375
180,12,0.00033971388
181,12,0.00019883364
182,12,0.00025952142
183,12,0.0006436687
184,12,-1.3336539e-06
185,12,0.00033521932
186,12,0.0007182574
187,12,0.00079791807
188,12,0.00081597455
189,12,0.00082758814
190,12,0.00048471242
191,12,0.00029648747
192,12,0.00012313761
193,12,0.00022565015
194,12,0.0001393864
195,12,0.00062153395
196,12,0.0005676346
197,12,0.00031798147
198,12,0.00015144981
199,12,3.4678727e-05
200,12,0.0003099572
201,12,0.00058346987
202,12,0.00033924542
203,12,0.00047074165
204,12,0.00016524829
205,12,0.0012384299
206,12,0.00067399815
207,12,7.610489e-05
208,12,0.00035793334
209,12,0.00041301828
210,12,0.000107693486
211,12,0.00082511734
212,12,0.00048164092
213,12,0.00022112392
214,12,0.0008234959
215,12,0.0005207537
216,12,0.000492068
217,12,0.00011852849
218,12,0.000620964
219,12,0.00016643852
220,12,0.00034115463
221,12,0.00024502724
222,12,0.0007268209
223,12,0.00029522274
224,12,0.0006910339
225,12,0.0007312894
226,12,0.00029092468
227,12,0.00036341697
228,12,5.5626035e-05
229,12,0.00048513524
230,12,0.00035991985
231,12,0.00052536745
232,12,0.0004353309
233,12,0.0008253902
234,12,0.0007279925
235,12,0.0008600764
236,12,0.00060191285
237,12,0.0005330201
238,12,0.00091250613
239,12,0.001171953
240,12,0.0005804021
241,12,0.00040126033
242,12,0.00092316605
243,12,0.0005827956
244,12,0.00036349427
245,12,0.0005194936
246,12,0.00022768229
247,12,0.00054258853
248,12,0.00033281185
249,12,0.00040352996
250,12,0.0007142434
251,12,0.00040109735
252,12,0.0010484271
253,12,0.00070387404
254,12,0.00039841514
255,12,0.0003869133
256,12,0.00051172543
257,12,0.0007707942
258,12,0.00034149736
259,12,3.362354e-05
260,12,0.00071052555
261,12,0.0013692956
262,12,0.0008606687
263,12,0.00082791504
264,12,0.00078126974
265,12,0.00083907694
266,12,0.0006836504
267,12,0.0007060701
268,12,0.00094754994
269,12,0.0003041271
270,12,0.0002288064
271,12,-0.0001254296
272,12,0.00048242044
273,12,0.00032955594
274,12,0.0004375698
275,12,0.00042113196
276,12,0.0006689504
277,12,0.0006716149
278,12,0.00018140301
279,12,0.0009066677
280,12,0.00033837464
281,12,0.00012798887
282,12,0.0006107213
283,12,0.00013739895
284,12,0.0008266922
285,12,0.0006752219
286,12,0.00010072999
287,12,0.00078340806
288,12,-3.052503e-05
289,12,0.00049372483
290,12,0.00061033573
291,12,0.0008727703
292,12,0.00046804082
293,12,0.0006577056
294,12,0.0005946113
295,12,0.0005537588
296,12,0.00037824735
297,12,0.0007645488
298,12,0.00071795844
299,12,0.0008956408
300,12,0.00054913666
301,12,0.00081482995
302,12,0.0008136593
303,12,0.0011748159
304,12,0.0006342968
305,12,
306,12,
307,12,
308,12,0.00048014056
309,12,
310,12,0.00047414936
311,12,
312,12,0.00030186214
313,12,0.0005338825
314,12,0.0004996089
315,12,0.00043667294
316,12,0.0010982957
317,12,0.0006874623
318,12,0.0006574625
319,12,0.00016744249
320,12,0.0008896738
321,12,
322,12,
323,12,
324,12,
325,12,
326,12,
327,12,
328,12,
329,12,
330,12,
331,12,
332,12,
333,12,
334,12,
335,12,
336,12,
337,12,
338,12,
339,12,0.0010486413
340,12,
341,12,0.00024672318
342,12,0.00065437146
343,12,0.00044473633
344,12,0.00011432823
345,12,0.00021442119
346,12,0.00018425565
347,12,0.0009379629
348,12,0.0002382854
349,12,0.0006713234
350,12,0.0009078467
351,12,0.00037516002
352,12,0.0002366947
353,12,0.00031821243
354,12,-8.9919195e-06
355,12,0.00074980594
356,12,-0.00024789665
357,12,0.00092336256
358,12,0.00087001733
359,12,0.0005658157
360,12,0.0008497527
361,12,0.00022004452
362,12,0.0008347854
363,12,0.0005361438
364,12,0.0010794252
365,12,0.00061661657
366,12,0.0011901362
367,12,0.00059149787
368,12,0.00060383976
369,12,0.0009552231
370,12,0.0004203068
371,12,0.00075266697
372,12,0.00077760406
373,12,0.00056798663
374,12,0.00097429287
375,12,9.618979e-05
376,12,-3.3078715e-05
377,12,0.00069246814
378,12,0.0005835155
379,12,0.00065975636
380,12,0.00074721687
381,12,0.00080367085
382,12,0.00061410107
383,12,0.0007944619
384,12,0.0005219104
385,12,0.00048347563
386,12,0.00026356056
387,12,0.0009226287
388,12,0.00079643354
389,12,0.00073941983
390,12,0.00065164454
391,12,0.00066249724
392,12,0.00049520656
393,12,0.00064272154
394,12,0.00056414213
395,12,0.00078894664
396,12,0.0004454702
397,12,0.00042104349
398,12,0.000666013
399,12,0.0005667275
400,12,0.0008622259
401,12,0.00015820004
402,12,0.0004201159
403,12,0.00053915475
404,12,0.00047868956
405,12,0.0005392432
406,12,0.00065707136
407,12,0.0007650703
408,12,0.00078016985
409,12,0.00070437696
410,12,0.0005021468
411,12,0.00047337264
412,12,0.0005518021
413,12,0.0004992578
414,12,0.000697216
415,12,0.00043625385
416,12,0.0006429581
417,12,0.00055222865
418,12,0.00035126973
419,12,0.0005780412
420,12,0.00048698578
421,12,0.00027059577
422,12,0.000639908
423,12,0.00039481
424,12,0.00045755133
425,12,0.00061553996
426,12,0.0005068658
427,12,0.0012089107
428,12,0.00035498105
429,12,0.00030141883
430,12,0.00047874544
431,12,0.0004752064
432,12,0.000567846
433,12,0.00065943226
434,12,0.00041835103
435,12,0.00041721575
436,12,0.0007235985
437,12,-0.00012196321
438,12,0.00044132955
439,12,0.0004647635
440,12,0.00033004396
441,12,-0.00029570982
442,12,0.0005223006
443,12,0.0008671647
444,12,0.00023563951
445,12,0.001202696
446,12,0.00054436363
447,12,0.00057742
448,12,0.00043251552
449,12,-7.37533e-05
450,12,0.00043280981
451,12,0.00060997065
452,12,0.0001492668
453,12,0.00024286099
454,12,0.00037706085
455,12,0.00051127
456,12,0.00040015113
457,12,0.00066723116
458,12,0.0006612791
459,12,0.0006532576
460,12,0.00049523916
461,12,0.00030733645
462,12,0.0010917475
463,12,0.00031084474
464,12,0.0006608628
465,12,0.00043611787
466,12,0.00087228045
467,12,-2.6071444e-05
468,12,0.00017440785
469,12,0.00015079789
470,12,0.00044201687
471,12,0.00040987972
472,12,0.0004536882
473,12,0.00037472975
474,12,0.0001403084
475,12,0.0005433997
476,12,0.0005701147
477,12,0.00080703665
478,12,0.0010735691
479,12,0.00069663953
480,12,0.0006930167
481,12,0.00050755125
482,12,0.0007312447
483,12,0.00057953503
484,12,0.0008156905
485,12,0.000110031106
486,12,6.171875e-05
487,12,0.0004081698
488,12,0.00033577718
489,12,0.0005214028
490,12,-1.7017126e-05
491,12,0.0010986477
492,12,0.0008880589
493,12,0.0007146718
494,12,0.00081192236
0,13,0.00063348
1,13,0.00062572677
2,13,0.0007026382
3,13,
4,13,
5,13,
6,13,
7,13,
8,13,
9,13,
10,13,
11,13,
12,13,
13,13,
14,13,
15,13,
16,13,
17,13,
18,13,
19,13,0.0006403895
20,13,0.00034458842
21,13,0.00012506451
22,13,0.00088820886
23,13,0.00028358772
24,13,0.00023194123
25,13,0.00036150496
26,13,0.00085976813
27,13,0.00016837474
28,13,0.0008811159
29,13,0.00033902656
30,13,0.00027214084
31,13,0.00052521285
32,13,0.0006349748
33,13,8.0722384e-05
34,13,0.0003860565
35,13,0.0006710347
36,13,0.0014557103
37,13,0.00081678946
38,13,0.00032124482
39,13,0.00017155241
40,13,0.000560455
41,13,0.00028863177
42,13,0.0010230355
43,13,0.00022732839
44,13,0.0007287143
45,13,0.000927832
46,13,0.0002542697
47,13,0.00060916226
48,13,0.00080796797
49,13,0.00016763154
50,13,0.0002770424
51,13,0.0002892753
52,13,0.00024539977
53,13,0.0006087292
54,13,0.0005214587
55,13,0.00037124846
56,13,0.0009916769
57,13,0.00073666126
58,13,0.00031861663
59,13,0.00085553154
60,13,0.0008267043
61,13,0.00068208296
62,13,0.0005040169
63,13,0.0008649444
64,13,0.00089112855
65,13,0.0005769022
66,13,0.00067684427
67,13,0.00023894198
68,13,0.00038393587
69,13,0.0011415118
70,13,0.0005101012
71,13,0.00091325585
72,13,0.0004713079
73,13,0.00049631204
74,13,0.00041981693
75,13,0.0004522605
76,13,0.00065416005
77,13,0.00077570695
78,13,0.00039375667
79,13,0.0006603841
80,13,0.00083337165
81,13,0.0005243402
82,13,0.00066952687
83,13,
84,13,
85,13,
86,13,
87,13,
88,13,
89,13,
90,13,
91,13,0.00040311553
92,13,
93,13,
94,13,0.0007746108
95,13,0.0008865353
96,13,
97,13,
98,13,0.0010622293
99,13,-0.00016857963
100,13,-0.00015012268
101,13,0.00021215249
102,13,-0.00017976761
103,13,0.0006028814
104,13,0.00081322435
105,13,0.00048496947
106,13,0.000904249
107,13,0.0006629834
108,13,0.00039621443
109,13,0.00022478867
110,13,0.0006207377
111,13,0.0007756725
112,13,0.00023812335
113,13,0.00068628136
114,13,0.0006328793
115,13,0.0005820375
116,13,0.0012001842
117,13,0.00065770745
118,13,0.00048788544
119,13,0.000528289
120,13,0.0006215023
121,13,0.0013647377
122,13,0.00074751116
123,13,0.0006448347
124,13,0.0007945243
125,13,0.00061499886
126,13,0.00054581184
127,13,0.0008999584
128,13,0.0011640983
129,13,0.00067699514
130,13,0.0006982833
131,13,0.00042360649
132,13,0.00065333955
133,13,0.00050001685
134,13,0.00034814142
135,13,0.0004795175
136,13,0.0010224916
137,13,0.00054859556
138,13,0.00055395253
139,13,0.00022145174
140,13,0.0008476721
141,13,0.00068525784
142,13,0.00038028415
143,13,0.0002744794
144,13,0.0005059028
145,13,0.00040505547
146,13,0.00079877675
147,13,0.00065496843
148,13,0.00088875927
149,13,0.00071278587
150,13,
151,13,
152,13,0.0004919972
153,13,0.0005745748
154,13,0.00025470834
155,13,0.00024875626
156,13,0.00051104557
157,13,0.0008683074
158,13,-0.00021006446
159,13,0.0009063706
160,13,0.0007653162
161,13,0.000937189
162,13,0.00080308504
163,13,0.0009689629
164,13,0.00040868483
165,13,0.0007933993
166,13,0.0005186349
167,13,0.0005157357
168,13,0.0009047622
169,13,
170,13,
171,13,
172,13,
173,13,
174,13,0.00043684058
175,13,0.0004877597
176,13,0.0007264484
177,13,0.00033760257
178,13,0.00014494453
179,13,0.0002781544
180,13,0.00064196344
181,13,-5.7634898e-05
182,13,0.0011428352
183,13,0.00059613585
184,13,0.000422135
185,13,0.00041012373
186,13,0.0004916461
187,13,0.00047742203
188,13,0.00056059007
189,13,0.00066347886
190,13,0.00034249108
191,13,0.00025012344
192,13,5.849637e-05
193,13,0.0004615793
194,13,0.0003330782
195,13,0.00025657658
196,13,0.00048650522
197,13,0.0005939165
198,13,0.00023460109
199,13,0.0002524592
200,13,0.0004971754
201,13,0.00014272612
202,13,0.00086501986
203,13,0.0010972861
204,13,0.0010105446
205,13,0.00027855765
206,13,-0.0001113927
207,13,0.00020733755
208,13,5.2452087e-05
209,13,0.00080538914
210,13,0.00083614327
211,13,0.00013749395
212,13,0.0005004043
213,13,-1.6686507e-05
214,13,0.00039235968
215,13,0.00025750883
216,13,0.0004224172
217,13,0.00020192284
218,13,0.00036211684
219,13,0.0003049504
220,13,0.00047627836
221,13,0.0004276624
222,13,0.0003365213
223,13,0.00036943424
224,13,0.000634945
225,13,0.00020764954
226,13,0.0004956238
227,13,-9.157136e-05
228,13,0.00046045147
229,13,-0.00019499008
230,13,4.1513704e-05
231,13,0.00043295138
232,13,0.00037586503
233,13,0.00028708205
234,13,0.0003680745
235,13,0.0001112055
236,13,0.0006659329
237,13,-1.3746321e-05
238,13,0.00032131933
239,13,0.00094375387
240,13,0.0007623974
241,13,0.00039553735
242,13,0.00042544305
243,13,0.0004794048
244,13,7.9519115e-05
245,13,0.001370254
246,13,0.0012174789
247,13,0.00039006583
248,13,0.0007074084
249,13,0.000592608
250,13,0.00092888065
251,13,0.0004894519
252,13,0.000117803924
253,13,0.0006569885
254,13,1.0077842e-05
255,13,0.00053727627
256,13,0.0006313585
257,13,0.00010490231
258,13,0.0004603779
259,13,0.00039651897
260,13,-1.3561919e-05
261,13,0.00055868924
262,13,0.00090866257
263,13,0.00036319066
264,13,0.0011454076
265,13,0.0010156976
266,13,0.0007654177
267,13,0.0011385931
268,13,0.00056719314
269,13,0.0002815118
270,13,0.00046157278
271,13,0.0005626604
272,13,0.00040139817
273,13,0.0008706385
274,13,0.0007516872
275,13,0.00070560724
276,13,0.00045390707
277,13,7.56057e-05
278,13,0.0003569713
279,13,0.0003475882
280,13,0.00062981714
281,13,0.00016671326
282,13,0.00022329018
283,13,0.0007095728
284,13,0.0007835906
285,13,0.00047619548
286,13,0.0003975695
287,13,0.00025428925
288,13,0.00033340883
289,13,0.0008465536
290,13,-0.00015226472
291,13,0.0004994422
292,13,0.0005468298
293,13,0.00020202436
294,13,5.6223944e-05
295,13,-0.00024102908
296,13,0.0004522372
297,13,0.0006548725
298,13,0.00018555298
299,13,0.00068093184
300,13,0.00053406414
301,13,0.00045406166
302,13,0.00032870844
303,13,4.84325e-05
304,13,0.0004499061
305,13,0.00048246514
306,13,
307,13,
308,13,0.00053942855
309,13,
310,13,
311,13,
312,13,0.0003558211
313,13,0.0009658979
314,13,0.0007127123
315,13,0.00024105608
316,13,0.0006041173
317,13,-0.00027339906
318,13,-0.00012028869
319,13,-0.00040368643
320,13,0.00019206665
321,13,
322,13,
323,13,
324,13,
325,13,
326,13,
327,13,
328,13,
329,13,
330,13,
331,13,
332,13,
333,13,
334,13,
335,13,
336,13,
337,13,
338,13,
339,13,0.00040081237
340,13,0.00078706164
341,13,0.0005282033
342,13,4.6527013e-05
343,13,0.0010040691
344,13,0.0005686963
345,13,0.0007519359
346,13,0.0006290702
347,13,0.00059153605
348,13,0.00044269208
349,13,0.00025684386
350,13,0.00035343785
351,13,0.00043326523
352,13,0.00045408122
353,13,0.0006123092
354,13,0.00032167602
355,13,0.0007373346
356,13,0.0005937703
357,13,0.0001232326
358,13,0.00021680817
359,13,-8.171145e-05
360,13,0.0003137365
361,13,0.0007897001
362,13,-0.0002725711
363,13,0.0005637314
364,13,0.0004265383
365,13,0.00042224117
366,13,0.00079010986
367,13,0.0009888718
368,13,0.00047392584
369,13,0.00058956165
370,13,0.0005353689
371,13,0.0011005877
372,13,0.0006426871
373,13,0.00092884526
374,13,4.486274e-05
375,13,0.00035653915
376,13,0.00057506654
377,13,0.00049716793
378,13,0.00023658574
379,13,0.0005586697
380,13,0.0005890252
381,13,0.00022563338
382,13,0.00080805365
383,13,0.00075197686
384,13,0.0004620636
385,13,0.00045667123
386,13,0.0012756418
387,13,0.0006578816
388,13,0.00014045462
389,13,0.0007014284
390,13,0.00022125244
391,13,0.00080130715
392,13,0.001100447
393,13,0.0006729653
394,13,0.0006580418
395,13,0.00067481585
396,13,0.0010731313
397,13,0.001282475
398,13,0.0007833103
399,13,0.00030762143
400,13,0.0007010335
401,13,0.0005808119
402,13,0.00045144558
403,13,0.00044964813
404,13,0.00020887237
405,13,0.00066173077
406,13,0.00064571947
407,13,0.00066535454
408,13,0.00011343043
409,13,0.00032321457
410,13,0.0010670414
411,13,0.00073965173
412,13,0.0006932495
413,13,0.00078269094
414,13,0.00051417574
415,13,0.0006128084
416,13,0.00046371296
417,13,0.00041252188
418,13,0.00079796836
419,13,0.0006409008
420,13,0.00011008978
421,13,0.0008600401
422,13,0.0004819762
423,13,0.0007208353
424,13,0.0003648214
425,13,0.0007571308
426,13,0.0005876245
427,13,6.9428235e-05
428,13,0.0006436957
429,13,4.6717003e-05
430,13,0.0005868282
431,13,0.0006495891
432,13,0.00023222808
433,13,0.0006337585
434,13,0.00040288176
435,13,0.00056985114
436,13,0.00044990145
437,13,0.0007869974
438,13,0.00047629327
439,13,0.0010668077
440,13,0.00032499433
441,13,0.0006665457
442,13,0.00033633318
443,13,0.0004915567
444,13,0.0006641336
445,13,0.0003025094
446,13,0.00036602188
447,13,0.00019191392
448,13,0.00049903244
449,13,0.0011324491
450,13,-5.4408796e-05
451,13,-0.00013296492
452,13,0.00079074595
453,13,0.00040754583
454,13,0.00031380076
455,13,0.0005396269
456,13,0.00058036856
457,13,0.00091333315
458,13,0.0007155379
459,13,0.0004622899
460,13,0.00063731987
461,13,-0.00014030468
462,13,0.00096501317
463,13,0.00039246026
464,13,0.00036897883
465,13,0.00029845443
466,13,0.00066267233
467,13,0.00019715913
468,13,0.0004541315
469,13,0.00025771558
470,13,0.0006468389
471,13,9.390339e-05
472,13,-6.733462e-07
473,13,0.00052013434
474,13,0.00016525015
475,13,0.00028792582
476,13,-0.000114938244
477,13,0.00041661412
478,13,0.0002272157
479,13,0.0007658694
480,13,0.0007652836
481,13,0.0008265609
482,13,0.0006482238
483,13,0.00057344604
484,13,0.0010968847
485,13,0.000312116
486,13,0.00046115834
487,13,0.00041608326
488,13,0.0005630441
489,13,0.000608325
490,13,0.0008278284
491,13,0.00031128433
492,13,0.00058349967
493,13,0.00022091623
494,13,0.00013078935
0,14,0.00020652823
1,14,0.0002624262
2,14,
3,14,
4,14,
5,14,
6,14,
7,14,
8,14,
9,14,
10,14,
11,14,
12,14,
13,14,
14,14,
15,14,
16,14,
17,14,
18,14,
19,14,8.036848e-05
20,14,0.00078620017
21,14,0.00041862577
22,14,0.0006735772
23,14,0.0005619852
24,14,0.0011762921
25,14,-0.00016151555
26,14,0.00083637144
27,14,0.0005956236
28,14,0.00063133147
29,14,0.00048669893
30,14,0.0002995981
31,14,0.00065159425
32,14,5.4520555e-05
33,14,-4.3699518e-05
34,14,0.00012326986
35,14,0.0006443234
36,14,0.0005489802
37,14,0.0006992733
38,14,0.00014423858
39,14,0.00070796534
40,14,0.00016496144
41,14,0.00059571397
42,14,0.00037527736
43,14,0.0004328508
44,14,0.0005614804
45,14,0.00079444423
46,14,0.0007036263
47,14,0.00033368822
48,14,0.0006428305
49,14,0.0008307742
50,14,0.00075709727
51,14,0.00092432834
52,14,0.0007243082
53,14,0.00018298812
54,14,0.00017963257
55,14,0.00059416145
56,14,0.0005527828
57,14,0.0006159544
58,14,0.00064232573
59,14,0.0007389663
60,14,0.0005283104
61,14,0.0004736092
62,14,0.00047264993
63,14,0.0001088772
64,14,0.0009825556
65,14,0.00025911443
66,14,0.000830872
67,14,0.00034360774
68,14,0.0006313082
69,14,0.00059797615
70,14,0.00094051287
71,14,0.00050701015
72,14,0.0009293519
73,14,0.0006020861
74,14,0.00034475513
75,14,0.0010059709
76,14,0.000478358
77,14,0.0008867085
78,14,0.00063391216
79,14,0.00024820585
80,14,0.0006729197
81,14,0.0009336723
82,14,
83,14,
84,14,
85,14,
86,14,
87,14,
88,14,
89,14,
90,14,
91,14,
92,14,
93,14,
94,14,
95,14,
96,14,
97,14,
98,14,
99,14,0.00067936257
100,14,0.0012356425
101,14,0.00019208528
102,14,0.00055256113
103,14,0.00023837853
104,14,0.00081695616
105,14,0.00057761744
106,14,0.00055157393
107,14,0.0005366709
108,14,0.00047904253
109,14,0.00029489305
110,14,0.0010317508
111,14,0.0006253561
112,14,0.00057477877
113,14,0.00038110092
114,14,5.130656e-06
115,14,0.0007499913
116,14,0.0005227085
117,14,0.0005018674
118,14,0.00028072018
119,14,0.0012710318
120,14,0.00020175707
121,14,0.00063370634
122,14,0.00058128405
123,14,0.00070809945
124,14,0.00091676135
125,14,0.00095695816
126,14,0.0008649174
127,14,0.000837408
128,14,0.0005276371
129,14,0.0007654466
130,14,0.0007260768
131,14,0.00047917757
132,14,0.00030615367
133,14,0.00018600747
134,14,1.2299046e-05
135,14,0.000443995
136,14,0.000506293
137,14,2.3809262e-05
138,14,0.0005965391
139,14,0.00019954145
140,14,0.0007198062
141,14,4.2261556e-05
142,14,-0.00027371105
143,14,0.0002045175
144,14,0.00089404173
145,14,0.00014801137
146,14,0.000619879
147,14,0.0003458662
148,14,0.00073287357
149,14,0.0005001491
150,14,0.0010461975
151,14,0.000610644
152,14,
153,14,0.00044687
154,14,0.00040625967
155,14,0.00040635653
156,14,0.00072311144
157,14,0.0010122713
158,14,0.0009291293
159,14,0.0011448087
160,14,0.00085191336
161,14,-4.3739565e-05
162,14,0.001088433
163,14,0.0003244318
164,14,0.0007246006
165,14,0.00031006522
166,14,0.0003384184
167,14,0.00080320425
168,14,0.0006073294
169,14,
170,14,
171,14,
172,14,
173,14,
174,14,0.00014786795
175,14,0.0009130798
176,14,0.0004866952
177,14,0.0009291647
178,14,0.000736773
179,14,0.00027979165
180,14,0.0005831998
181,14,0.00062012207
182,14,0.0011375295
183,14,0.000973247
184,14,0.00025976077
185,14,0.0003119763
186,14,0.00016458891
187,14,0.0002130242
188,14,0.00013384037
189,14,-0.00039252173
190,14,0.00048927777
191,14,0.00044700876
192,14,0.00035623275
193,14,0.00019521266
194,14,0.0001899954
195,14,0.00048356224
196,14,0.0007298123
197,14,0.00038876943
198,14,0.00026924815
199,14,0.0008855723
200,14,0.00046242028
201,14,-1.3228506e-05
202,14,0.00041129347
203,14,0.000512287
204,14,0.00015671272
205,14,0.00044923928
206,14,-2.0137988e-05
207,14,0.00088951923
208,14,7.900689e-05
209,14,0.0005491022
210,14,0.00021565333
211,14,0.0009306893
212,14,0.00024049263
213,14,-0.000106235966
214,14,0.00026562903
215,14,0.0007968256
216,14,0.0005646618
217,14,0.0009149788
218,14,-3.68068e-05
219,14,5.6064688e-05
220,14,0.0010603368
221,14,0.0007282309
222,14,-0.00015596487
223,14,0.0006368505
224,14,0.000467808
225,14,0.0008604545
226,14,-2.2612512e-06
227,14,0.0005207695
228,14,0.0005989978
229,14,0.00031822547
230,14,0.0002824217
231,14,0.00077562407
232,14,-0.00017046463
233,14,0.0004432276
234,14,0.000644899
235,14,0.0005515618
236,14,0.0006339494
237,14,0.000525414
238,14,0.00042577926
239,14,0.000850833
240,14,0.000120100565
241,14,0.00028398633
242,14,0.00056309067
243,14,0.0004787566
244,14,0.00025546364
245,14,0.0003013052
246,14,0.00047581643
247,14,0.0007700054
248,14,2.4395995e-05
249,14,0.0008393694
250,14,0.0005984381
251,14,0.00083518866
252,14,0.0001438437
253,14,0.0006180685
254,14,0.0006309692
255,14,0.0006026039
256,14,0.00044758338
257,14,0.00045128725
258,14,0.00012831017
259,14,0.0005577374
260,14,0.0007025441
261,14,0.00014216639
262,14,0.00023034215
263,14,0.00073718
264,14,0.00089683384
265,14,0.000923479
266,14,0.0007721465
267,14,0.00067861844
268,14,0.00061377697
269,14,0.0001494186
270,14,0.0010305373
271,14,0.0006976202
272,14,0.000545498
273,14,0.00024787895
274,14,0.00084080454
275,14,0.00032840576
276,14,0.0007334193
277,14,0.00038754474
278,14,0.00021833181
279,14,0.00045325328
280,14,-0.00014340784
281,14,0.0004061777
282,14,8.310191e-05
283,14,-0.00027668383
284,14,0.00045097433
285,14,5.3448603e-06
286,14,0.00025450252
287,14,1.7493963e-05
288,14,0.00038379245
289,14,0.0003753435
290,14,0.0005632648
291,14,0.00030405354
292,14,0.0003820276
293,14,0.0005752472
294,14,0.00020344555
295,14,0.00031489413
296,14,0.0003706254
297,14,0.00022995472
298,14,0.0006529344
299,14,0.00034648553
300,14,0.00075433124
301,14,0.0010249875
302,14,0.00037509296
303,14,0.00037503988
304,14,0.00061925594
305,14,0.0015996946
306,14,0.00034818426
307,14,
308,14,
309,14,
310,14,
311,14,0.00080916286
312,14,0.00034965016
313,14,0.00017130561
314,14,0.0002555661
315,14,0.00032845326
316,14,0.0007985765
317,14,0.00022632536
318,14,0.00032097008
319,14,0.0006964253
320,14,
321,14,
322,14,
323,14,
324,14,
325,14,
326,14,
327,14,
328,14,
329,14,
330,14,
331,14,
332,14,
333,14,0.00019444153
334,14,
335,14,
336,14,
337,14,
338,14,
339,14,0.00057746284
340,14,8.27685e-05
341,14,0.00043969974
342,14,0.00038890634
343,14,0.00024139415
344,14,0.00055076927
345,14,0.0006364705
346,14,0.0008661989
347,14,5.590543e-05
348,14,0.00074079446
349,14,0.00064467546
350,14,0.00037605967
351,14,0.0005067736
352,14,0.0004563667
353,14,0.000711848
354,14,0.00042663328
355,14,0.00039248727
356,14,0.00025532302
357,14,0.0007457528
358,14,0.00030369312
359,14,0.0009910921
360,14,0.00039392617
361,14,0.0004479317
362,14,0.00046219118
363,14,0.00059984904
364,14,0.00045611337
365,14,0.0011996115
366,14,0.00063132495
367,14,0.0006393604
368,14,0.0003891103
369,14,0.00088618696
370,14,0.00071311183
371,14,0.00034777913
372,14,0.0005930532
373,14,0.0009918632
374,14,0.00029929169
375,14,0.00096166786
376,14,0.00025428366
377,14,0.0008289451
378,14,0.0007498814
379,14,0.00057468377
380,14,0.00047491398
381,14,0.00023573544
382,14,0.000661185
383,14,0.00039259437
384,14,0.0011180406
385,14,0.00052535534
386,14,0.00059001986
387,14,0.0005138926
388,14,0.0005983878
389,14,0.00022063497
390,14,0.0006764643
391,14,0.0005604895
392,14,0.000921133
393,14,0.00068647694
394,14,0.00076620746
395,14,0.00065637473
396,14,0.00039887242
397,14,0.0005968716
398,14,0.0006577885
399,14,0.00083947554
400,14,0.0002305489
401,14,0.00044270232
402,14,0.00043808855
403,14,0.00036585145
404,14,0.00081284065
405,14,0.0005231071
406,14,0.0008089179
407,14,0.00075476244
408,14,0.00075226463
409,14,0.0008188728
410,14,0.00037954934
411,14,0.00048528053
412,14,0.00041448977
413,14,0.00045339204
414,14,0.00024972018
415,14,0.00022083241
416,14,0.0005552303
417,14,0.00090231653
418,14,0.00043132622
419,14,0.00042467937
420,14,0.00044498034
421,14,0.0003173612
422,14,0.0006425604
423,14,0.00034562498
424,14,0.0006487835
425,14,0.0010157917
426,14,4.3135136e-05
427,14,0.00037648715
428,14,0.0005881386
429,14,0.0002764957
430,14,0.00024455413
431,14,0.00039715506
432,14,0.00055163726
433,14,0.00019679405
434,14,0.00040647574
435,14,0.0005231295
436,14,0.00023882929
437,14,0.00077996124
438,14,-8.129701e-05
439,14,-8.2497485e-05
440,14,0.00059838407
441,14,0.0003352156
442,14,0.00014168769
443,14,0.0004811678
444,14,0.000107996166
445,14,3.9157458e-05
446,14,-0.000110151246
447,14,0.00053199474
448,14,0.00073289406
449,14,0.0008323407
450,14,0.00014390424
451,14,0.00036696345
452,14,0.00024313759
453,14,0.00013912097
454,14,-5.3690746e-06
455,14,0.0006028591
456,14,0.00060039107
457,14,0.00029204972
458,14,0.00061103236
459,14,0.00044781528
460,14,0.00037376862
461,14,-5.1688403e-06
462,14,0.0005193949
463,14,0.00027617998
464,14,0.0002526492
465,14,-8.362066e-05
466,14,0.00047697406
467,14,0.00037967134
468,14,0.00047280733
469,14,0.00074189063
470,14,0.00036170706
471,14,0.00088106
472,14,0.0012517963
473,14,0.00081715547
474,14,0.00072006974
475,14,0.0006843917
476,14,0.00057383813
477,14,0.00097464304
478,14,0.00064807106
479,14,0.0003265068
480,14,0.00027952995
481,14,0.00077147316
482,14,0.00069695525
483,14,0.00042112637
484,14,0.0005019773
485,14,0.00050880667
486,14,0.0004745666
487,14,0.00011490472
488,14,0.0006011296
489,14,0.001055399
490,14,0.0006570937
491,14,-6.611645e-05
492,14,0.0005362779
493,14,0.0002581533
494,14,0.00042141788
0,15,0.00067414995
1,15,0.00045734365
2,15,
3,15,
4,15,
5,15,
6,15,
7,15,
8,15,
9,15,
10,15,
11,15,
12,15,
13,15,
14,15,
15,15,
16,15,
17,15,
18,15,
19,15,0.0004959358
20,15,0.0002921261
21,15,0.0005936008
22,15,0.0009926809
23,15,0.00020527095
24,15,0.0008917516
25,15,0.0008333139
26,15,0.0005823858
27,15,0.00031423382
28,15,0.00043458492
29,15,0.00018549338
30,15,9.425916e-05
31,15,0.00081468746
32,15,0.0007228451
33,15,0.00073909387
34,15,0.00050987955
35,15,0.00021511316
36,15,0.0006750254
37,15,0.00047094468
38,15,0.0002914071
39,15,0.0007157307
40,15,0.00019082241
41,15,0.000667654
42,15,0.000836242
43,15,5.3513795e-05
44,15,0.000380164
45,15,0.0005670702
46,15,0.0003257338
47,15,0.00091951527
48,15,0.0010651387
49,15,0.0005051708
50,15,0.0005512219
51,15,0.00046933256
52,15,0.00059613027
53,15,0.00076750014
54,15,0.0007493915
55,15,-0.00023214146
56,15,0.00035461225
57,15,9.896234e-05
58,15,0.0005786447
59,15,0.0007699914
60,15,0.00078649353
61,15,0.00036834087
62,15,0.0009387685
63,15,0.00048460625
64,15,0.0011227122
65,15,0.00070693996
66,15,0.0007562265
67,15,0.00018069707
68,15,0.00049236417
69,15,0.0011450145
70,15,0.0005637156
71,15,0.0004657302
72,15,0.00039650034
73,15,0.0006488105
74,15,0.0004438823
75,15,0.00054993853
76,15,0.00051164813
77,15,0.00034499075
78,15,0.00031625014
79,15,0.0008054804
80,15,0.0009879163
81,15,0.00047018286
82,15,
83,15,
84,15,
85,15,
86,15,
87,15,
88,15,
89,15,
90,15,
91,15,
92,15,
93,15,
94,15,
95,15,
96,15,
97,15,
98,15,
99,15,
100,15,
101,15,0.0005714772
102,15,3.6749057e-05
103,15,0.00045878254
104,15,0.0010845
105,15,0.00063758995
106,15,0.000323819
107,15,0.0008103894
108,15,0.00037569925
109,15,0.00049273577
110,15,0.00094451476
111,15,0.0006085662
112,15,0.0006938046
113,15,0.0012422642
114,15,0.00077022146
115,15,0.00071858894
116,15,0.0009894343
117,15,0.0004880391
118,15,0.00073731225
119,15,0.0004178714
120,15,0.00050365366
121,15,0.00079747476
122,15,0.0002301624
123,15,0.00054416247
124,15,0.0009289067
125,15,0.0002399087
126,15,0.0005280925
127,15,0.0008514421
128,15,0.0010792566
129,15,0.0007312028
130,15,0.00041420385
131,15,0.0010212073
132,15,0.00054899976
133,15,0.0009909123
134,15,0.0005035987
135,15,0.00069330353
136,15,0.0004953509
137,15,-0.0001591919
138,15,0.0006642705
139,15,0.0005223183
140,15,0.00037360936
141,15,0.00082018133
142,15,0.0005404288
143,15,0.0003762031
144,15,0.0007744301
145,15,0.00089081377
146,15,0.00026065763
147,15,0.0007351553
148,15,0.0009338083
149,15,0.001043601
150,15,0.0009601377
151,15,0.00016741734
152,15,-0.00016589649
153,15,0.00041143317
154,15,0.0008015735
155,15,0.00031516235
156,15,0.0008004913
157,15,0.0007948857
158,15,0.00055279955
159,15,0.0006512189
160,15,0.0003682077
161,15,0.0013270387
162,15,9.370036e-06
163,15,0.0006883517
164,15,0.0009558508
165,15,0.00080694444
166,15,0.00088060834
167,15,-0.00014908146
168,15,0.0006248532
169,15,0.00049338676
170,15,
171,15,0.00071499683
172,15,
173,15,
174,15,
175,15,
176,15,0.00055451505
177,15,2.0274892e-05
178,15,0.00093430467
179,15,0.00032733753
180,15,0.00033185259
181,15,0.00088764913
182,15,0.00025494955
183,15,0.0002465658
184,15,0.0007187128
185,15,0.00030541886
186,15,0.0007374147
187,15,0.00040481053
188,15,0.0004003849
189,15,0.00018076878
190,15,0.00054005533
191,15,0.0002548322
192,15,0.0002414966
193,15,-0.00016548578
194,15,-1.8122606e-05
195,15,0.0006552171
196,15,0.00030617788
197,15,0.0006667776
198,15,0.00028917193
199,15,-0.000100129284
200,15,0.00063081365
201,15,0.00033246633
202,15,0.000111383386
203,15,0.00032060035
204,15,0.00048573874
205,15,0.00021348707
206,15,0.000186041
207,15,0.00026213657
208,15,0.00081144646
209,15,0.00010429602
210,15,0.00043824594
211,15,0.00042309612
212,15,0.0010056309
213,15,0.00038988143
214,15,0.0005860748
215,15,0.00038053095
216,15,0.00012760144
217,15,0.00072777364
218,15,0.0002515763
219,15,0.00017838553
220,15,0.0005971361
221,15,0.0005825013
222,15,0.0005786177
223,15,0.00044400897
224,15,0.0005799746
225,15,0.0001532957
226,15,0.00034573115
227,15,0.0002335459
228,15,9.848829e-05
229,15,0.00049352273
230,15,0.00047248416
231,15,0.0006325552
232,15,0.00062351953
233,15,0.0005381685
234,15,-4.289951e-05
235,15,0.0004490791
236,15,-0.00020013936
237,15,0.0007392261
238,15,0.00029313564
239,15,0.00056544505
240,15,0.0009164717
241,15,0.0005347105
242,15,-0.000104530714
243,15,0.0007298663
244,15,0.00054872036
245,15,0.0007481817
246,15,0.00051112566
247,15,0.000593734
248,15,0.0005675908
249,15,0.00074055325
250,15,0.0006986121
251,15,0.00075062923
252,15,2.6045367e-05
253,15,0.00066543557
254,15,0.00024263561
255,15,8.112006e-05
256,15,0.00010783225
257,15,0.00030075386
258,15,0.00025818683
259,15,8.9539215e-05
260,15,0.00014685746
261,15,0.00015212595
262,15,0.00024015363
263,15,0.0004883744
264,15,0.0008589523
265,15,0.00040469412
266,15,0.0011001956
267,15,0.0005923454
268,15,0.00060685724
269,15,0.0008935295
270,15,0.00058679003
271,15,0.0006221896
272,15,0.00014246814
273,15,0.00044969097
274,15,0.00026639178
275,15,0.00044591352
276,15,0.00043768156
277,15,0.00029538572
278,15,0.00039640442
279,15,0.0006611254
280,15,0.00048724562
281,15,0.0006329166
282,15,0.0008589355
283,15,0.0002054898
284,15,0.0002459893
285,15,0.0007828735
286,15,0.00049967784
287,15,0.0007216558
288,15,0.0007863771
289,15,0.0010700822
290,15,0.0010076519
291,15,0.0006775856
292,15,0.0003410019
293,15,0.0005762484
294,15,0.00048319437
295,15,0.0010449998
296,15,0.000530893
297,15,0.0003974093
298,15,0.0008185012
299,15,0.0005442379
300,15,0.0008592671
301,15,0.00024380907
302,15,0.0011341199
303,15,0.00041280407
304,15,0.00068863016
305,15,0.0010079527
306,15,
307,15,
308,15,
309,15,-3.6090612e-05
310,15,
311,15,0.00054447725
312,15,0.00045712292
313,15,0.0004044911
314,15,0.00040597655
315,15,0.00029901788
316,15,0.00032390654
317,15,0.00027841795
318,15,0.0005635014
319,15,-0.00010354817
320,15,7.910654e-06
321,15,
322,15,
323,15,
324,15,
325,15,
326,15,
327,15,
328,15,
329,15,
330,15,
331,15,
332,15,
333,15,
334,15,
335,15,
336,15,
337,15,
338,15,
339,15,
340,15,0.0003504865
341,15,0.00073709246
342,15,0.00047903694
343,15,0.00040358212
344,15,0.0005197283
345,15,0.0007291492
346,15,0.0004555825
347,15,0.00029238686
348,15,0.00037902314
349,15,0.00025574956
350,15,0.00022764318
351,15,0.0007524714
352,15,0.00068254676
353,15,0.00033357553
354,15,0.00052891206
355,15,0.000545715
356,15,0.0004916666
357,15,0.0009679906
358,15,-1.342874e-05
359,15,0.0004493855
360,15,0.00068784505
361,15,0.00052711926
362,15,0.0005802568
363,15,0.00095548294
364,15,0.0005709762
365,15,0.00069178734
366,15,0.0004884042
367,15,0.00036630873
368,15,0.00039977487
369,15,0.00057586655
370,15,0.0007932093
371,15,0.0005326234
372,15,0.0011559771
373,15,0.00042475387
374,15,0.0007166127
375,15,0.0006766468
376,15,0.0003619073
377,15,0.00055860355
378,15,0.00095719565
379,15,0.00041827466
380,15,0.00040803105
381,15,0.0009243414
382,15,0.00066228677
383,15,0.00046602078
384,15,0.00052897446
385,15,0.00087719597
386,15,0.00077695865
387,15,0.00022143777
388,15,0.0008239858
389,15,0.00035993662
390,15,0.0007740343
391,15,0.00056232326
392,15,0.00039372128
393,15,0.0008926112
394,15,0.00016180146
395,15,0.0002001822
396,15,0.00047484692
397,15,0.0004762467
398,15,0.00028741732
399,15,0.00076480117
400,15,0.0009864513
401,15,0.00073658396
402,15,0.00047897827
403,15,0.00048832037
404,15,0.00041759387
405,15,0.00077110715
406,15,0.0006962912
407,15,0.00042770803
408,15,0.00072189234
409,15,0.00028412323
410,15,0.00048668962
411,15,0.0006364966
412,15,0.00036905147
413,15,0.00049478747
414,15,0.0007070387
415,15,6.349478e-05
416,15,7.1525574e-06
417,15,0.0010773148
418,15,0.0004975563
419,15,0.0006522294
420,15,0.0004723454
421,15,0.0008043125
422,15,0.00030119438
423,15,0.00073537696
424,15,0.00071716774
425,15,0.00079306215
426,15,0.0007372303
427,15,0.00022307783
428,15,0.0005015889
429,15,0.00061825104
430,15,0.00037604105
431,15,0.0004286226
432,15,0.0005926695
433,15,0.0005622199
434,15,0.0005459795
435,15,-0.00016094744
436,15,0.0009113038
437,15,0.00039367005
438,15,6.2851235e-05
439,15,0.00025051553
440,15,0.0005026199
441,15,0.00038451608
442,15,0.00052359793
443,15,-0.00018702913
444,15,0.0008176621
445,15,0.0012115855
446,15,0.0005650986
447,15,0.000836974
448,15,0.00037905574
449,15,0.0012029028
450,15,0.0005845353
451,15,6.982498e-05
452,15,0.00062033255
453,15,0.00045308843
454,15,0.0007875785
455,15,0.00038289186
456,15,0.0005279342
457,15,0.000554773
458,15,0.00050920155
459,15,0.00042724796
460,15,-0.0002778005
461,15,0.00066928193
462,15,0.00018769223
463,15,0.00061487034
464,15,-0.00014330074
465,15,0.00034976006
466,15,0.00041494798
467,15,0.0010492466
468,15,0.00016605854
469,15,0.0003218241
470,15,0.0002479544
471,15,0.00062035583
472,15,0.00012664404
473,15,5.7063997e-05
474,15,0.00055802986
475,15,0.00033665262
476,15,0.0004798714
477,15,0.00043320656
478,15,0.0005493127
479,15,0.0006941324
480,15,0.00027214736
481,15,0.00079481304
482,15,0.0006693527
483,15,0.0010500094
484,15,0.000746062
485,15,0.0006314358
486,15,0.00056881644
487,15,0.0005841227
488,15,6.091036e-05
489,15,0.0008495571
490,15,0.00061590783
491,15,0.00014528353
492,15,0.00083350204
493,15,0.0005447306
494,15,0.00094408635
0,16,0.0005944781
1,16,0.0009049298
2,16,0.0006669406
3,16,
4,16,
5,16,0.00041999854
6,16,0.00030310918
7,16,
8,16,
9,16,
10,16,
11,16,
12,16,
13,16,
14,16,
15,16,
16,16,
17,16,
18,16,
19,16,0.0010651797
20,16,0.0002858285
21,16,0.0006075045
22,16,0.00042313803
23,16,0.00035285484
24,16,0.00070521794
25,16,0.00025614258
26,16,0.00034871884
27,16,0.0003733812
28,16,0.0007901769
29,16,0.00028652325
30,16,0.00047333352
31,16,0.00022993702
32,16,0.0005308408
33,16,0.000435845
34,16,0.0012944555
35,16,3.5395846e-05
36,16,0.00015673134
37,16,0.00025321078
38,16,0.00041572843
39,16,0.0006744154
40,16,0.0005262345
41,16,0.00027121603
42,16,0.00034737214
43,16,0.00013054721
44,16,0.00065805763
45,16,0.00051143765
46,16,0.0009690961
47,16,0.00077837054
48,16,0.00056228973
49,16,0.0007546395
50,16,0.0007913839
51,16,-2.430752e-06
52,16,0.00016613584
53,16,0.00031959172
54,16,0.00070251524
55,16,0.00041117426
56,16,0.0006764643
57,16,0.0003211135
58,16,0.001020872
59,16,0.000774703
60,16,0.0006363243
61,16,0.00032539666
62,16,0.00017677993
63,16,0.00031605456
64,16,0.00033729896
65,16,0.000989859
66,16,0.00037326477
67,16,-0.00017189048
68,16,0.00043808855
69,16,0.0003026547
70,16,0.00044168252
71,16,0.00049623195
72,16,0.0002199132
73,16,0.0005509397
74,16,0.0005668057
75,16,0.00072427373
76,16,0.00018952508
77,16,4.7801062e-05
78,16,0.0005087722
79,16,2.7503818e-05
80,16,0.00041261315
81,16,
82,16,
83,16,
84,16,
85,16,
86,16,
87,16,
88,16,
89,16,
90,16,
91,16,
92,16,
93,16,
94,16,
95,16,
96,16,
97,16,
98,16,
99,16,
100,16,
101,16,
102,16,
103,16,0.0010077152
104,16,0.0008019712
105,16,0.0006473083
106,16,0.0004446674
107,16,0.00030455645
108,16,0.0003371155
109,16,0.0006274078
110,16,0.000922909
111,16,0.0007125903
112,16,0.0008147443
113,16,0.0003630072
114,16,0.00017493404
115,16,0.00064950436
116,16,0.0007373104
117,16,0.0012696125
118,16,0.00031541474
119,16,0.0007337658
120,16,0.00046708528
121,16,0.00059913937
122,16,0.0008710129
123,16,0.00056215096
124,16,0.001046041
125,16,0.0007250551
126,16,0.00060689356
127,16,0.00060380436
128,16,0.00081133004
129,16,0.00037492812
130,16,0.00022898149
131,16,0.00094794016
132,16,0.0008117808
133,16,0.00041327346
134,16,9.1623515e-06
135,16,0.00060440786
136,16,0.00030946918
137,16,-5.595945e-05
138,16,0.00021490362
139,16,0.00076411106
140,16,0.00062671024
141,16,0.00019468926
142,16,0.00011749938
143,16,0.0005159527
144,16,0.0004555164
145,16,0.00037905294
146,16,0.0007472439
147,16,0.0010508401
148,16,0.0002580108
149,16,0.0006351257
150,16,0.0008691838
151,16,0.0012631193
152,16,0.000781388
153,16,0.0006250711
154,16,0.00049562287
155,16,0.0010303864
156,16,0.00076188985
157,16,0.0008747587
158,16,0.0005053468
159,16,0.0007218793
160,16,0.0009988928
161,16,0.00068218634
162,16,0.00013420824
163,16,0.0005179299
164,16,0.000954031
165,16,0.00082714204
166,16,0.0010240246
167,16,0.00066005625
168,16,0.0006097369
169,16,0.00014449656
170,16,
171,16,
172,16,0.0005483143
173,16,
174,16,0.0002466906
175,16,0.0004501352
176,16,0.0008735787
177,16,0.0005054539
178,16,0.00045725424
179,16,0.00049981754
180,16,-0.00025149714
181,16,0.00075524114
182,16,-1.2138858e-05
183,16,0.0011980366
184,16,0.00043549575
185,16,-0.00020226277
186,16,0.00015420001
187,16,0.00033519045
188,16,0.00050547905
189,16,0.00040519983
190,16,0.00028656237
191,16,0.000282282
192,16,0.0003249254
193,16,-3.8013794e-05
194,16,0.0011268025
195,16,0.0005182447
196,16,0.00037442427
197,16,3.3820048e-05
198,16,0.0005514594
199,16,0.00048055314
200,16,0.00065950863
201,16,0.00025665015
202,16,0.0008757794
203,16,7.761363e-05
204,16,6.220024e-05
205,16,-7.231068e-05
206,16,0.0003700517
207,16,0.0003748685
208,16,5.0900504e-05
209,16,0.0005537914
210,16,0.0006688917
211,16,0.00085833017
212,16,0.00033362955
213,16,0.0013347976
214,16,0.00037388783
215,16,0.00032175053
216,16,0.00021504331
217,16,0.0006635599
218,16,0.00029420387
219,16,0.0005860748
220,16,0.00057383627
221,16,0.0002835458
222,16,0.0003577154
223,16,-0.00010741409
224,16,0.00030027423
225,16,0.00056237075
226,16,0.00057081226
227,16,0.00026504137
228,16,0.0006255554
229,16,0.0006014295
230,16,0.0005124165
231,16,0.00013442803
232,16,0.0014710175
233,16,-8.907169e-06
234,16,0.00043451414
235,16,0.00043594744
236,16,0.0006955443
237,16,0.00028668065
238,16,0.0006627757
239,16,-7.247925e-05
240,16,0.00011060294
241,16,0.00022442639
242,16,0.0003698785
243,16,0.00050228555
244,16,0.00023577176
245,16,0.00057878345
246,16,0.0004114397
247,16,0.0008559143
248,16,0.00095921196
249,16,0.0007407442
250,16,0.0007044086
251,16,0.00041814987
252,16,0.0007975511
253,16,0.00054944307
254,16,0.0008915309
255,16,0.0007879799
256,16,0.0002866825
257,16,0.0009331703
258,16,0.00028117
259,16,0.00063748006
260,16,0.0006554937
261,16,0.00013249833
262,16,0.00056862086
263,16,0.0009077927
264,16,0.0001067901
265,16,0.00044177566
266,16,0.0009419611
267,16,0.0007647611
268,16,0.0010328582
269,16,0.0007439675
270,16,0.0011505373
271,16,0.00072806235
272,16,0.00049381517
273,16,0.00032108556
274,16,6.8554655e-06
275,16,0.00050685275
276,16,0.0003594868
277,16,0.0006321911
278,16,0.0009336863
279,16,0.00027331058
280,16,0.00027754903
281,16,0.0005926648
282,16,0.00060289446
283,16,0.0005266825
284,16,0.00066786166
285,16,9.960774e-05
286,16,0.00038109906
287,16,-7.624738e-05
288,16,0.00046746526
289,16,2.0219013e-05
290,16,-0.00027969107
291,16,0.00019443221
292,16,0.00037666783
293,16,0.00087576825
294,16,0.00019994006
295,16,-8.009374e-08
296,16,0.0003136648
297,16,0.0003688326
298,16,0.00040028058
299,16,0.00032332167
300,16,0.00071456656
301,16,0.000867567
302,16,0.00046277046
303,16,0.00070239697
304,16,0.000269386
305,16,0.0006373385
306,16,0.0010882625
307,16,
308,16,
309,16,0.0006056251
310,16,
311,16,0.00014674757
312,16,0.0012496971
313,16,4.2099506e-05
314,16,0.0002475772
315,16,0.000275773
316,16,0.00047370512
317,16,0.00056238007
318,16,0.00037909206
319,16,0.0001664497
320,16,
321,16,
322,16,
323,16,
324,16,
325,16,
326,16,
327,16,
328,16,
329,16,
330,16,
331,16,
332,16,
333,16,
334,16,
335,16,
336,16,
337,16,
338,16,
339,16,
340,16,-8.277781e-05
341,16,0.0003748387
342,16,0.00035091396
343,16,0.00035670493
344,16,0.0005969601
345,16,0.00029432494
346,16,0.0003390694
347,16,0.00013324805
348,16,0.00037004426
349,16,0.0005533332
350,16,0.0005650362
351,16,0.00018303841
352,16,0.000697162
353,16,0.00032822974
354,16,0.00049062073
355,16,0.00058933534
356,16,0.00037351716
357,16,0.00081281736
358,16,0.00021745916
359,16,8.5892156e-05
360,16,0.00028817263
361,16,0.0007095514
362,16,0.00016435795
363,16,0.00065256003
364,16,0.0008130837
365,16,0.00081431214
366,16,0.0007237643
367,16,0.00079225097
368,16,0.0006750934
369,16,0.0007154988
370,16,0.0005090041
371,16,0.00043660495
372,16,0.00025417842
373,16,0.0004682904
374,16,0.00022754725
375,16,0.00061887316
376,16,0.00092418864
377,16,0.0006338563
378,16,0.00023819506
379,16,0.0011034086
380,16,0.00089561194
381,16,0.00096769445
382,16,0.00096339267
383,16,0.00064746384
384,16,0.0005538473
385,16,0.00035227183
386,16,0.00032793824
387,16,0.0005033249
388,16,0.0005744193
389,16,0.0003127372
390,16,0.00079899095
391,16,0.00083645526
392,16,0.00056616403
393,16,0.00024347566
394,16,0.00020908937
395,16,0.0007972177
396,16,0.00058767386
397,16,0.00039171055
398,16,0.0007936973
399,16,0.0006788196
400,16,0.00021385122
401,16,0.00074177235
402,16,0.00077493954
403,16,0.0009005079
404,16,0.0006527705
405,16,0.000378103
406,16,0.0006787395
407,16,0.000393942
408,16,0.000538243
409,16,0.00022909418
410,16,0.0010188958
411,16,0.000558435
412,16,0.000844121
413,16,0.000412073
414,16,0.00035050698
415,16,0.00039405376
416,16,0.0005176142
417,16,0.00047356542
418,16,0.00022933073
419,16,0.00035695266
420,16,0.00016139448
421,16,0.00049802475
422,16,0.0007911045
423,16,0.000708363
424,16,0.00059411675
425,16,0.00063367374
426,16,0.0004964378
427,16,0.00041771866
428,16,0.0005779946
429,16,0.00083593186
430,16,0.00042527355
431,16,0.0007572388
432,16,0.00060033146
433,16,0.0007084301
434,16,0.00029560458
435,16,0.00046893582
436,16,0.00024062488
437,16,0.0004626261
438,16,0.0009121299
439,16,0.0011394937
440,16,0.00056968257
441,16,0.0013401024
442,16,0.0009042872
443,16,0.0006421767
444,16,0.00029308908
445,16,0.00064652506
446,16,0.00026466604
447,16,0.00030204933
448,16,0.00060816575
449,16,0.0012067193
450,16,0.00040350202
451,16,0.000698193
452,16,0.0006146524
453,16,-6.717257e-05
454,16,0.0009945128
455,16,0.00040107407
456,16,0.00049420726
457,16,0.0006820522
458,16,0.0007819738
459,16,0.00063651707
460,16,0.00015765801
461,16,-4.9034134e-05
462,16,3.4394674e-05
463,16,0.00079472363
464,16,0.0006191237
465,16,0.0002180133
466,16,-2.5313348e-05
467,16,0.0001495257
468,16,0.0002212869
469,16,0.0006192913
470,16,0.00013877079
471,16,0.0005990062
472,16,0.00047057588
473,16,0.00020079128
474,16,-0.00022523571
475,16,0.0009337133
476,16,0.00035786256
477,16,0.00029345322
478,16,0.0004231222
479,16,0.00074204523
480,16,0.0011006771
481,16,7.677451e-05
482,16,0.00016660802
483,16,0.0002863612
484,16,0.0005138889
485,16,0.0007203538
486,16,0.00028194766
487,16,0.0004257746
488,16,0.00060158316
489,16,0.0009665657
490,16,0.000369207
491,16,0.0007100515
492,16,0.0004514968
493,16,0.00069126114
494,16,0.000118135475
0,17,0.0009015789
1,17,0.00015554763
2,17,0.0005985955
3,17,
4,17,
5,17,
6,17,
7,17,
8,17,
9,17,
10,17,
11,17,
12,17,
13,17,
14,17,
15,17,
16,17,
17,17,
18,17,
19,17,
20,17,0.0006809924
21,17,0.0006423481
22,17,0.00049157627
23,17,0.0006997278
24,17,0.0003694715
25,17,0.0005635042
26,17,0.00050139707
27,17,0.00063265394
28,17,6.1323866e-05
29,17,0.0010407334
30,17,0.0002948586
31,17,-5.32344e-05
32,17,0.00066193007
33,17,0.0007465333
34,17,0.00035202038
35,17,0.0009417217
36,17,0.00011087209
37,17,0.0009575598
38,17,0.0008679405
39,17,0.00068889745
40,17,0.0013019359
41,17,1.4862046e-05
42,17,9.06568e-05
43,17,0.0007900866
44,17,0.00044267252
45,17,0.0004421007
46,17,0.00089180935
47,17,0.00046840776
48,17,0.000992965
49,17,0.001091647
50,17,0.00036420394
51,17,0.00055871345
52,17,0.00034570787
53,17,-7.182639e-05
54,17,0.0004349267
55,17,0.00067925174
56,17,0.00065488927
57,17,0.0002856413
58,17,0.00065867323
59,17,0.00025210064
60,17,0.00084469
61,17,0.0008669337
62,17,0.00014370587
63,17,0.0006402256
64,17,0.0005253246
65,17,0.0006224215
66,17,0.0011683404
67,17,0.00020605419
68,17,0.0007068049
69,17,0.0009668898
70,17,0.0006152466
71,17,0.0006990563
72,17,0.0007741507
73,17,0.00053792074
74,17,0.00038988888
75,17,0.0006922595
76,17,0.00060622673
77,17,0.00049293786
78,17,0.00066031143
79,17,0.000949692
80,17,0.0010275748
81,17,
82,17,
83,17,
84,17,
85,17,
86,17,
87,17,
88,17,
89,17,
90,17,
91,17,
92,17,
93,17,
94,17,
95,17,
96,17,
97,17,
98,17,
99,17,
100,17,
101,17,
102,17,
103,17,
104,17,
105,17,0.0006630868
106,17,0.0007053362
107,17,0.0006187102
108,17,0.0003979355
109,17,0.0008057831
110,17,0.0008405447
111,17,0.0007206239
112,17,0.00049671903
113,17,0.0005603414
114,17,0.00062271766
115,17,0.0006286688
116,17,0.0007827878
117,17,0.00030640513
118,17,0.00019525178
119,17,0.00019679219
120,17,0.0010887748
121,17,0.00076731853
122,17,0.0008596247
123,17,0.0008695172
124,17,0.00044800248
125,17,0.00064298324
126,17,0.00022870116
127,17,0.0008576922
128,17,0.00086143985
129,17,0.0005035028
130,17,0.00059759244
131,17,0.0009180885
132,17,0.00071278866
133,17,0.0001608003
134,17,0.0001496682
135,17,0.00081434567
136,17,0.00073235016
137,17,0.0007129852
138,17,0.001070763
139,17,0.0001348462
140,17,0.0003384743
141,17,0.00021151453
142,17,-0.00012149569
143,17,0.0006133104
144,17,0.00064187776
145,17,0.00043160003
146,17,0.0010791346
147,17,0.0007578088
148,17,0.00075365417
149,17,0.0004451666
150,17,0.0010801917
151,17,0.00078728516
152,17,0.0007335562
153,17,7.5983815e-05
154,17,-0.00020186882
155,17,0.00065838266
156,17,0.00030928943
157,17,0.00068580545
158,17,0.00015103072
159,17,0.0002626488
160,17,0.0004340224
161,17,0.0003367588
162,17,0.00029334426
163,17,0.0011098552
164,17,0.00081035215
165,17,0.0011066943
166,17,0.000608149
167,17,0.0009096125
168,17,0.00031539053
169,17,0.00045075547
170,17,0.0009785229
171,17,
172,17,
173,17,
174,17,
175,17,0.00026231632
176,17,0.0003237147
177,17,0.00023678504
178,17,0.000656466
179,17,0.00054970384
180,17,8.3968975e-05
181,17,7.5272284e-05
182,17,0.0007369919
183,17,0.0011669816
184,17,0.00075005274
185,17,0.0005611647
186,17,0.00029170047
187,17,0.0009513283
188,17,0.00047439057
189,17,-4.6612695e-06
190,17,0.0004410958
191,17,0.00055313203
192,17,0.00042491313
193,17,0.00085096154
194,17,0.0006621517
195,17,-9.501446e-05
196,17,0.00026573613
197,17,0.00018953998
198,17,0.00034999754
199,17,0.0003821049
200,17,0.00031159725
201,17,0.00083635934
202,17,0.0005027866
203,17,0.00043762196
204,17,0.0003621457
205,17,0.0004394818
206,17,0.0008341484
207,17,-0.00026764628
208,17,-2.6259571e-05
209,17,0.0003002789
210,17,0.00058118533
211,17,0.00048301835
212,17,0.00050035305
213,17,0.00027397648
214,17,0.00082895067
215,17,-0.00035798084
216,17,0.0005353438
217,17,0.00038526673
218,17,0.0008670697
219,17,0.0006283652
220,17,0.0009823879
221,17,-2.9086135e-05
222,17,-0.00011621136
223,17,0.00028789695
224,17,0.00047347508
225,17,0.0010696929
226,17,0.0007269373
227,17,0.000107044354
228,17,0.0005146833
229,17,0.0003897464
230,17,0.00080949627
231,17,0.0005412195
232,17,0.0005881144
233,17,0.0012001097
234,17,0.00059215166
235,17,0.0005571125
236,17,0.00013071578
237,17,-0.00037271436
238,17,4.8302114e-05
239,17,4.033465e-05
240,17,9.18759e-05
241,17,0.0006634919
242,17,0.00066993386
243,17,0.000523841
244,17,0.00054397434
245,17,0.000751744
246,17,0.00030494668
247,17,0.00023281481
248,17,0.00070238113
249,17,0.0004974874
250,17,0.0002791118
251,17,0.0005122237
252,17,0.0007102685
253,17,0.0010308838
254,17,0.0006115828
255,17,0.00070385635
256,17,0.00063494034
257,17,0.0007561613
258,17,0.0007163808
259,17,0.0005892217
260,17,0.0002999548
261,17,0.00030904822
262,17,0.00019929837
263,17,0.0005048886
264,17,0.0006909445
265,17,0.00045686122
266,17,0.00038633868
267,17,0.00062957685
268,17,0.00040011387
269,17,0.0006076293
270,17,0.0008383207
271,17,0.00017146021
272,17,0.00034113228
273,17,0.00074627623
274,17,0.00021143816
275,17,0.00051642116
276,17,0.00050489046
277,17,0.00050960016
278,17,0.0007615816
279,17,0.00044215843
280,17,0.00056617614
281,17,0.0002437057
282,17,0.0004023537
283,17,0.00068156887
284,17,0.00033159368
285,17,0.00021743402
286,17,0.00018006843
287,17,0.0008351905
288,17,0.00082768686
289,17,0.00086943526
290,17,0.0003475463
291,17,-3.8206577e-05
292,17,0.00039314944
293,17,0.00025124382
294,17,0.000747405
295,17,0.00027042814
296,17,0.00066659413
297,17,0.0007748455
298,17,0.0007284386
299,17,0.0009260839
300,17,0.00088681467
301,17,0.0006527826
302,17,0.00049387105
303,17,0.0006856164
304,17,0.0010116771
305,17,0.00020027999
306,17,
307,17,
308,17,0.00066397805
309,17,
310,17,
311,17,0.00044718292
312,17,0.00046554767
313,17,0.0006035771
314,17,-1.1101365e-06
315,17,0.0006616311
316,17,0.0006022779
317,17,0.001018947
318,17,0.000293158
319,17,0.00088588893
320,17,
321,17,
322,17,
323,17,
324,17,
325,17,
326,17,
327,17,
328,17,
329,17,
330,17,
331,17,
332,17,
333,17,
334,17,
335,17,
336,17,
337,17,
338,17,
339,17,0.00022465456
340,17,0.0006318996
341,17,0.0005656099
342,17,0.00028624386
343,17,0.00054596644
344,17,0.0009008311
345,17,1.6925856e-05
346,17,0.00013056118
347,17,0.00087624043
348,17,-3.0037947e-05
349,17,0.00024303421
350,17,0.0004842067
351,17,0.0003060922
352,17,0.0007944219
353,17,0.00034526922
354,17,0.0005080495
355,17,0.0002693981
356,17,0.00038372912
357,17,0.00045637134
358,17,0.00034993608
359,17,9.394437e-05
360,17,0.00033437368
361,17,0.0004904773
362,17,0.0007859897
363,17,0.00065164175
364,17,0.00039826147
365,17,0.00064367335
366,17,0.0005542692
367,17,0.00030831527
368,17,0.0004629949
369,17,0.0007208204
370,17,0.0005636895
371,17,0.00050588977
372,17,0.00064356066
373,17,0.00045478344
374,17,0.00060424116
375,17,0.00073538814
376,17,0.00079225283
377,17,0.00079813413
378,17,0.000750348
379,17,0.0002542585
380,17,0.0004004985
381,17,0.0006648395
382,17,0.0007602675
383,17,0.0006010849
384,17,0.0006850092
385,17,0.00044661388
386,17,0.00062552
387,17,0.000846602
388,17,0.00069285743
389,17,0.00018551573
390,17,0.0008716462
391,17,0.00065351
392,17,0.000830194
393,17,0.00088652316
394,17,0.0006530583
395,17,0.00060720835
396,17,0.00065394957
397,17,0.00030175038
398,17,0.00097051635
399,17,0.0007722294
400,17,0.00083049014
401,17,0.00077079516
402,17,0.0008026222
403,17,9.289011e-05
404,17,0.00072801486
405,17,0.0004208833
406,17,0.0005024327
407,17,0.0007555578
408,17,0.0007224344
409,17,0.0005304003
410,17,0.000720622
411,17,0.00044766068
412,17,0.0008446276
413,17,0.000105714425
414,17,0.00048209727
415,17,0.00043668225
416,17,0.00034978334
417,17,4.353933e-05
418,17,0.00062255375
419,17,0.0012093866
420,17,0.00044526253
421,17,0.00042471103
422,17,0.0005066991
423,17,0.0006766422
424,17,0.0004752325
425,17,0.0006078873
426,17,0.00092520844
427,17,0.00047798362
428,17,0.00019424036
429,17,0.00026393123
430,17,0.00065851863
431,17,0.0008005528
432,17,0.00039769989
433,17,0.00038915686
434,17,0.00066193193
435,17,0.00034016836
436,17,0.00041043386
437,17,0.00090726744
438,17,0.000999474
439,17,0.00042994507
440,17,0.00060483534
441,17,0.00093303714
442,17,0.00045922678
443,17,0.0004634494
444,17,0.0007256791
445,17,0.000568755
446,17,0.0005048495
447,17,0.000605613
448,17,0.00056563504
449,17,0.00012368336
450,17,0.0004669847
451,17,0.00027619582
452,17,0.00089323986
453,17,0.0002053557
454,17,0.00074815005
455,17,0.000860326
456,17,0.00021834485
457,17,0.0008330438
458,17,0.000402458
459,17,0.0006964011
460,17,0.00055732764
461,17,0.00074858405
462,17,0.0006516548
463,17,0.00091036875
464,17,0.00084734615
465,17,0.00053840317
466,17,0.00047810748
467,17,-0.00044345763
468,17,0.00044846162
469,17,0.00027271546
470,17,0.000269467
471,17,0.00014145114
472,17,0.0010813093
473,17,0.00051342323
474,17,0.00011542346
475,17,0.0005958313
476,17,0.00062620733
477,17,0.0008068662
478,17,0.0004440397
479,17,9.830855e-05
480,17,0.00095404405
481,17,0.0005008308
482,17,0.00073124375
483,17,0.0005445713
484,17,0.0007008165
485,17,0.0005361922
486,17,0.00068160985
487,17,0.00026387628
488,17,0.0004408108
489,17,7.586647e-05
490,17,-9.281654e-05
491,17,0.00043595955
492,17,0.0011550551
493,17,0.0005184375
494,17,0.0003191689
0,18,0.0007051164
1,18,0.0009565521
2,18,0.0009393068
3,18,
4,18,
5,18,
6,18,
7,18,
8,18,
9,18,
10,18,
11,18,
12,18,
13,18,
14,18,
15,18,
16,18,
17,18,
18,18,
19,18,
20,18,
21,18,0.0007344885
22,18,0.00038301945
23,18,0.00011357758
24,18,0.00045841094
25,18,0.00017542206
26,18,0.00072370097
27,18,0.0008247206
28,18,0.0003091246
29,18,0.0003272416
30,18,0.0006081043
31,18,3.4524128e-05
32,18,0.000619255
33,18,0.00056564715
34,18,0.00080139283
35,18,0.0006411392
36,18,0.0008886829
37,18,0.00047520828
38,18,0.0008408716
39,18,0.0006535733
40,18,0.00045382977
41,18,0.00047536846
42,18,0.00033691805
43,18,0.00090637617
44,18,0.0002495339
45,18,0.00031538308
46,18,0.0005027419
47,18,0.0007026503
48,18,0.0004515387
49,18,0.00068824086
50,18,0.00066459924
51,18,0.00091414526
52,18,0.00047256704
53,18,0.0005059112
54,18,0.00013621897
55,18,0.00066409446
56,18,7.9449266e-05
57,18,0.00026882906
58,18,0.00097495597
59,18,0.00045071542
60,18,0.00082156435
61,18,0.00047970936
62,18,0.0006975513
63,18,0.000442449
64,18,0.00065164175
65,18,0.00034990534
66,18,0.0012719138
67,18,0.0002485579
68,18,0.00060363486
69,18,0.0005225297
70,18,0.0005053282
71,18,0.0003838092
72,18,0.00022029877
73,18,0.0007534055
74,18,0.00035610702
75,18,0.00026279315
76,18,0.00010869466
77,18,0.0008231923
78,18,0.000549566
79,18,
80,18,
81,18,
82,18,
83,18,
84,18,
85,18,
86,18,
87,18,
88,18,
89,18,
90,18,
91,18,
92,18,
93,18,
94,18,
95,18,
96,18,
97,18,
98,18,
99,18,
100,18,
101,18,
102,18,
103,18,
104,18,
105,18,
106,18,
107,18,0.0009847647
108,18,0.0009359857
109,18,0.00032347627
110,18,-6.058626e-05
111,18,0.0005592732
112,18,0.0005469173
113,18,0.0010176655
114,18,0.00029066578
115,18,0.00042234547
116,18,0.00078797154
117,18,2.7989969e-05
118,18,0.00055213645
119,18,-0.0003837766
120,18,0.0006699795
121,18,0.0007814821
122,18,0.0013581458
123,18,0.00028347597
124,18,0.0005925987
125,18,0.0002392251
126,18,0.0009130854
127,18,0.0007571811
128,18,0.0009138193
129,18,0.00022397656
130,18,0.00041714404
131,18,0.0010479037
132,18,0.0005887635
133,18,0.00032722577
134,18,-0.00044173189
135,18,0.0006932309
136,18,0.0004831599
137,18,0.00040077325
138,18,0.00067001954
139,18,0.00051960815
140,18,0.00038653053
141,18,-0.00013626646
142,18,0.0005315617
143,18,-0.0001724353
144,18,0.0008783741
145,18,0.000979567
146,18,0.00015625916
147,18,0.0008723363
148,18,0.0005487576
149,18,0.0009971559
150,18,0.0006773062
151,18,0.00074156374
152,18,
153,18,0.00088665076
154,18,0.00044906978
155,18,0.0006455332
156,18,0.0007201489
157,18,0.000527069
158,18,0.00048222952
159,18,0.000650092
160,18,0.000178935
161,18,0.00046531856
162,18,0.00046405755
163,18,0.00018558837
164,18,0.00063012633
165,18,0.00082354713
166,18,0.0006657224
167,18,0.0010711113
168,18,0.0011138152
169,18,0.001026513
170,18,
171,18,
172,18,
173,18,
174,18,4.2358413e-05
175,18,0.00024969224
176,18,0.00013343524
177,18,0.00059986115
178,18,0.00045826193
179,18,0.0005318504
180,18,0.00075118337
181,18,0.00016568229
182,18,0.0007098466
183,18,0.00040165614
184,18,0.00040751323
185,18,0.001003541
186,18,0.00060505513
187,18,-1.18445605e-05
188,18,0.00035587698
189,18,0.00036199205
190,18,0.0005147699
191,18,0.0003768867
192,18,0.0007833
193,18,-7.204898e-05
194,18,0.0002440596
195,18,0.00067647453
196,18,0.00011448562
197,18,0.00053754915
198,18,0.000669715
199,18,0.0007757172
200,18,0.00046568178
201,18,0.00033487007
202,18,0.0003227247
203,18,0.00023790356
204,18,0.00025345385
205,18,0.0001787236
206,18,0.0004813876
207,18,0.00049902685
208,18,-5.3443015e-05
209,18,0.00032009557
210,18,0.0006804019
211,18,0.00055094436
212,18,0.00023804232
213,18,0.0005991403
214,18,0.00039302092
215,18,0.00059663784
216,18,0.00032056496
217,18,0.00096905045
218,18,0.00025057234
219,18,0.0002934998
220,18,0.00022636633
221,18,2.8542243e-05
222,18,7.30874e-05
223,18,0.0002369918
224,18,0.0005107131
225,18,0.00027086958
226,18,0.0006311005
227,18,-1.05770305e-05
228,18,0.00030374527
229,18,0.00086497515
230,18,0.00050956197
231,18,0.0004986981
232,18,-3.6613084e-05
233,18,0.00075174216
234,18,0.0009128656
235,18,0.00039209332
236,18,0.0003528986
237,18,0.0008484982
238,18,0.0006374521
239,18,-0.0003217617
240,18,0.0007029362
241,18,-4.2148866e-05
242,18,5.324837e-05
243,18,0.00042113103
244,18,0.00056224875
245,18,0.0006356966
246,18,0.0005959915
247,18,0.0010474874
248,18,0.0005095126
249,18,0.00029363018
250,18,0.00066776667
251,18,0.0010855952
252,18,0.0011797734
253,18,0.0009985901
254,18,0.00036578532
255,18,-3.2458454e-05
256,18,0.00057434384
257,18,0.0008668713
258,18,0.00059105735
259,18,0.0004724441
260,18,0.00031437725
261,18,0.00022753607
262,18,0.00025336165
263,18,0.00012780819
264,18,0.0006461106
265,18,0.000744774
266,18,0.0006440012
267,18,0.00074353255
268,18,0.0001290869
269,18,0.00069777574
270,18,0.0007980848
271,18,0.0001481343
272,18,0.0008266391
273,18,0.0004883297
274,18,0.0003454825
275,18,0.00080660265
276,18,0.00027136225
277,18,0.0006909147
278,18,0.0002619112
279,18,0.0004296936
280,18,0.00030443817
281,18,0.000552292
282,18,0.00071263313
283,18,0.00052491855
284,18,0.00053343363
285,18,0.00035618246
286,18,0.00040716585
287,18,-2.514571e-05
288,18,0.00051069446
289,18,0.0009569917
290,18,0.0004790388
291,18,0.00035126787
292,18,0.00032176264
293,18,0.00050371885
294,18,0.0005071722
295,18,0.00041214935
296,18,0.00035252701
297,18,0.0007241946
298,18,0.00038587768
299,18,0.00046676956
300,18,0.00087300874
301,18,0.0009642085
302,18,0.00036026817
303,18,0.00060693733
304,18,0.00081642903
305,18,0.00075636804
306,18,0.0002533868
307,18,
308,18,
309,18,
310,18,
311,18,0.00052835606
312,18,0.00034015626
313,18,9.180885e-05
314,18,0.00071261264
315,18,0.00082921144
316,18,0.00042126328
317,18,0.00056931376
318,18,0.00013727043
319,18,
320,18,
321,18,
322,18,
323,18,
324,18,
325,18,
326,18,
327,18,
328,18,
329,18,
330,18,
331,18,
332,18,
333,18,
334,18,
335,18,
336,18,
337,18,
338,18,0.00096987933
339,18,0.00034178235
340,18,0.0003636647
341,18,0.0002346402
342,18,0.00026885327
343,18,0.00044443458
344,18,0.00047734007
345,18,0.00074014347
346,18,0.0002865363
347,18,0.0004135929
348,18,0.00067275204
349,18,0.0005111145
350,18,0.00044522807
351,18,8.91434e-05
352,18,0.0002970146
353,18,0.00015042536
354,18,0.00036536623
355,18,0.00017707702
356,18,0.0005201148
357,18,0.0008389298
358,18,0.0007962845
359,18,0.0013642274
360,18,0.0009055808
361,18,0.00090937596
362,18,0.00037845317
363,18,0.0002623042
364,18,0.0001558289
365,18,0.001005752
366,18,0.000823752
367,18,0.0005628718
368,18,0.00035841577
369,18,0.0004570959
370,18,0.00060561113
371,18,0.00027100742
372,18,0.00084489584
373,18,0.0004362166
374,18,0.00069115683
375,18,0.0007102378
376,18,0.00025792606
377,18,0.0005001221
378,18,0.00044292025
379,18,0.0006552134
380,18,0.0006886292
381,18,0.0005485602
382,18,0.00015292969
383,18,0.00067178626
384,18,0.00037613604
385,18,0.0005466202
386,18,0.0010199212
387,18,0.00065178983
388,18,0.00017192401
389,18,0.0004839208
390,18,0.00087352097
391,18,0.0008462304
392,18,0.00054565445
393,18,0.00062334165
394,18,0.0005298909
395,18,0.0005088961
396,18,0.0010305978
397,18,0.00049419235
398,18,0.0006662896
399,18,0.00062326714
400,18,0.00054315664
401,18,0.00039411802
402,18,0.0007488262
403,18,0.00037864223
404,18,0.0007789545
405,18,0.000570789
406,18,0.0008337125
407,18,0.000926462
408,18,0.00052677933
409,18,0.0008845646
410,18,0.0004979139
411,18,0.00016369205
412,18,0.0006078435
413,18,0.0008200966
414,18,0.0005354667
415,18,0.000854074
416,18,0.00036282185
417,18,0.0007617101
418,18,0.0010013869
419,18,0.0005002087
420,18,0.0009494368
421,18,-4.0753745e-05
422,18,0.0005257856
423,18,0.00082920585
424,18,0.00037344266
425,18,0.00067015924
426,18,0.00049373414
427,18,0.00014662184
428,18,0.0006446764
429,18,0.0003656866
430,18,0.00090372935
431,18,0.00021846872
432,18,0.00067028776
433,18,0.00019396096
434,18,0.0004634941
435,18,0.00047189463
436,18,0.0007766932
437,18,0.00035128184
438,18,0.0008008331
439,18,-0.0006307829
440,18,0.0007312633
441,18,0.00046999753
442,18,0.00053025223
443,18,0.0008189678
444,18,0.00035762042
445,18,0.0003562644
446,18,0.0003436925
447,18,0.00047313888
448,18,5.5717304e-05
449,18,0.00020338036
450,18,0.0002850406
451,18,0.00044648908
452,18,0.00094360765
453,18,0.0006394712
454,18,0.00030350965
455,18,0.00028956588
456,18,6.6701323e-06
457,18,0.00042800233
458,18,0.0004466558
459,18,0.00047612935
460,18,-3.093388e-05
461,18,0.00029227138
462,18,0.0005668802
463,18,0.00011909101
464,18,0.00021422748
465,18,0.0011168187
466,18,6.877445e-05
467,18,0.0006047478
468,18,0.0007921569
469,18,0.000113585964
470,18,0.0006207153
471,18,0.00083501544
472,18,0.0007281825
473,18,0.00051587634
474,18,0.0004719086
475,18,0.0005226759
476,18,0.0007113479
477,18,0.00056675635
478,18,0.00034310855
479,18,0.0008367924
480,18,0.00034985878
481,18,0.00034357887
482,18,0.00018229336
483,18,0.0003451649
484,18,0.00055997353
485,18,0.00083599053
486,18,0.00042654946
487,18,0.00061451737
488,18,0.00016298331
489,18,0.000648072
490,18,0.0009891521
491,18,0.00018924195
492,18,0.0007911483
493,18,0.00014426094
494,18,0.00016549509
0,19,0.0006494876
1,19,0.00016791001
2,19,0.0004217727
3,19,
4,19,
5,19,
6,19,
7,19,
8,19,
9,19,
10,19,
11,19,
12,19,
13,19,
14,19,
15,19,
16,19,
17,19,
18,19,
19,19,
20,19,
21,19,
22,19,0.00025889277
23,19,0.0010032877
24,19,0.0008756006
25,19,0.0004425831
26,19,0.00042310078
27,19,0.000885807
28,19,0.00018733833
29,19,0.0004023537
30,19,0.00071899686
31,19,0.00057297014
32,19,0.00013388228
33,19,0.0007342249
34,19,0.0005223863
35,19,0.0008364152
36,19,0.0006079953
37,19,0.0008062972
38,19,0.00057860184
39,19,0.0009335801
40,19,0.00036980957
41,19,0.00033843145
42,19,0.00086769834
43,19,0.00040302612
44,19,0.00041536428
45,19,0.00015685242
46,19,-4.1915104e-05
47,19,-6.6384673e-06
48,19,0.00038846396
49,19,0.00030240137
50,19,0.00017257594
51,19,0.0006914772
52,19,5.1154755e-05
53,19,0.00064710714
54,19,0.0002147872
55,19,0.00033325236
56,19,0.00022563152
57,19,0.00037636887
58,19,0.00057888124
59,19,0.00079794135
60,19,0.0005275272
61,19,0.0003826432
62,19,0.0003505051
63,19,0.00048567448
64,19,0.00084883254
65,19,0.00075880904
66,19,0.00031038933
67,19,0.00048155803
68,19,0.0007182248
69,19,0.00053073186
70,19,0.00065655354
71,19,0.00046946108
72,19,0.00075620227
73,19,0.00084060244
74,19,0.00041390024
75,19,0.0004020566
76,19,0.0006661378
77,19,0.0008421745
78,19,0.0010506334
79,19,0.00071799755
80,19,
81,19,
82,19,
83,19,
84,19,
85,19,
86,19,
87,19,
88,19,
89,19,
90,19,
91,19,
92,19,
93,19,
94,19,
95,19,
96,19,
97,19,
98,19,
99,19,
100,19,
101,19,
102,19,
103,19,
104,19,
105,19,
106,19,
107,19,
108,19,0.00048728194
109,19,0.00092140306
110,19,0.0006225733
111,19,0.00057367235
112,19,0.0009376537
113,19,0.00015158858
114,19,0.0002006311
115,19,9.108335e-07
116,19,0.0002696095
117,19,0.00093026925
118,19,0.0002700137
119,19,0.00030913763
120,19,
121,19,0.0009249551
122,19,0.00015475228
123,19,0.0009821439
124,19,0.00021317787
125,19,0.000777212
126,19,0.00019998569
127,19,8.9545734e-05
128,19,0.0008354625
129,19,0.0008436991
130,19,0.001269592
131,19,0.00017564092
132,19,0.00092214625
133,19,0.0009679422
134,19,0.0004350245
135,19,0.0006893538
136,19,0.00034467597
137,19,0.0006096205
138,19,0.00049997587
139,19,0.00059435796
140,19,0.0006827675
141,19,0.0005748002
142,19,0.0009784373
143,19,0.00060444046
144,19,0.0002369862
145,19,0.00031348504
146,19,0.0009714328
147,19,0.00063138176
148,19,0.00075380504
149,19,0.00082217716
150,19,0.00041414425
151,19,0.00057271216
152,19,0.00021405239
153,19,3.0273572e-05
154,19,0.0007640589
155,19,0.0010513123
156,19,0.0012065982
157,19,0.0005867677
158,19,0.0002698712
159,19,0.0008801697
160,19,0.00045007467
161,19,0.0008544363
162,19,0.00044131465
163,19,1.6434118e-05
164,19,0.0010557137
165,19,0.00043100864
166,19,0.00070895255
167,19,0.00072877854
168,19,0.0009026937
169,19,0.0010560136
170,19,
171,19,
172,19,0.00016685016
173,19,0.000847755
174,19,0.00060532335
175,19,0.00041844882
176,19,2.5985762e-05
177,19,0.0005104691
178,19,0.00036175922
179,19,0.0008467259
180,19,0.00025426317
181,19,0.00017006695
182,19,0.00038271304
183,19,0.0005828319
184,19,-5.9133396e-05
185,19,0.00014021806
186,19,0.0005861558
187,19,0.0005705459
188,19,0.00050754007
189,19,0.0005179271
190,19,0.0010137763
191,19,0.00081455987
192,19,0.00022212043
193,19,0.0003402438
194,19,0.0006261263
195,19,0.00030293036
196,19,0.0005218582
197,19,0.0002820585
198,19,0.00039381348
199,19,0.000648384
200,19,0.00093367416
201,19,0.0005167993
202,19,0.0006525209
203,19,0.00038539432
204,19,0.00047989748
205,19,0.0006727716
206,19,0.00045094173
207,19,3.5725534e-06
208,19,0.00073368475
209,19,0.0006813919
210,19,0.0005984418
211,19,0.00031885877
212,19,0.00043571927
213,19,0.0005247984
214,19,0.00079635996
215,19,0.0004327558
216,19,0.0005156314
217,19,0.0005197134
218,19,0.0005672546
219,19,9.656139e-05
220,19,0.000491797
221,19,0.0004040813
222,19,0.00059698056
223,19,0.00023720786
224,19,0.000600351
225,19,0.00066968426
226,19,0.0009751329
227,19,0.0006547542
228,19,-0.00012783427
229,19,0.00036170986
230,19,0.0006634295
231,19,0.00033738185
232,19,-2.6995316e-05
233,19,0.0004636459
234,19,0.0005934369
235,19,0.0005032178
236,19,-0.00028912164
237,19,0.0005333908
238,19,2.6323833e-05
239,19,0.0012203865
240,19,0.0009578988
241,19,-9.977631e-05
242,19,0.00023441203
243,19,0.00021252595
244,19,0.00044555217
245,19,0.0004697442
246,19,0.0006039059
247,19,0.0005779145
248,19,0.0006891638
249,19,0.00040050223
250,19,0.00065316353
251,19,0.00054491684
252,19,0.0009414274
253,19,0.0012531439
254,19,0.0007029874
255,19,0.00091904216
256,19,0.0005699005
257,19,0.0001326194
258,19,0.00071489066
259,19,0.0012734393
260,19,0.000848528
261,19,0.00042933412
262,19,0.0011527017
263,19,2.4142675e-05
264,19,0.000363715
265,19,0.00050674286
266,19,0.00045574456
267,19,0.00090829283
268,19,0.00060889963
269,19,0.00036481675
270,19,0.00035619736
271,19,0.00017445348
272,19,0.00042411685
273,19,0.0007736441
274,19,0.00037033483
275,19,0.0007635942
276,19,0.00089104194
277,19,0.00067941006
278,19,0.00037946552
279,19,0.0005086111
280,19,0.00049589016
281,19,0.00047317706
282,19,0.0009385962
283,19,-0.00022205524
284,19,0.00047691818
285,19,0.00057530403
286,19,0.00043811277
287,19,0.00087634195
288,19,0.0006471863
289,19,0.00059223454
290,19,0.00053525064
291,19,0.00026196055
292,19,0.00052346755
293,19,9.7742304e-05
294,19,0.0009168545
295,19,0.00018827617
296,19,0.00056636333
297,19,0.0007743621
298,19,4.724972e-05
299,19,0.00033881795
300,19,0.00041899085
301,19,0.00054420717
302,19,0.0009806547
303,19,0.0004154779
304,19,0.0009709047
305,19,0.0005803788
306,19,0.00072290003
307,19,
308,19,-0.00013047922
309,19,
310,19,
311,19,0.00060033146
312,19,0.0009473339
313,19,0.000252706
314,19,0.00047434587
315,19,0.00049728714
316,19,0.00086526107
317,19,0.00027216878
318,19,
319,19,
320,19,
321,19,
322,19,
323,19,
324,19,
325,19,
326,19,
327,19,
328,19,
329,19,
330,19,
331,19,
332,19,
333,19,
334,19,0.00090173166
335,19,
336,19,0.00022458285
337,19,0.0005996004
338,19,
339,19,0.00061007217
340,19,0.0004153028
341,19,0.00018099789
342,19,0.0006649159
343,19,0.00041730516
344,19,0.00054933317
345,19,0.00071727205
346,19,0.0007720338
347,19,0.0001332555
348,19,0.0009051617
349,19,0.00023462065
350,19,0.00022110064
351,19,0.00070245285
352,19,0.00025449786
353,19,0.00023538712
354,19,0.00021587778
355,19,0.00092389435
356,19,0.00083903875
357,19,-3.259629e-07
358,19,0.00064745825
359,19,0.0008386737
360,19,0.0005309442
361,19,-0.0001062816
362,19,0.0009855432
363,19,0.0005016476
364,19,0.000330762
365,19,0.0005946439
366,19,0.00091275293
367,19,0.0004468076
368,19,0.00054640137
369,19,0.00021672715
370,19,0.000429105
371,19,0.00077832397
372,19,0.00031197257
373,19,0.00043826737
374,19,0.00067867804
375,19,0.00051338505
376,19,0.000629127
377,19,0.00066918135
378,19,0.00035634823
379,19,0.00031887554
380,19,0.0004526591
381,19,0.0005184915
382,19,0.00053051766
383,19,0.0003941832
384,19,0.00034504756
385,19,0.0004686052
386,19,0.000468513
387,19,0.00025601964
388,19,0.00077634864
389,19,0.0006958749
390,19,0.0004385505
391,19,0.00046902522
392,19,0.0009137681
393,19,0.0005672816
394,19,0.000830384
395,19,0.0008038487
396,19,0.0004927246
397,19,0.0005335044
398,19,0.0008133948
399,19,0.00079801586
400,19,0.0006013848
401,19,0.00092864875
402,19,0.00044538733
403,19,0.00043054856
404,19,0.0006557824
405,19,0.00059923716
406,19,0.00060245395
407,19,0.00036400743
408,19,0.0007585222
409,19,0.0011576656
410,19,0.0008267937
411,19,0.0005489867
412,19,0.00038850494
413,19,0.00015953183
414,19,0.0002484154
415,19,0.0005739257
416,19,0.0009234268
417,19,0.000118664466
418,19,0.0003246162
419,19,0.00015092641
420,19,0.00060854014
421,19,0.00050719734
422,19,0.00020125229
423,19,0.00051098503
424,19,0.0007881839
425,19,0.00033185072
426,19,0.00039859768
427,19,0.0005641328
428,19,0.00041729212
429,19,0.00022484735
430,19,0.0007911492
431,19,0.0011891471
432,19,0.0007311348
433,19,0.00082873553
434,19,0.00066856295
435,19,0.0002929652
436,19,0.0004496025
437,19,0.00010668766
438,19,0.00043152925
439,19,0.0005927328
440,19,0.0002990039
441,19,0.0007696273
442,19,0.0006894944
443,19,0.0012586964
444,19,0.00039159507
445,19,0.0004822435
446,19,0.00035704393
447,19,0.00074703526
448,19,0.00095028896
449,19,0.0007416364
450,19,0.0011168653
451,19,0.00050062966
452,19,0.0006603729
453,19,0.00030502118
454,19,0.00014945585
455,19,0.0011474127
456,19,-3.0044466e-06
457,19,0.0004674578
458,19,0.0008898657
459,19,0.00050276984
460,19,0.0006671995
461,19,0.0005004555
462,19,0.0003131926
463,19,0.00045160577
464,19,0.00048738252
465,19,5.6905672e-05
466,19,0.00044651702
467,19,0.0002382705
468,19,0.00062201265
469,19,0.00045337155
470,19,0.0009999946
471,19,0.00037523173
472,19,0.0008455496
473,19,0.00087143015
474,19,0.0006358633
475,19,0.0006440887
476,19,0.00084556453
477,19,0.0005330695
478,19,0.0005071899
479,19,0.00032425206
480,19,0.00023366604
481,19,0.0007217908
482,19,0.00030432828
483,19,0.0006605536
484,19,0.0004896708
485,19,0.0007301904
486,19,0.00037291087
487,19,0.0003624214
488,19,0.00047365203
489,19,0.00067301467
490,19,0.00037498027
491,19,0.0004048366
492,19,0.0011389852
493,19,0.00062365737
494,19,0.0006495621
0,20,0.0009929705
1,20,0.0005089808
2,20,
3,20,
4,20,
5,20,
6,20,
7,20,
8,20,
9,20,
10,20,
11,20,
12,20,
13,20,
14,20,
15,20,
16,20,
17,20,
18,20,
19,20,
20,20,
21,20,
22,20,
23,20,0.0009046383
24,20,0.0009220652
25,20,0.0009441152
26,20,0.0005096188
27,20,0.00013232697
28,20,0.0003151046
29,20,0.00039357692
30,20,0.0007364908
31,20,0.0006353976
32,20,0.0004453687
33,20,0.00074751116
34,20,0.0005683163
35,20,0.00052324403
36,20,0.00042595714
37,20,0.0007479517
38,20,0.00052357465
39,20,0.0004899651
40,20,0.0004821606
41,20,-0.0002748901
42,20,0.0003049979
43,20,0.0007434683
44,20,0.0006513223
45,20,0.0007762704
46,20,0.0006952621
47,20,0.00046563335
48,20,0.00059679896
49,20,0.00074779335
50,20,0.00022129808
51,20,0.0006628791
52,20,0.00038686767
53,20,0.0008110674
54,20,0.0005336264
55,20,0.0005245125
56,20,0.0010051439
57,20,0.0005051652
58,20,0.00054268725
59,20,0.00031837542
60,20,0.00050318986
61,20,0.0003311513
62,20,0.0008432437
63,20,0.00034661498
64,20,0.00040716678
65,20,0.001137604
66,20,0.00029702578
67,20,0.0005002022
68,20,0.00074813515
69,20,0.0009267535
70,20,0.00063886493
71,20,0.0004014857
72,20,0.0008359663
73,20,0.00052660704
74,20,0.0007985486
75,20,0.000711062
76,20,0.000940755
77,20,0.0009285789
78,20,
79,20,0.0005525416
80,20,
81,20,
82,20,
83,20,
84,20,
85,20,
86,20,
87,20,
88,20,
89,20,
90,20,
91,20,
92,20,
93,20,
94,20,
95,20,
96,20,
97,20,
98,20,
99,20,
100,20,
101,20,
102,20,
103,20,
104,20,
105,20,
106,20,
107,20,
108,20,0.00077219866
109,20,-9.136181e-05
110,20,0.0005916748
111,20,0.0007627867
112,20,0.0006215647
113,20,0.000806015
114,20,0.00042395666
115,20,0.0005255565
116,20,-0.00026609283
117,20,0.00068669394
118,20,0.00083460566
119,20,0.0009114286
120,20,
121,20,
122,20,0.0004998371
123,20,0.00049638003
124,20,0.0012585158
125,20,0.00014800113
126,20,0.0007654326
127,20,0.00018989574
128,20,7.964298e-05
129,20,0.00045440253
130,20,0.00053900015
131,20,0.00082018133
132,20,0.00095298607
133,20,0.0001886161
134,20,0.0011333814
135,20,0.0006088922
136,20,8.769333e-06
137,20,0.00046595093
138,20,0.00046567526
139,20,0.00047452562
140,20,0.00065288134
141,20,0.00020966027
142,20,5.964935e-05
143,20,0.00078136846
144,20,0.00043503102
145,20,0.00039502326
146,20,0.0006626183
147,20,0.00025232416
148,20,5.3729862e-05
149,20,0.0004422851
150,20,0.00017094985
151,20,0.00017051771
152,20,0.00085351523
153,20,
154,20,0.0011565639
155,20,0.000707441
156,20,0.0007362645
157,20,0.0008536745
158,20,0.0010608062
159,20,0.00086032413
160,20,0.0008515846
161,20,0.00080228224
162,20,0.000727864
163,20,0.0006813342
164,20,0.00061277393
165,20,0.0004863618
166,20,0.0010159612
167,20,0.0010233596
168,20,0.0004039323
169,20,0.0011207191
170,20,0.0009824606
171,20,0.00030116923
172,20,0.0006287005
173,20,-0.00014128629
174,20,0.00038260594
175,20,0.00067242887
176,20,0.0005975487
177,20,0.00059899315
178,20,0.0005974639
179,20,0.0005099233
180,20,0.00083639286
181,20,0.00045117084
182,20,0.0009400416
183,20,8.702185e-05
184,20,0.00041964278
185,20,0.00033344328
186,20,0.0008001495
187,20,0.00047085807
188,20,0.00077468716
189,20,0.0003408566
190,20,0.0003740471
191,20,7.84155e-05
192,20,-0.00029922463
193,20,0.00010874029
194,20,0.0006318996
195,20,0.00078235567
196,20,0.0007600738
197,20,0.00018870085
198,20,0.00037684944
199,20,0.00044929143
200,20,0.00060368795
201,20,0.00049109943
202,20,-0.00028195046
203,20,-6.4540654e-07
204,20,0.00052384473
205,20,0.0005048802
206,20,0.0001091212
207,20,-0.00010594912
208,20,0.0005355496
209,20,0.00042143278
210,20,0.00041544437
211,20,0.0001282217
212,20,0.00019125361
213,20,0.00021820143
214,20,-0.00023475755
215,20,0.00024371035
216,20,0.0002907114
217,20,0.00053384993
218,20,0.0006630132
219,20,0.0003360156
220,20,0.0002787141
221,20,0.00037082285
222,20,9.522308e-05
223,20,0.0005884012
224,20,0.00021344889
225,20,0.0002549598
226,20,0.0011491058
227,20,0.00055508874
228,20,5.369354e-05
229,20,0.00044677593
230,20,5.0219707e-05
231,20,0.00022024382
232,20,0.00046379585
233,20,7.4680895e-05
234,20,0.00043258816
235,20,0.00063415244
236,20,0.00028223824
237,20,0.00041911565
238,20,0.0005788747
239,20,0.00024173874
240,20,0.00026055519
241,20,-1.2012199e-05
242,20,0.00047688
243,20,0.0007899776
244,20,0.00032875035
245,20,0.00026425254
246,20,0.0006514536
247,20,0.0008822093
248,20,0.00085164886
249,20,0.0002657976
250,20,0.00031341147
251,20,0.0006411681
252,20,-0.00016666763
253,20,0.00047460943
254,20,0.00056467485
255,20,0.00059084967
256,20,0.00088377204
257,20,0.0006102314
258,20,0.00034260564
259,20,0.0001947498
260,20,0.00055426173
261,20,0.00076274667
262,20,0.0005147839
263,20,0.0008274233
264,20,0.00035980344
265,20,0.00044100732
266,20,0.00043592043
267,20,0.0003053872
268,20,0.00097387563
269,20,0.00032864884
270,20,1.2283213e-05
271,20,0.0006705718
272,20,0.0005736435
273,20,0.00019216724
274,20,0.00066159386
275,20,0.0007421989
276,20,0.00073462166
277,20,0.0003746692
278,20,0.00033394247
279,20,0.000480406
280,20,0.00091546774
281,20,0.00026884396
282,20,0.0006004814
283,20,0.0008984655
284,20,0.0003656838
285,20,0.00060081296
286,20,0.0009438358
287,20,0.00041257124
288,20,3.0921772e-05
289,20,0.00017399248
290,20,0.00039809756
291,20,0.00066586863
292,20,0.00046798866
293,20,0.00048857275
294,20,0.0006208075
295,20,0.0007246714
296,20,0.00072669704
297,20,0.00031661429
298,20,0.0005942844
299,20,0.0011558458
300,20,0.0011361875
301,20,0.00065858476
302,20,0.0011494281
303,20,0.000552061
304,20,0.0010883072
305,20,0.00025614537
306,20,0.0005686106
307,20,
308,20,
309,20,
310,20,
311,20,0.00066131353
312,20,0.0007453291
313,20,0.00031914655
314,20,0.00010371674
315,20,-5.492661e-05
316,20,0.00074447785
317,20,0.00074780826
318,20,
319,20,
320,20,
321,20,
322,20,
323,20,
324,20,
325,20,
326,20,
327,20,
328,20,
329,20,
330,20,
331,20,
332,20,
333,20,
334,20,
335,20,
336,20,
337,20,0.00013000797
338,20,5.642418e-05
339,20,0.00016246084
340,20,0.00025745854
341,20,0.0006757146
342,20,5.7160854e-05
343,20,0.00052867364
344,20,4.046969e-05
345,20,0.0004271865
346,20,0.00039205328
347,20,0.00013748743
348,20,0.0001006173
349,20,0.00017973315
350,20,0.00089514814
351,20,0.00035904814
352,20,0.0007659886
353,20,0.0004634643
354,20,0.0008338243
355,20,0.00050265994
356,20,0.0005651582
357,20,0.0008936282
358,20,0.00025964435
359,20,0.0005024029
360,20,0.00053005293
361,20,6.503146e-05
362,20,0.0003029583
363,20,0.0009101769
364,20,0.00039457902
365,20,0.00044880714
366,20,0.00036833435
367,20,0.000823603
368,20,0.0006951047
369,20,0.0009794533
370,20,0.0004790891
371,20,0.0004559355
372,20,0.00059601385
373,20,0.0005215453
374,20,0.0007265005
375,20,0.0008372618
376,20,0.0006213635
377,20,0.0006378656
378,20,0.000619784
379,20,0.00091168564
380,20,0.00038933754
381,20,0.00064946245
382,20,0.00074139424
383,20,0.00054615363
384,20,0.0004664231
385,20,0.0009777406
386,20,0.00040453486
387,20,0.00047842413
388,20,0.00060678273
389,20,0.00062105246
390,20,0.00093554705
391,20,0.0005123615
392,20,0.00029224064
393,20,0.0005103722
394,20,0.00084801856
395,20,0.00031105243
396,20,0.00058730785
397,20,0.00080975797
398,20,0.0005945945
399,20,0.00034556352
400,20,0.00037157536
401,20,0.00026678294
402,20,0.0005174391
403,20,0.0007019164
404,20,0.0006792974
405,20,0.0007204544
406,20,0.0008862894
407,20,0.0002473276
408,20,0.00052320305
409,20,0.000580878
410,20,0.00034267455
411,20,0.0004262058
412,20,0.0003605755
413,20,0.0009875791
414,20,0.0008351747
415,20,0.00038859062
416,20,0.00034345686
417,20,-6.6597946e-05
418,20,0.00017034914
419,20,0.000636532
420,20,0.00055992603
421,20,-3.2396987e-05
422,20,0.00070245564
423,20,0.0006951429
424,20,0.0006073229
425,20,0.0005245246
426,20,0.0005579451
427,20,0.00052968785
428,20,8.962117e-05
429,20,0.0006383313
430,20,0.0004977621
431,20,0.0006695986
432,20,0.00058129337
433,20,0.0006138617
434,20,0.0005784817
435,20,0.00025794748
436,20,0.0006155744
437,20,0.00063587725
438,20,0.00021924637
439,20,0.00024131034
440,20,0.0003047604
441,20,9.766687e-05
442,20,0.00049292576
443,20,0.0008016601
444,20,0.0004853122
445,20,-0.000100446865
446,20,0.0005217297
447,20,0.0003234204
448,20,0.0007859068
449,20,0.00043623615
450,20,0.00050083175
451,20,0.00052066613
452,20,0.00048708078
453,20,0.001314614
454,20,0.0007941704
455,20,-8.529611e-05
456,20,0.001049133
457,20,0.00088387076
458,20,0.00046363845
459,20,0.00027120486
460,20,0.0005778223
461,20,0.00027576275
462,20,0.0005960958
463,20,0.00035889074
464,20,0.00032923557
465,20,0.00040609203
466,20,0.0005279761
467,20,6.880518e-05
468,20,0.00076812133
469,20,0.0005386304
470,20,0.00044765137
471,20,0.00088446774
472,20,0.0006586313
473,20,0.0004632622
474,20,0.0003020214
475,20,0.00095367525
476,20,0.00019764714
477,20,0.00028879754
478,20,0.0006013997
479,20,0.0009307172
480,20,-0.0001063915
481,20,0.000557933
482,20,0.00048484188
483,20,0.0008082334
484,20,0.00060973316
485,20,0.0008448949
486,20,0.00046666525
487,20,0.00057357736
488,20,0.00058050826
489,20,0.00084180105
490,20,0.0005082758
491,20,0.00040594488
492,20,0.00064846873
493,20,0.0007253466
494,20,0.00051149726
0,21,0.0004044464
1,21,0.00035487115
2,21,0.00043868367
3,21,0.00092899334
4,21,
5,21,
6,21,
7,21,
8,21,
9,21,
10,21,
11,21,
12,21,
13,21,
14,21,
15,21,
16,21,
17,21,
18,21,
19,21,
20,21,
21,21,
22,21,
23,21,0.00059638824
24,21,0.0006986605
25,21,0.0006773062
26,21,0.00055314135
27,21,0.00054913387
28,21,0.0006013708
29,21,0.0009683501
30,21,0.00084304344
31,21,0.00061837863
32,21,0.0003108941
33,21,0.0003542304
34,21,0.00017383788
35,21,0.0009527663
36,21,0.00034216512
37,21,0.0005382011
38,21,0.0004983386
39,21,0.0004148977
40,21,0.0007718103
41,21,0.00023730472
42,21,0.00047286227
43,21,0.0015750583
44,21,0.0006936453
45,21,0.00026496034
46,21,0.00040146708
47,21,0.00031204335
48,21,0.00027024187
49,21,0.000247146
50,21,0.0008260356
51,21,0.00082858
52,21,0.0010155309
53,21,0.0003485661
54,21,0.0006774124
55,21,0.00078854244
56,21,0.000630836
57,21,0.00043758005
58,21,0.00022649392
59,21,0.00066308957
60,21,0.0004695393
61,21,0.00021328777
62,21,0.00038527604
63,21,0.00061998237
64,21,0.0004693512
65,21,0.00069729984
66,21,0.0003714282
67,21,0.00086123403
68,21,0.0004304042
69,21,0.0007262351
70,21,0.00036111288
71,21,0.0010289252
72,21,0.00095942337
73,21,0.00089301635
74,21,0.0008887509
75,21,0.00030589104
76,21,0.00096969865
77,21,0.0005426146
78,21,
79,21,0.00095268246
80,21,0.0007298235
81,21,0.00094767846
82,21,
83,21,
84,21,
85,21,
86,21,
87,21,
88,21,
89,21,
90,21,
91,21,
92,21,
93,21,
94,21,
95,21,
96,21,
97,21,
98,21,
99,21,
100,21,
101,21,
102,21,
103,21,
104,21,
105,21,
106,21,
107,21,
108,21,0.0009251591
109,21,0.00042592082
110,21,0.00058713835
111,21,9.8405406e-05
112,21,0.0002619205
113,21,0.00014910847
114,21,0.000238657
115,21,0.0005860338
116,21,0.00050390605
117,21,0.0005314369
118,21,0.0003104629
119,21,0.0007911334
120,21,0.00029830355
121,21,
122,21,0.00081341434
123,21,0.0009118663
124,21,0.0005681291
125,21,0.0006585419
126,21,0.00026637968
127,21,0.0007435046
128,21,0.00015409291
129,21,0.00047208648
130,21,1.143571e-05
131,21,0.00032649375
132,21,0.00020174589
133,21,0.0009009484
134,21,0.00059241615
135,21,0.0005301777
136,21,0.00039019063
137,21,0.00078161433
138,21,0.00035004318
139,21,0.0008098902
140,21,6.3442625e-05
141,21,5.875528e-05
142,21,0.00024376065
143,21,0.00075508934
144,21,0.0004364336
145,21,0.00075019617
146,21,0.0006687306
147,21,0.00074407924
148,21,0.00036462303
149,21,0.00058243424
150,21,0.0006173402
151,21,0.0010572374
152,21,
153,21,0.0004118923
154,21,4.498195e-05
155,21,0.00030065514
156,21,0.0006315466
157,21,0.00079008285
158,21,0.0009622779
159,21,0.0011018664
160,21,0.00052408315
161,21,0.0009730542
162,21,0.0007660603
163,21,0.00020771474
164,21,0.001041756
165,21,0.00069070887
166,21,0.00070480444
167,21,0.0008498635
168,21,0.0007361565
169,21,0.0007489221
170,21,0.0009980481
171,21,0.0008562468
172,21,
173,21,
174,21,0.00077503733
175,21,0.0002945084
176,21,0.00023616292
177,21,0.0004967572
178,21,0.00043979846
179,21,0.00027877372
180,21,0.0007662289
181,21,0.00027694833
182,21,0.00059407204
183,21,0.00039583817
184,21,0.00061847083
185,21,0.0005546091
186,21,0.00032279734
187,21,0.0002653934
188,21,0.0010947911
189,21,0.0005871812
190,21,0.00071090367
191,21,0.00068277214
192,21,3.727153e-06
193,21,0.00024677627
194,21,0.0002923673
195,21,0.00045787077
196,21,0.00068677403
197,21,0.00010849722
198,21,0.00039268937
199,21,0.0007834891
200,21,0.0007343041
201,21,0.00014127791
202,21,-4.9202703e-05
203,21,0.00039436854
204,21,0.00042000227
205,21,0.0006498797
206,21,0.00088264234
207,21,0.00046329573
208,21,0.00027978607
209,21,5.3958036e-05
210,21,0.00026575662
211,21,0.0005616555
212,21,0.0004728213
213,21,0.0003090799
214,21,0.0003988482
215,21,0.0006344998
216,21,0.0007675644
217,21,0.00047875196
218,21,0.0005741436
219,21,0.0005554063
220,21,0.0009769062
221,21,0.000491173
222,21,0.00068450905
223,21,0.00018268824
224,21,0.00054524
225,21,0.00080046616
226,21,0.0003514737
227,21,0.00030400418
228,21,0.0002891384
229,21,0.00044607185
230,21,0.0004407512
231,21,0.00043313485
232,21,0.00018075295
233,21,0.0011057779
234,21,0.00062538683
235,21,0.00017430633
236,21,0.00059566833
237,21,0.00064431224
238,21,0.0003977837
239,21,0.0002452014
240,21,0.00021320302
241,21,0.00043167453
242,21,0.0005240124
243,21,0.0005388018
244,21,0.00039618742
245,21,0.0002939431
246,21,0.00059672445
247,21,0.0006061224
248,21,1.1861324e-05
249,21,0.0005260464
250,21,0.00012598187
251,21,0.0006192578
252,21,0.00053201243
253,21,0.001025659
254,21,0.0005112868
255,21,0.0006705215
256,21,0.0002507707
257,21,0.0008274652
258,21,0.00040024146
259,21,0.00049559213
260,21,0.000602358
261,21,0.00019507669
262,21,0.00027363375
263,21,0.00039223488
264,21,0.00083317794
265,21,0.0009450447
266,21,0.0007592151
267,21,0.0010086764
268,21,0.0007623872
269,21,0.00072523206
270,21,0.0005896641
271,21,0.0004647849
272,21,0.0006401343
273,21,0.00061813556
274,21,0.00051889755
275,21,0.00083058514
276,21,0.0010990743
277,21,0.00081171
278,21,0.00067645963
279,21,0.0010337923
280,21,0.00093326066
281,21,0.00035378803
282,21,0.0007216148
283,21,0.00057126675
284,21,-5.731266e-05
285,21,0.0009681871
286,21,0.00063322484
287,21,0.00024194736
288,21,0.00023299828
289,21,0.0007551536
290,21,0.0003652107
291,21,-0.00050723925
292,21,0.0007292675
293,21,0.00057353266
294,21,6.2603503e-06
295,21,0.00029511098
296,21,0.00088064
297,21,0.0005459208
298,21,0.0007214332
299,21,0.0006177472
300,21,0.0009253016
301,21,0.0006192373
302,21,0.00095531344
303,21,0.00087373704
304,21,-0.00015295483
305,21,0.00043606106
306,21,0.00036007352
307,21,
308,21,
309,21,
310,21,
311,21,0.00044956524
312,21,0.00046399422
313,21,0.000841775
314,21,0.00032663345
315,21,0.0006274581
316,21,0.00040907413
317,21,0.00091077667
318,21,0.00018146634
319,21,
320,21,
321,21,0.00026239268
322,21,
323,21,
324,21,0.0010492848
325,21,
326,21,
327,21,
328,21,
329,21,
330,21,
331,21,
332,21,
333,21,
334,21,
335,21,
336,21,
337,21,
338,21,0.00023604836
339,21,0.00027055852
340,21,0.0006205309
341,21,-5.376432e-05
342,21,0.000888112
343,21,0.00073679537
344,21,0.0005698595
345,21,0.0002660863
346,21,0.00054400787
347,21,-0.0003153272
348,21,0.0003526248
349,21,0.0002339445
350,21,-0.00042732712
351,21,0.0003489498
352,21,0.00023974106
353,21,0.00018363912
354,21,0.0007224344
355,21,0.0006111637
356,21,0.00070327707
357,21,0.0004260838
358,21,0.0009872979
359,21,0.00018146541
360,21,0.000101644546
361,21,-6.874651e-05
362,21,0.0009262245
363,21,-0.0001507802
364,21,0.0006530881
365,21,0.0006635068
366,21,0.0007164944
367,21,0.00032388326
368,21,0.00047882088
369,21,0.00041325577
370,21,0.00067661796
371,21,0.0009151129
372,21,0.00019602664
373,21,0.00068234466
374,21,0.0004099533
375,21,0.0010701558
376,21,0.00090017915
377,21,0.00034453627
378,21,0.00031104404
379,21,0.0011481903
380,21,0.0004267525
381,21,0.00031972025
382,21,0.00088200625
383,21,0.0007011285
384,21,0.0002632998
385,21,0.0006987881
386,21,0.0008637626
387,21,0.0009205844
388,21,0.0007215338
389,21,0.00036846194
390,21,0.00055637024
391,21,0.0008309558
392,21,0.00064555556
393,21,0.00052909553
394,21,0.0004462935
395,21,0.00091983937
396,21,0.0005740393
397,21,0.0006429497
398,21,0.00036100298
399,21,0.00030359812
400,21,0.00057112705
401,21,0.0005408209
402,21,0.0007423265
403,21,0.00068810396
404,21,0.0008020885
405,21,0.00096589327
406,21,0.00062479917
407,21,0.00056889094
408,21,0.00016662851
409,21,0.0008422397
410,21,0.0006189067
411,21,0.00062122475
412,21,0.0003653476
413,21,1.7461367e-05
414,21,0.00036162976
415,21,0.00040668435
416,21,0.0008854922
417,21,0.00022913422
418,21,0.0007231999
419,21,0.00011232123
420,21,0.0005890876
421,21,0.00010704901
422,21,0.00016658287
423,21,0.00048632082
424,21,0.00056124013
425,21,0.00038289465
426,21,0.0007009655
427,21,0.0007094918
428,21,0.00073612574
429,21,0.0002907645
430,21,0.0003663553
431,21,0.00076369196
432,21,0.0006207153
433,21,0.0003201533
434,21,0.00035252236
435,21,0.0008828044
436,21,0.0005620839
437,21,0.0002029473
438,21,0.00017669331
439,21,2.1894462e-05
440,21,0.0005277842
441,21,0.00044914894
442,21,0.0005661892
443,21,-1.8409453e-05
444,21,0.00034924317
445,21,0.0004011253
446,21,0.00048513897
447,21,0.00011743978
448,21,0.00018281862
449,21,0.0006400887
450,21,0.0001389198
451,21,-0.00014311541
452,21,0.00044725277
453,21,0.00055836514
454,21,0.00046554953
455,21,0.00045533665
456,21,0.000575915
457,21,0.0006860355
458,21,0.00058951974
459,21,0.00021118019
460,21,0.0003566509
461,21,0.00031830277
462,21,0.00036553107
463,21,-0.0001604911
464,21,0.00025156979
465,21,0.0006468287
466,21,0.00079063885
467,21,-0.00010338053
468,21,0.00039005
469,21,0.0005206298
470,21,0.00037395954
471,21,0.00058681704
472,21,0.0005007116
473,21,0.00036937837
474,21,0.00042106677
475,21,0.00039678812
476,21,0.00051836483
477,21,0.00040100887
478,21,0.0007134201
479,21,0.00069671497
480,21,0.0007890994
481,21,0.0010939371
482,21,0.0008330913
483,21,0.00033762306
484,21,0.00029311888
485,21,0.000394647
486,21,0.0008567674
487,21,0.00019052718
488,21,1.1650845e-05
489,21,0.00031303335
490,21,0.0002760645
491,21,0.00065154117
492,21,0.00015648827
493,21,0.0005405443
494,21,0.00070052966
0,22,0.0007940382
1,22,0.00079779234
2,22,0.00025420263
3,22,0.00076497626
4,22,
5,22,
6,22,
7,22,
8,22,
9,22,
10,22,
11,22,
12,22,
13,22,
14,22,
15,22,
16,22,
17,22,
18,22,
19,22,
20,22,
21,22,
22,22,
23,22,0.000576118
24,22,0.0002466496
25,22,0.0012938045
26,22,0.00034834445
27,22,5.9443526e-05
28,22,0.0005066795
29,22,0.0005148556
30,22,0.0007620668
31,22,0.0004689265
32,22,-8.7582506e-05
33,22,0.0005467124
34,22,0.0009130016
35,22,0.00045162998
36,22,0.0003344072
37,22,0.0009058276
38,22,0.0006218944
39,22,-3.8718805e-05
40,22,0.0004921602
41,22,0.0001880899
42,22,-7.2978437e-06
43,22,0.0005708672
44,22,0.0007004263
45,22,0.00036423188
46,22,0.0008001607
47,22,0.0007741526
48,22,0.0008760039
49,22,0.00039499067
50,22,0.00037648808
51,22,0.00070390943
52,22,0.00064852927
53,22,0.0005533751
54,22,0.00050299894
55,22,0.000261873
56,22,0.00065997057
57,22,0.0009211544
58,22,0.00019164383
59,22,0.00048947893
60,22,0.00033309683
61,22,0.001115784
62,22,0.00071300566
63,22,0.00024957862
64,22,0.0005210312
65,22,0.001161594
66,22,0.0006477181
67,22,0.00067158695
68,22,0.00036126282
69,22,0.0008370597
70,22,0.0009648176
71,22,0.00032919645
72,22,0.0002067443
73,22,0.0003928328
74,22,0.0007867273
75,22,0.00029788446
76,22,0.00028133206
77,22,0.00077064056
78,22,0.0004397435
79,22,0.00059044175
80,22,-0.00025736354
81,22,0.00032448024
82,22,0.0001588799
83,22,
84,22,
85,22,
86,22,
87,22,
88,22,
89,22,
90,22,
91,22,
92,22,
93,22,
94,22,
95,22,0.0009909458
96,22,0.00067642983
97,22,
98,22,
99,22,
100,22,
101,22,
102,22,
103,22,
104,22,
105,22,
106,22,
107,22,
108,22,0.00061369315
109,22,8.948892e-05
110,22,0.0006445339
111,22,-0.00020860042
112,22,0.0008817613
113,22,0.00053661875
114,22,-0.00017412659
115,22,0.0009933701
116,22,0.0007503191
117,22,0.0006650649
118,22,0.000499716
119,22,0.0010167034
120,22,-3.004726e-05
121,22,
122,22,
123,22,-3.2499433e-05
124,22,-0.00012068637
125,22,0.0008978639
126,22,0.0008708425
127,22,0.00029573124
128,22,0.0010589827
129,22,0.0006453786
130,22,0.0014479198
131,22,0.0003621094
132,22,0.000574572
133,22,0.00033131707
134,22,0.0008489294
135,22,0.0002756901
136,22,0.00031701382
137,22,0.00072649866
138,22,0.00028393604
139,22,0.00076701865
140,22,-0.00015282445
141,22,0.00068401545
142,22,0.00083239283
143,22,0.00047935266
144,22,0.0007921746
145,22,0.0010197228
146,22,0.0005356595
147,22,3.1297095e-05
148,22,0.00094393827
149,22,0.00018839724
150,22,0.0006811414
151,22,
152,22,0.00024164561
153,22,0.00054189283
154,22,0.0002806848
155,22,0.00093830377
156,22,0.00052898284
157,22,0.00041733496
158,22,0.0007999232
159,22,0.00042021554
160,22,0.00070690457
161,22,0.0005906718
162,22,0.0001426898
163,22,0.0007207971
164,22,0.00053759944
165,22,0.00026899204
166,22,0.00013416074
167,22,0.00060416386
168,22,0.00077103265
169,22,-0.00011417456
170,22,0.0003015073
171,22,0.0008519739
172,22,0.0007216837
173,22,
174,22,0.00042276178
175,22,0.00067155715
176,22,0.0005735662
177,22,0.000560076
178,22,0.00021509174
179,22,0.000566802
180,22,0.0007419223
181,22,0.0006868411
182,22,0.00032944698
183,22,0.00089440215
184,22,0.0004765503
185,22,0.00060321577
186,22,0.00018442143
187,22,0.0002488345
188,22,0.00017102435
189,22,0.00086402986
190,22,0.00073109474
191,22,6.0871243e-05
192,22,0.00040768553
193,22,0.0003126599
194,22,0.00036308728
195,22,0.0005543921
196,22,0.0007175356
197,22,0.000459644
198,22,0.00047101732
199,22,0.0013542324
200,22,0.00070735905
201,22,0.0003363127
202,22,-0.00033453666
203,22,0.00025834795
204,22,0.00051501207
205,22,0.0006499421
206,22,-4.4527464e-05
207,22,0.00057368167
208,22,0.00035249628
209,22,0.00053642876
210,22,0.000259717
211,22,0.0009296136
212,22,-5.0973147e-05
213,22,0.00053676125
214,22,-2.3954548e-05
215,22,0.0007555429
216,22,0.00010726135
217,22,-9.711273e-05
218,22,0.00042648055
219,22,0.00073817093
220,22,0.00047940947
221,22,0.00074423477
222,22,0.00076484215
223,22,0.00028142054
224,22,0.0005077524
225,22,0.000513996
226,22,0.00034386013
227,22,0.00069305487
228,22,0.0007566549
229,22,0.00029536616
230,22,0.0008140402
231,22,0.00023780763
232,22,0.0009278394
233,22,0.00048456807
234,22,0.0004585404
235,22,-6.4885244e-06
236,22,0.00015730131
237,22,0.00013776962
238,22,0.0004460141
239,22,0.00034328178
240,22,0.00033630244
241,22,0.0003593322
242,22,0.0008639684
243,22,0.00050363876
244,22,0.00050740875
245,22,0.0008734213
246,22,0.00023517385
247,22,0.0005711829
248,22,0.0002537109
249,22,0.0006142147
250,22,0.00011418201
251,22,0.00066698715
252,22,0.0012541898
253,22,0.0006648237
254,22,0.000477002
255,22,0.0001930343
256,22,0.0006493451
257,22,0.00030681398
258,22,0.00044484437
259,22,0.0005584294
260,22,0.00057494175
261,22,0.00058382377
262,22,0.0005191788
263,22,0.0005595349
264,22,0.0008340543
265,22,0.00083903223
266,22,0.0004594773
267,22,0.0003901301
268,22,0.00044925231
269,22,0.00047661364
270,22,0.000920726
271,22,0.00038795546
272,22,0.0005720081
273,22,2.8215349e-05
274,22,0.00048524793
275,22,0.00074366946
276,22,0.00068442896
277,22,0.0006857207
278,22,0.00044732727
279,22,0.0011706874
280,22,0.0005385168
281,22,0.00035782438
282,22,0.00059601944
283,22,0.00046109315
284,22,0.00041984953
285,22,0.0003764946
286,22,0.0007366622
287,22,0.0004269872
288,22,0.00060019176
289,22,0.0003856942
290,22,0.00037661474
291,22,0.00049600285
292,22,0.00077587925
293,22,1.20755285e-05
294,22,0.00087727234
295,22,0.000110545196
296,22,0.0005824305
297,22,0.00029297825
298,22,0.00077324174
299,22,0.00040583126
300,22,0.000538351
301,22,0.00079319905
302,22,0.00067271106
303,22,0.0006251298
304,22,0.00061646197
305,22,0.00023663044
306,22,0.0006249221
307,22,0.00021973159
308,22,
309,22,
310,22,
311,22,0.0006179288
312,22,0.0004724469
313,22,0.0006064689
314,22,0.00048183464
315,22,0.00065134466
316,22,
317,22,0.00060963817
318,22,0.00093676336
319,22,
320,22,
321,22,
322,22,
323,22,
324,22,
325,22,
326,22,
327,22,
328,22,
329,22,
330,22,
331,22,
332,22,
333,22,
334,22,
335,22,
336,22,
337,22,0.0011299467
338,22,0.00064212736
339,22,0.0008102795
340,22,0.00023464486
341,22,0.00074129645
342,22,0.0001715254
343,22,0.00014442857
344,22,0.00057687797
345,22,0.00073094387
346,22,0.0006854553
347,22,0.0007004235
348,22,0.00071593653
349,22,0.00024562888
350,22,0.0007385174
351,22,0.00028281193
352,22,0.00046289898
353,22,0.00035464764
354,22,0.0006591128
355,22,0.00042971876
356,22,0.0011718106
357,22,0.0005409932
358,22,0.00011849217
359,22,0.000664928
360,22,0.00091694016
361,22,0.00073227566
362,22,0.000961829
363,22,0.0008334555
364,22,0.00033024233
365,22,0.0002379911
366,22,0.0004185876
367,22,0.0005067382
368,22,0.00051075127
369,22,0.0005027838
370,22,0.00050715916
371,22,0.00035212003
372,22,0.0010836944
373,22,0.0004919842
374,22,0.0005675163
375,22,0.00043226965
376,22,0.00043295883
377,22,0.0005546659
378,22,0.0006226916
379,22,0.00058530644
380,22,0.00058660563
381,22,0.0004982492
382,22,0.00089130085
383,22,0.0007105358
384,22,0.0006458163
385,22,0.0005035633
386,22,0.00039013475
387,22,0.00065558497
388,22,0.0006984044
389,22,0.00052855164
390,22,0.00075137336
391,22,0.00050422084
392,22,0.000644017
393,22,0.00087587815
394,22,0.0005419841
395,22,0.0005872203
396,22,0.00062209554
397,22,0.00090162084
398,22,0.00053324085
399,22,0.00021274574
400,22,0.001005942
401,22,0.0008593621
402,22,0.00075983163
403,22,0.00018646102
404,22,0.00074511487
405,22,0.00055228174
406,22,0.00030294806
407,22,0.0004896568
408,22,-0.00012245122
409,22,0.00024232455
410,22,0.00038055517
411,22,0.000667993
412,22,0.0002041338
413,22,0.0003213035
414,22,0.0006917929
415,22,0.00089317095
416,22,0.00024945848
417,22,0.00020426605
418,22,0.0009708507
419,22,0.0004547527
420,22,0.00076301955
421,22,0.0003521191
422,22,0.0004222989
423,22,0.0005026711
424,22,0.0007051667
425,22,0.0008898815
426,22,0.00051633734
427,22,0.00048139878
428,22,0.0007259669
429,22,0.000745127
430,22,0.00065892097
431,22,0.0006720489
432,22,0.00087387767
433,22,0.00035780668
434,22,0.0005288571
435,22,0.00032777712
436,22,0.00018315576
437,22,0.00066676736
438,22,0.00048565026
439,22,0.00042475387
440,22,0.0006976975
441,22,0.00023665745
442,22,0.00024534296
443,22,0.00056908093
444,22,0.00024744216
445,22,0.00017859321
446,22,0.00033577997
447,22,0.00026117638
448,22,0.0005295379
449,22,0.0006631315
450,22,0.00070322305
451,22,0.000355307
452,22,0.00027137995
453,22,0.0010149796
454,22,0.00049005914
455,22,0.0006741127
456,22,0.0006331876
457,22,-0.000108290464
458,22,0.00088613667
459,22,0.00012581516
460,22,9.004213e-05
461,22,0.0004361011
462,22,0.000641495
463,22,0.0005947985
464,22,0.0004885588
465,22,0.00035091396
466,22,0.00081423856
467,22,0.00018344447
468,22,0.0004756283
469,22,0.0007243231
470,22,0.00055571645
471,22,0.0004132893
472,22,0.00022284966
473,22,0.001110238
474,22,0.0007711444
475,22,0.00071486924
476,22,0.0008398872
477,22,0.00057601556
478,22,0.00067831296
479,22,0.00067727454
480,22,0.0004123235
481,22,0.00092885364
482,22,0.00031404383
483,22,0.0011407789
484,22,0.0004511308
485,22,0.00055177603
486,22,0.00030825194
487,22,9.186193e-05
488,22,0.0009490354
489,22,0.00064567104
490,22,0.00069111306
491,22,0.0007820884
492,22,0.00058142
493,22,0.0008036867
494,22,0.00039802585
0,23,0.0013133688
1,23,0.00019296072
2,23,0.0005293116
3,23,0.0005864538
4,23,0.00089491904
5,23,
6,23,
7,23,
8,23,
9,23,
10,23,
11,23,
12,23,
13,23,
14,23,
15,23,
16,23,
17,23,
18,23,
19,23,
20,23,
21,23,
22,23,
23,23,0.0006522164
24,23,0.00081276894
25,23,0.00029704534
26,23,0.00020483322
27,23,0.00018253364
28,23,0.00032170955
29,23,0.00020116568
30,23,0.00030481257
31,23,0.0009535663
32,23,0.00023437291
33,23,0.0008589076
34,23,0.00048098806
35,23,0.0006040577
36,23,0.00053189136
37,23,0.0005807141
38,23,0.0003798548
39,23,0.00016657542
40,23,0.0007500928
41,23,0.0009772936
42,23,0.000846467
43,23,0.0006606858
44,23,0.000462397
45,23,0.00010439847
46,23,0.0010138312
47,23,5.5183657e-05
48,23,0.00016645063
49,23,0.00018148497
50,23,0.00099131
51,23,0.0009402307
52,23,0.00051563047
53,23,0.0005607186
54,23,0.00020775199
55,23,0.0005375901
56,23,0.00086802803
57,23,0.0011072345
58,23,0.0006459821
59,23,0.001354998
60,23,0.00041436963
61,23,0.0007901499
62,23,0.00053840317
63,23,0.00031162892
64,23,0.00060191937
65,23,0.0006150305
66,23,0.00095417816
67,23,0.000637291
68,23,0.0008319877
69,23,0.0006227894
70,23,0.00060272403
71,23,0.0010021683
72,23,0.0008430546
73,23,0.0009314185
74,23,0.00018785335
75,23,0.0005052164
76,23,0.0005615512
77,23,0.00018374808
78,23,0.0003922684
79,23,0.0009362111
80,23,0.00093618315
81,23,
82,23,0.00021803565
83,23,
84,23,
85,23,
86,23,0.00043016765
87,23,
88,23,
89,23,
90,23,
91,23,
92,23,
93,23,0.0002742419
94,23,0.000108762644
95,23,-1.9330531e-05
96,23,
97,23,
98,23,
99,23,
100,23,
101,23,
102,23,
103,23,
104,23,
105,23,
106,23,
107,23,
108,23,0.0008375319
109,23,0.00045208912
110,23,0.00043186173
111,23,0.00017719436
112,23,-0.00018540397
113,23,0.0005892366
114,23,0.00057875086
115,23,-4.934147e-06
116,23,0.00059995893
117,23,-1.9630417e-05
118,23,0.0010531042
119,23,0.00023885258
120,23,0.0008550752
121,23,
122,23,
123,23,0.00085749105
124,23,0.0006300211
125,23,0.00032145996
126,23,0.00012816861
127,23,0.00023158174
128,23,0.00044021104
129,23,0.00085789245
130,23,-0.0002127001
131,23,0.0008920692
132,23,0.0006063394
133,23,0.00080711674
134,23,0.0010930756
135,23,0.00056733564
136,23,0.0009075906
137,23,0.0004043188
138,23,0.00027146656
139,23,0.00021031406
140,23,0.00038146786
141,23,0.00039104652
142,23,0.0009730458
143,23,0.00029345602
144,23,-1.497101e-05
145,23,0.00027002674
146,23,0.00060383603
147,23,0.00020683836
148,23,0.00054054055
149,23,0.0004705945
150,23,9.460095e-05
151,23,0.0006603142
152,23,
153,23,
154,23,0.00072765443
155,23,0.0005966835
156,23,0.00062336493
157,23,9.054318e-06
158,23,0.0005266424
159,23,0.00066382997
160,23,0.00022023823
161,23,0.0006875228
162,23,8.3343126e-05
163,23,0.0006259624
164,23,0.00041464064
165,23,0.00045552105
166,23,0.00076608267
167,23,0.0005826596
168,23,0.0005232906
169,23,0.00086087175
170,23,0.0007472057
171,23,0.0004508514
172,23,
173,23,
174,23,0.00025881175
175,23,0.00051574036
176,23,0.0005871402
177,23,0.00054598507
178,23,0.00076432247
179,23,0.00087145716
180,23,0.00020230003
181,23,-0.00010295026
182,23,0.00039010867
183,23,0.00034510158
184,23,0.0006088186
185,23,0.00037279725
186,23,0.0003215745
187,23,0.00026573893
188,23,5.124323e-05
189,23,0.00040055253
190,23,0.00039988942
191,23,0.00051438995
192,23,0.00040722545
193,23,0.00081034657
194,23,0.00071493443
195,23,0.00036849547
196,23,0.00012382586
197,23,0.0004898049
198,23,0.00063476525
199,23,-4.496146e-05
200,23,0.0006853007
201,23,6.387383e-05
202,23,0.0006467495
203,23,0.0011833711
204,23,0.0002403874
205,23,0.00052849296
206,23,0.0008374145
207,23,4.5374036e-05
208,23,0.00022379681
209,23,0.00052211713
210,23,0.0003394019
211,23,0.0005819835
212,23,0.00024771038
213,23,0.00048197154
214,23,0.0005680062
215,23,0.00011344254
216,23,0.0008760849
217,23,0.0006426554
218,23,0.00054796226
219,23,0.00068778265
220,23,6.7195855e-05
221,23,0.0010178341
222,23,0.0005211141
223,23,0.00034106523
224,23,0.00037906598
225,23,8.902885e-05
226,23,0.0001933109
227,23,0.00091367774
228,23,0.0005457122
229,23,0.0001077326
230,23,0.00032306928
231,23,0.00022560544
232,23,0.00036299694
233,23,0.0006501004
234,23,0.00011637993
235,23,0.00015392993
236,23,0.0002540769
237,23,0.00027686823
238,23,0.00043600984
239,23,0.00062141754
240,23,0.00035408325
241,23,0.0006227419
242,23,0.0008582445
243,23,0.00037359726
244,23,0.0008392148
245,23,0.0007522721
246,23,0.00017033238
247,23,0.0003655795
248,23,0.00084694196
249,23,0.00053826347
250,23,0.00040059257
251,23,0.00031124335
252,23,0.00032758247
253,23,0.00072564
254,23,0.00028181076
255,23,0.0007906696
256,23,0.0008230405
257,23,0.00043551158
258,23,0.00032276846
259,23,0.00044715218
260,23,0.00042284932
261,23,0.00026789866
262,23,0.0005246112
263,23,0.00046903547
264,23,0.000481857
265,23,0.000255486
266,23,0.00033671595
267,23,0.0006973101
268,23,8.286722e-05
269,23,0.000536263
270,23,0.00046622194
271,23,0.0010434017
272,23,0.00027553178
273,23,0.00058394857
274,23,0.0006916905
275,23,0.0004675705
276,23,0.0011620326
277,23,0.0004007481
278,23,0.00040745176
279,23,0.00059574004
280,23,0.0006841123
281,23,0.00052850787
282,23,0.0005764421
283,23,0.0007924363
284,23,0.00059496984
285,23,0.0007179789
286,23,0.00013713259
287,23,0.0003111586
288,23,0.00047374796
289,23,0.0004271008
290,23,0.00054736715
291,23,0.00040399097
292,23,0.0008288063
293,23,0.00070405006
294,23,0.00025118794
295,23,0.0006564809
296,23,0.00010174606
297,23,0.0008312445
298,23,0.00053346157
299,23,0.00057225116
300,23,0.0008502323
301,23,0.00033133198
302,23,0.00051179994
303,23,0.00028920826
304,23,0.0010389918
305,23,0.0005282741
306,23,0.00039169565
307,23,0.00035248417
308,23,
309,23,
310,23,
311,23,0.0005921228
312,23,0.00063036755
313,23,0.0013354132
314,23,0.0003328016
315,23,0.00095219165
316,23,
317,23,0.001031084
318,23,0.0014575943
319,23,0.0005992688
320,23,0.00058102235
321,23,
322,23,
323,23,
324,23,0.0005466845
325,23,
326,23,
327,23,0.0003584735
328,23,
329,23,
330,23,
331,23,
332,23,
333,23,
334,23,
335,23,
336,23,
337,23,
338,23,0.0007529827
339,23,0.00031633954
340,23,0.00033152197
341,23,3.1218864e-05
342,23,3.9563514e-05
343,23,0.0004253816
344,23,-8.348562e-05
345,23,0.0004960792
346,23,-9.3868e-05
347,23,0.0006580269
348,23,0.00056039914
349,23,0.0006007282
350,23,0.0009838026
351,23,0.00049585477
352,23,0.0006936798
353,23,0.0006213086
354,23,0.00033186283
355,23,0.00037830696
356,23,0.00091350265
357,23,0.00042827334
358,23,-2.497714e-05
359,23,0.0007764809
360,23,0.0008206349
361,23,0.00036001578
362,23,0.0007043136
363,23,0.00054538716
364,23,0.00052667316
365,23,0.0007220581
366,23,0.0009913268
367,23,0.0007521901
368,23,0.00040817633
369,23,0.00047094282
370,23,0.0003182618
371,23,0.0006597154
372,23,0.0008621402
373,23,0.0007874174
374,23,0.00079342164
375,23,0.0004858626
376,23,0.00042342953
377,23,0.0007897699
378,23,0.0006957473
379,23,0.00047935173
380,23,0.0004932862
381,23,1.4095567e-05
382,23,0.0011392096
383,23,0.00072265975
384,23,0.00030471757
385,23,0.00021661073
386,23,0.00053164177
387,23,0.00030995533
388,23,0.00038186088
389,23,0.00074535236
390,23,0.0010275403
391,23,0.00056396425
392,23,0.0006073667
393,23,0.00085163116
394,23,0.0004080832
395,23,0.0004624389
396,23,0.00076298043
397,23,0.0004704222
398,23,0.00050953124
399,23,0.00011217315
400,23,0.00044496544
401,23,0.00037954282
402,23,0.00058141444
403,23,0.00048638787
404,23,0.000795098
405,23,0.00045098923
406,23,0.0006741537
407,23,0.0008718781
408,23,0.00061541516
409,23,0.0007924093
410,23,-4.5211986e-05
411,23,0.00078508165
412,23,0.0008832766
413,23,0.00018016435
414,23,0.00033201277
415,23,0.0003496157
416,23,0.00045827124
417,23,0.00090364553
418,23,0.00040618237
419,23,0.0001381971
420,23,0.0004167147
421,23,0.00082583725
422,23,0.0005378835
423,23,0.0008682143
424,23,0.00057805143
425,23,0.00046130922
426,23,0.0009451909
427,23,0.0008543581
428,23,0.00071212184
429,23,0.0005308883
430,23,0.00050734915
431,23,0.0005317563
432,23,0.0004322352
433,23,0.0007215077
434,23,0.00015242305
435,23,0.00026960764
436,23,0.00083990954
437,23,0.0009585442
438,23,0.0004921155
439,23,0.00048667006
440,23,0.00045812316
441,23,0.0003554318
442,23,0.00064111035
443,23,0.0006267922
444,23,0.00031468365
445,23,0.00061201677
446,23,0.0005121231
447,23,-1.3532117e-05
448,23,0.00025928952
449,23,0.0005698558
450,23,-0.00021824054
451,23,0.0008224454
452,23,0.00030112918
453,23,0.00038689747
454,23,0.00040042587
455,23,0.000414419
456,23,0.00011414848
457,23,0.0011779312
458,23,0.00041415635
459,23,0.0004976392
460,23,0.00047180243
461,23,0.00025439728
462,23,0.00070787314
463,23,0.00023109652
464,23,0.0006222185
465,23,0.00029188115
466,23,0.00088964216
467,23,0.0006598057
468,23,0.00032684673
469,23,0.00039571617
470,23,0.0006119292
471,23,0.00094524864
472,23,0.00010609627
473,23,0.0002428554
474,23,-0.00011623558
475,23,0.00055572484
476,23,0.00049043447
477,23,0.00066034123
478,23,0.0006732531
479,23,0.00032681692
480,23,0.0008776905
481,23,0.0008999547
482,23,0.00065076817
483,23,3.742706e-05
484,23,7.375609e-05
485,23,0.00012404751
486,23,0.00068747625
487,23,0.0007117959
488,23,0.0006363075
489,23,0.00043025333
490,23,0.0008501038
491,23,0.000353395
492,23,0.0008974485
493,23,7.069111e-05
494,23,0.0006983783
0,24,0.0007961383
1,24,0.0007395251
2,24,0.00067942776
3,24,0.000705963
4,24,
5,24,
6,24,
7,24,
8,24,
9,24,
10,24,
11,24,
12,24,
13,24,
14,24,
15,24,
16,24,
17,24,
18,24,
19,24,
20,24,
21,24,
22,24,
23,24,
24,24,0.0005849432
25,24,0.00077577773
26,24,4.460197e-05
27,24,0.00050898734
28,24,0.00052601285
29,24,0.00030474365
30,24,-9.376556e-06
31,24,-0.00013940409
32,24,0.0005764868
33,24,0.0003692815
34,24,0.00040508248
35,24,0.00067093223
36,24,0.0007492611
37,24,0.00059418846
38,24,0.00010907184
39,24,-0.00010159984
40,24,0.00042725448
41,24,0.0005050516
42,24,0.00062728394
43,24,0.00063173845
44,24,0.0005851248
45,24,0.0007237438
46,24,-0.00011864491
47,24,0.0013921633
48,24,0.0011433531
49,24,-0.00023573823
50,24,0.0009478675
51,24,0.00033500325
52,24,0.0005519558
53,24,0.0005599074
54,24,0.0010668756
55,24,0.000698749
56,24,0.00044530723
57,24,0.00058305264
58,24,0.0010718852
59,24,0.0004955875
60,24,0.0005065724
61,24,0.00057592895
62,24,0.00065581873
63,24,0.0003318051
64,24,0.00045049097
65,24,0.0005442016
66,24,0.0005059596
67,24,0.0010668319
68,24,0.0011122003
69,24,0.0007685963
70,24,0.00036361162
71,24,0.00091026165
72,24,0.00022166315
73,24,0.00026012678
74,24,0.00015525892
75,24,0.00080280285
76,24,0.0010692384
77,24,
78,24,
79,24,0.0005000811
80,24,
81,24,
82,24,0.00011317618
83,24,
84,24,
85,24,
86,24,
87,24,
88,24,
89,24,
90,24,
91,24,
92,24,
93,24,
94,24,0.00040971953
95,24,0.00051417854
96,24,
97,24,
98,24,0.0009845719
99,24,
100,24,
101,24,
102,24,
103,24,
104,24,
105,24,
106,24,
107,24,
108,24,0.0002136929
109,24,0.00045511592
110,24,0.0003417153
111,24,-0.00019485783
112,24,0.00045803562
113,24,0.0003667781
114,24,2.7311035e-05
115,24,0.0006677499
116,24,0.0007854011
117,24,0.00046899728
118,24,0.0005822452
119,24,0.0008244738
120,24,0.00043374673
121,24,0.00015403144
122,24,
123,24,
124,24,
125,24,0.0006479714
126,24,0.00029022805
127,24,0.00072179735
128,24,0.0005258182
129,24,0.00042794272
130,24,0.0008144686
131,24,-0.00015976187
132,24,0.0002785027
133,24,0.00019472092
134,24,0.0008696299
135,24,0.00024261698
136,24,0.0005245693
137,24,0.00075312797
138,24,0.00018052757
139,24,0.00076319836
140,24,0.00058665965
141,24,0.00037396234
142,24,0.00018211175
143,24,0.00024081767
144,24,0.0002904348
145,24,0.00086177606
146,24,0.0004967749
147,24,0.00085032545
148,24,0.00010222476
149,24,0.000782744
150,24,0.00042942446
151,24,0.00027213152
152,24,0.00022780709
153,24,0.00063738413
154,24,
155,24,0.0005867854
156,24,0.0008155843
157,24,0.00085695833
158,24,0.0006977562
159,24,0.0008638175
160,24,0.0005602911
161,24,0.0013190219
162,24,0.0009920476
163,24,0.00013472047
164,24,0.0007501058
165,24,0.000504978
166,24,0.0007440541
167,24,0.0010612244
168,24,0.00084905885
169,24,-0.00022755098
170,24,0.00013726205
171,24,
172,24,0.0004795259
173,24,0.0012193546
174,24,0.00016358308
175,24,0.00028947182
176,24,0.00039855018
177,24,0.0003396049
178,24,0.0013996754
179,24,0.0010398524
180,24,0.0006899461
181,24,0.00047423132
182,24,0.0004302319
183,24,3.3441e-05
184,24,0.00014892407
185,24,0.0003367178
186,24,0.00046266057
187,24,0.00029544253
188,24,0.000751256
189,24,0.0002318751
190,24,0.00055522006
191,24,-2.806075e-06
192,24,0.00036762469
193,24,0.00092733
194,24,0.00056190044
195,24,0.00029962696
196,24,0.00057393406
197,24,0.00045206212
198,24,0.0007247776
199,24,0.00063204765
200,24,0.00054908637
201,24,0.00012187287
202,24,0.00014530681
203,24,-0.00046975352
204,24,0.00068192557
205,24,-0.00049401633
206,24,0.00032422692
207,24,0.00051842444
208,24,0.00070949737
209,24,0.00049170665
210,24,0.00016221404
211,24,0.0004393151
212,24,0.0006262474
213,24,0.0004667025
214,24,0.00073448755
215,24,0.00057929754
216,24,0.00033142604
217,24,0.00064878445
218,24,0.0003345264
219,24,0.0005525239
220,24,-5.232729e-05
221,24,0.00035214238
222,24,0.00071053486
223,24,0.00084783323
224,24,0.00064706616
225,24,0.00056068413
226,24,0.00010683015
227,24,0.0010977006
228,24,0.0002611382
229,24,-0.00012530759
230,24,7.516332e-05
231,24,0.00011090748
232,24,0.00021390337
233,24,0.0005515106
234,24,0.00037242938
235,24,-0.0007261913
236,24,1.2969598e-05
237,24,0.00035864394
238,24,-9.587314e-05
239,24,0.00048741698
240,24,4.837755e-05
241,24,-0.00045511592
242,24,0.00043386314
243,24,0.0005288031
244,24,0.00011189841
245,24,8.837413e-05
246,24,0.00038754568
247,24,0.00023795478
248,24,0.00094064604
249,24,0.00044738036
250,24,0.0005497765
251,24,0.00021099299
252,24,0.00056878943
253,24,0.0007909322
254,24,0.00029632915
255,24,0.0007688543
256,24,0.0007212693
257,24,0.00096323434
258,24,0.0003911918
259,24,0.0008066781
260,24,0.000379947
261,24,0.0006472571
262,24,0.0010333406
263,24,0.0007311106
264,24,0.00011854526
265,24,0.00041989237
266,24,0.00050884765
267,24,0.00030679256
268,24,0.0006495025
269,24,0.00044828095
270,24,0.0003230162
271,24,0.0006553121
272,24,0.00081213657
273,24,0.0007554088
274,24,0.00075363927
275,24,0.0008436637
276,24,0.0007344261
277,24,0.0009933161
278,24,0.00040057767
279,24,0.0001179548
280,24,0.00056807324
281,24,0.00044838153
282,24,0.0009848038
283,24,0.00042861514
284,24,0.00057241507
285,24,0.00031253695
286,24,0.000322924
287,24,0.0005248254
288,24,0.00054518506
289,24,0.0009981003
290,24,0.00023300294
291,24,0.0004608119
292,24,0.0005744053
293,24,0.0008105254
294,24,0.0002859356
295,24,0.00014051888
296,24,0.00010038912
297,24,0.0005012108
298,24,0.0006186655
299,24,0.0007115165
300,24,0.00040858425
301,24,0.00081051234
302,24,0.00042049214
303,24,0.0009868992
304,24,0.00076287147
305,24,0.0006821845
306,24,0.00013554841
307,24,0.0004046075
308,24,
309,24,
310,24,
311,24,0.00071132556
312,24,0.0007001376
313,24,0.00081491563
314,24,0.00065892003
315,24,0.0004850179
316,24,0.0005478496
317,24,0.0005561486
318,24,0.00032435264
319,24,
320,24,0.0006431872
321,24,
322,24,
323,24,0.0005460121
324,24,
325,24,
326,24,
327,24,
328,24,
329,24,
330,24,
331,24,
332,24,
333,24,
334,24,
335,24,
336,24,
337,24,0.0002646204
338,24,0.00010656752
339,24,0.00064334366
340,24,7.266551e-05
341,24,0.00038583204
342,24,0.00064358115
343,24,0.00081958715
344,24,0.0007932987
345,24,0.0006464962
346,24,0.0004617013
347,24,0.0006135991
348,24,0.00066798273
349,24,0.0003453698
350,24,0.00066220295
351,24,-0.00014942791
352,24,0.00087670516
353,24,0.0005178116
354,24,0.0003114082
355,24,0.00010043848
356,24,0.00086473953
357,24,0.0010499479
358,24,0.00055652484
359,24,0.00025577657
360,24,0.0011228044
361,24,0.0005878238
362,24,0.0009817788
363,24,0.00075172354
364,24,0.0007702075
365,24,0.00051141717
366,24,0.00072460994
367,24,0.0007818276
368,24,0.0007559797
369,24,0.0007011369
370,24,0.000632423
371,24,2.537854e-06
372,24,0.0007040743
373,24,0.0007531196
374,24,0.0004635388
375,24,0.00046565197
376,24,0.00025975332
377,24,0.0010006297
378,24,0.0005496796
379,24,0.00097574946
380,24,0.00093596615
381,24,0.0002158396
382,24,0.0004500933
383,24,0.0004240526
384,24,0.00030634739
385,24,0.00042387657
386,24,0.00080829114
387,24,0.0008389242
388,24,0.0006174324
389,24,0.00051230285
390,24,0.0007427465
391,24,0.00064119976
392,24,0.0008443715
393,24,0.00085151475
394,24,0.0004802728
395,24,0.0006383974
396,24,0.0007945234
397,24,0.0004885355
398,24,0.0008907886
399,24,0.00069149025
400,24,0.0005723443
401,24,0.000580403
402,24,0.00037545618
403,24,0.0002582576
404,24,0.000269725
405,24,0.000530662
406,24,0.0006414503
407,24,0.0006228443
408,24,0.0004777275
409,24,0.00054200925
410,24,0.0009467164
411,24,0.0007815873
412,24,0.00046576746
413,24,0.0005900152
414,24,0.00060034357
415,24,0.00031748228
416,24,0.0004221471
417,24,0.00017527305
418,24,0.00065186433
419,24,0.0007559154
420,24,0.0002726335
421,24,0.00014286488
422,24,-5.1301904e-05
423,24,0.00055228174
424,24,0.00061605964
425,24,0.00045790058
426,24,0.00039283
427,24,0.00010699872
428,24,0.00013351347
429,24,0.0011051986
430,24,0.00044828374
431,24,0.00075609237
432,24,0.00023374148
433,24,0.00075266045
434,24,0.0006754985
435,24,0.00046173763
436,24,0.00047732145
437,24,0.00058584195
438,24,0.0007361481
439,24,0.000324714
440,24,0.0007048547
441,24,0.0007335758
442,24,0.00046602357
443,24,0.00031087175
444,24,0.0006942013
445,24,0.0005802307
446,24,0.00023687258
447,24,2.06884e-05
448,24,0.0005899323
449,24,0.00054106396
450,24,0.0007779822
451,24,0.00023559947
452,24,0.00040588994
453,24,0.0008590212
454,24,0.0005729012
455,24,0.00026878063
456,24,0.0001334101
457,24,0.0006692428
458,24,0.00066403765
459,24,0.00073573645
460,24,0.000732827
461,24,0.00044743717
462,24,0.0003028717
463,24,0.00038059242
464,24,0.00074666087
465,24,0.00064005423
466,24,0.0006546974
467,24,0.00055660214
468,24,0.0005237162
469,24,0.00010520592
470,24,0.0005752295
471,24,0.00027199276
472,24,0.00013695285
473,24,0.00071235
474,24,0.00031684432
475,24,4.2592175e-05
476,24,0.00054217037
477,24,0.000883162
478,24,0.0005008569
479,24,0.00057318807
480,24,0.0007047914
481,24,0.00049950555
482,24,0.0005302178
483,24,0.000771096
484,24,0.00055029616
485,24,0.00013805367
486,24,0.0012711622
487,24,0.00030980725
488,24,0.00024084188
489,24,0.00049305055
490,24,-0.00036128704
491,24,0.00022173207
492,24,0.00068941526
493,24,0.0003900621
494,24,0.00049398746
0,25,0.0012380993
1,25,0.0005132882
2,25,0.0004388271
3,25,0.0005234331
4,25,0.00086546224
5,25,
6,25,
7,25,
8,25,
9,25,
10,25,
11,25,
12,25,
13,25,
14,25,
15,25,
16,25,
17,25,
18,25,
19,25,
20,25,
21,25,
22,25,
23,25,
24,25,0.0009676013
25,25,0.00017210189
26,25,0.0006680116
27,25,0.0004949104
28,25,0.0006822441
29,25,0.0003768038
30,25,0.0005191872
31,25,0.0006103106
32,25,0.0005702153
33,25,0.0005323179
34,25,-0.00014931336
35,25,0.00078634545
36,25,0.0005256273
37,25,0.00031355582
38,25,0.0005507674
39,25,0.0007667374
40,25,0.00092421565
41,25,0.00029717293
42,25,0.0005179597
43,25,4.780479e-06
44,25,-4.6751462e-05
45,25,-0.00015108287
46,25,0.00030162744
47,25,0.000264843
48,25,0.00027965847
49,25,0.0007652845
50,25,0.00021054316
51,25,0.0004924638
52,25,0.00075500086
53,25,0.0006756149
54,25,4.6310946e-05
55,25,0.0005165227
56,25,0.00033781026
57,25,0.0003185626
58,25,0.0006220704
59,25,0.00089121703
60,25,0.0010356996
61,25,0.00066344533
62,25,0.00045114756
63,25,0.00056662783
64,25,0.0011373237
65,25,0.00064546615
66,25,0.00039431173
67,25,0.00075865164
68,25,0.00024298858
69,25,0.00043040235
70,25,0.00024805218
71,25,0.00065705273
72,25,8.053426e-05
73,25,0.0005022818
74,25,0.00079882145
75,25,
76,25,0.0006902199
77,25,0.0007647304
78,25,
79,25,0.0006921943
80,25,0.00026595034
81,25,0.0002569845
82,25,
83,25,
84,25,
85,25,
86,25,
87,25,
88,25,
89,25,
90,25,
91,25,
92,25,
93,25,
94,25,
95,25,
96,25,
97,25,
98,25,
99,25,
100,25,
101,25,
102,25,
103,25,
104,25,
105,25,
106,25,
107,25,
108,25,0.0009085499
109,25,0.00052350573
110,25,0.00033849943
111,25,2.3825094e-05
112,25,0.00012776535
113,25,0.00014736503
114,25,-5.3071417e-05
115,25,0.00033994578
116,25,0.00066248514
117,25,0.0006149402
118,25,9.762868e-05
119,25,0.0003379099
120,25,0.001061569
121,25,0.00034285802
122,25,
123,25,0.00015845522
124,25,
125,25,
126,25,0.0012546787
127,25,0.0004905863
128,25,0.00076585915
129,25,0.0006707199
130,25,0.00065520685
131,25,0.0004094122
132,25,0.00017374381
133,25,0.000770974
134,25,0.00078861415
135,25,2.5156885e-05
136,25,0.00039926916
137,25,0.00024130754
138,25,0.00066487025
139,25,0.00020469911
140,25,0.0008418672
141,25,0.0013204822
142,25,0.00040499214
143,25,0.0008061882
144,25,0.0005099112
145,25,0.00047744624
146,25,0.00031614024
147,25,0.000710506
148,25,0.00051637366
149,25,0.00067041256
150,25,0.0005256012
151,25,0.00022508483
152,25,
153,25,
154,25,0.00048069563
155,25,0.00021790247
156,25,0.0007385332
157,25,0.00048503466
158,25,0.00034355186
159,25,0.00076660886
160,25,0.00081777014
161,25,0.0004163403
162,25,0.00088728033
163,25,0.0003232835
164,25,0.0006630132
165,25,0.00048621465
166,25,0.0009861048
167,25,6.363541e-05
168,25,0.00013987627
169,25,0.000665769
170,25,0.00047703087
171,25,0.00044161826
172,25,0.00055543985
173,25,0.00053196587
174,25,
175,25,0.0010926612
176,25,2.9848889e-06
177,25,0.00033299625
178,25,0.00024214387
179,25,0.0010610837
180,25,0.00093481503
181,25,0.000758335
182,25,0.00075701345
183,25,0.0003693886
184,25,0.0005769655
185,25,-3.954582e-05
186,25,0.0005764896
187,25,0.00037561916
188,25,0.000746469
189,25,0.00045758206
190,25,0.00038590375
191,25,-0.00034464803
192,25,0.00011118688
193,25,-8.241553e-05
194,25,0.0009920718
195,25,8.9293346e-05
196,25,0.0005616676
197,25,0.00014643744
198,25,-8.4433705e-06
199,25,0.0003913492
200,25,0.00022507273
201,25,7.6688826e-05
202,25,0.000528479
203,25,0.0006305976
204,25,0.0006274991
205,25,0.0003511766
206,25,0.00051265396
207,25,0.00027243793
208,25,-0.00015892088
209,25,0.00019202009
210,25,0.0001372695
211,25,0.00012823194
212,25,5.5991113e-05
213,25,-7.539429e-05
214,25,0.00035406835
215,25,0.0005198037
216,25,0.00090073515
217,25,0.00017506257
218,25,2.1914952e-05
219,25,0.00058263633
220,25,0.0003249431
221,25,0.00040967856
222,25,0.0012270035
223,25,0.00069770403
224,25,0.0004326068
225,25,0.00058864057
226,25,0.0005373601
227,25,0.00033122487
228,25,0.00014430843
229,25,0.0004901737
230,25,0.00085720513
231,25,0.00065861456
232,25,0.0005439054
233,25,0.00057615247
234,25,-0.00023696758
235,25,0.0010441085
236,25,0.0004442893
237,25,0.0003078729
238,25,0.0011945767
239,25,0.0011302438
240,25,0.00078021176
241,25,0.00079818256
242,25,0.00066765957
243,25,0.0005539879
244,25,-5.6773424e-05
245,25,0.00047802646
246,25,0.0002768943
247,25,0.00074505154
248,25,0.00035807118
249,25,0.0007868279
250,25,0.0005173469
251,25,0.0010898672
252,25,0.00049105566
253,25,0.0005798461
254,25,0.0007370431
255,25,0.00065817125
256,25,0.0002146205
257,25,7.982738e-05
258,25,0.0006932141
259,25,0.00046499074
260,25,0.0004203925
261,25,0.0003338121
262,25,0.00063081644
263,25,0.0008120388
264,25,0.0004741978
265,25,0.0005282294
266,25,0.00015249196
267,25,0.0006103311
268,25,0.00046469737
269,25,0.00061540026
270,25,0.00065851863
271,25,0.0009995047
272,25,0.00010415632
273,25,0.00045752805
274,25,0.00026534684
275,25,8.8250265e-05
276,25,0.00052372273
277,25,0.0005551856
278,25,0.0004693037
279,25,0.00032022223
280,25,0.0003923038
281,25,0.00061425846
282,25,0.00038478523
283,25,0.00053434353
284,25,0.00028220657
285,25,0.00047962833
286,25,0.0006646039
287,25,0.0005993517
288,25,0.0006081788
289,25,-1.6898848e-05
290,25,0.00057526305
291,25,0.0006123055
292,25,0.00040348712
293,25,0.00034339353
294,25,0.00083898194
295,25,0.00058044307
296,25,0.00061132014
297,25,0.0004340252
298,25,0.0007451689
299,25,0.00047135074
300,25,0.000515176
301,25,0.0010202909
302,25,0.00077000074
303,25,0.000980908
304,25,0.00057144
305,25,0.0008623162
306,25,0.0008882219
307,25,-0.00015329663
308,25,0.0004939288
309,25,
310,25,
311,25,0.00058048684
312,25,0.00058825687
313,25,0.0010172622
314,25,0.0010454031
315,25,0.00035974104
316,25,0.0005850671
317,25,0.00082184747
318,25,0.00062700734
319,25,
320,25,0.0009203283
321,25,0.00054264907
322,25,
323,25,0.00033840444
324,25,
325,25,
326,25,
327,25,
328,25,
329,25,
330,25,
331,25,
332,25,
333,25,
334,25,
335,25,
336,25,
337,25,8.004345e-05
338,25,0.00042154174
339,25,0.00014633499
340,25,0.00023347232
341,25,0.0006206883
342,25,0.0005036928
343,25,0.00039417576
344,25,0.0003714431
345,25,0.0006073816
346,25,0.00020817947
347,25,0.00032969844
348,25,0.00059940666
349,25,0.00084259827
350,25,0.00069855805
351,25,0.00052123144
352,25,0.000664738
353,25,0.0007487284
354,25,0.001123149
355,25,0.0012761308
356,25,0.0006825933
357,25,0.0013324767
358,25,0.00028142706
359,25,0.00023232959
360,25,0.00043085776
361,25,0.00018644147
362,25,0.0011520088
363,25,0.00060004834
364,25,0.000783138
365,25,0.0006690733
366,25,0.00061914977
367,25,0.00070462655
368,25,0.0006697327
369,25,0.00096018706
370,25,0.00010221545
371,25,0.000753589
372,25,0.0005997
373,25,0.00056350045
374,25,0.00064059254
375,25,0.00062546786
376,25,0.00034179445
377,25,0.00075054355
378,25,0.0006818194
379,25,0.0008561518
380,25,0.00076175295
381,25,0.0009762738
382,25,0.0008660676
383,25,0.0006280476
384,25,0.00016210414
385,25,0.00050191954
386,25,0.0006570779
387,25,0.0008919472
388,25,0.00069191586
389,25,0.0006739283
390,25,0.00049958006
391,25,0.00053157285
392,25,0.00074157584
393,25,0.0008257851
394,25,0.0005116947
395,25,0.0004388187
396,25,0.00056003407
397,25,0.00053776894
398,25,0.0006391676
399,25,0.000587645
400,25,0.0010747705
401,25,0.0002770787
402,25,0.00050580315
403,25,0.0005679196
404,25,0.00062114093
405,25,0.00074471626
406,25,0.00037469622
407,25,0.0007038312
408,25,7.887464e-05
409,25,0.0010278877
410,25,0.00010062102
411,25,0.00023103692
412,25,0.00047356635
413,25,0.00045024697
414,25,0.00037091877
415,25,0.0009381231
416,25,0.00090292934
417,25,0.0011990834
418,25,0.0007335823
419,25,0.00015292969
420,25,0.00043752324
421,25,0.0006177509
422,25,0.00038942415
423,25,0.0007304549
424,25,0.0006685974
425,25,0.00058409106
426,25,0.00012074411
427,25,0.00084073003
428,25,0.0003692787
429,25,0.0005927263
430,25,0.00042584445
431,25,0.0005350597
432,25,0.0008601416
433,25,0.00043206848
434,25,0.00054131355
435,25,0.00044397917
436,25,0.0004597027
437,25,0.00056397263
438,25,0.00063744746
439,25,0.00034715887
440,25,0.0011322945
441,25,2.325885e-05
442,25,0.0006734077
443,25,0.0005252296
444,25,0.00062549114
445,25,7.548183e-05
446,25,0.0007944051
447,25,7.386878e-05
448,25,0.00027811807
449,25,0.0003766399
450,25,0.00039818324
451,25,0.0006570658
452,25,0.00037639402
453,25,0.00018273108
454,25,0.0006908132
455,25,0.0007319059
456,25,0.0005375333
457,25,0.00011098478
458,25,0.0011743959
459,25,0.00040747225
460,25,0.00054719485
461,25,0.00060912967
462,25,0.00061288197
463,25,0.00039537437
464,25,0.00046250504
465,25,0.0004126234
466,25,-0.00017916132
467,25,0.0004042685
468,25,0.00071412884
469,25,0.0008329898
470,25,0.0001891274
471,25,0.0008464167
472,25,0.00031603407
473,25,0.00013650768
474,25,0.00019073207
475,25,0.00038073026
476,25,0.00049199164
477,25,0.00028713048
478,25,0.00038400292
479,25,0.00032161828
480,25,0.00056197494
481,25,0.00058538746
482,25,0.0001401091
483,25,0.0006821677
484,25,0.00054120366
485,25,0.00024063699
486,25,0.00073268544
487,25,0.0004060408
488,25,0.00074258633
489,25,0.000116030686
490,25,0.000100383535
491,25,-0.00020283554
492,25,0.00025633816
493,25,0.00024087727
494,25,0.00037101936
0,26,-0.00022208784
1,26,0.0008620452
2,26,0.0005032364
3,26,0.00027422048
4,26,0.0007202495
5,26,0.00038000755
6,26,
7,26,
8,26,
9,26,
10,26,
11,26,
12,26,
13,26,
14,26,
15,26,
16,26,
17,26,
18,26,
19,26,
20,26,
21,26,
22,26,
23,26,
24,26,
25,26,0.00029934198
26,26,0.00074218307
27,26,-5.4845586e-05
28,26,0.0002755532
29,26,0.000478358
30,26,0.00019081682
31,26,0.0010077814
32,26,0.0007839408
33,26,2.7107075e-05
34,26,0.00057723187
35,26,0.001086588
36,26,0.00043370482
37,26,0.00042352919
38,26,0.00012174528
39,26,0.0003017662
40,26,0.0008620098
41,26,-3.014598e-05
42,26,0.00044423435
43,26,0.0005496461
44,26,0.00086247455
45,26,0.00038954336
46,26,0.00046723336
47,26,0.00055772904
48,26,0.00052535255
49,26,0.00026292913
50,26,0.0004099924
51,26,0.00043341424
52,26,-8.2440674e-05
53,26,0.00025693886
54,26,0.00071497075
55,26,0.00034246873
56,26,0.0007302165
57,26,0.00063836854
58,26,0.0003361283
59,26,-2.4629757e-05
60,26,0.00067726243
61,26,0.0012206193
62,26,0.0006055664
63,26,0.0008075498
64,26,0.00065771956
65,26,0.00047005806
66,26,-0.00010737963
67,26,0.0004294729
68,26,0.0006428575
69,26,0.00051955506
70,26,0.0003363341
71,26,0.00021424145
72,26,
73,26,0.00071307644
74,26,
75,26,
76,26,0.00052492786
77,26,
78,26,
79,26,
80,26,
81,26,
82,26,0.0012583043
83,26,
84,26,
85,26,
86,26,
87,26,
88,26,
89,26,
90,26,
91,26,
92,26,
93,26,
94,26,
95,26,
96,26,
97,26,0.00060712546
98,26,
99,26,
100,26,
101,26,
102,26,
103,26,
104,26,
105,26,
106,26,
107,26,
108,26,
109,26,0.0005112123
110,26,0.0003975099
111,26,0.0005427664
112,26,0.00047077052
113,26,0.00095286686
114,26,0.00011997111
115,26,0.00018541235
116,26,0.00043959264
117,26,0.0006249808
118,26,0.0004200032
119,26,0.0005271463
120,26,-0.00040935166
121,26,
122,26,
123,26,
124,26,
125,26,
126,26,
127,26,
128,26,0.00045728683
129,26,0.00016063545
130,26,0.0009308811
131,26,0.00063830987
132,26,0.00086282846
133,26,-0.00019158609
134,26,0.00023057777
135,26,0.00062279403
136,26,0.00048580766
137,26,0.00050088856
138,26,0.00017931405
139,26,0.00022578798
140,26,0.00014993642
141,26,0.00020428374
142,26,-0.00030376948
143,26,0.0006226329
144,26,0.00030927453
145,26,-2.0511448e-05
146,26,0.0004621828
147,26,0.0007670261
148,26,0.0008317977
149,26,0.0007140897
150,26,0.0003086198
151,26,0.00039183814
152,26,0.0010421732
153,26,0.00036827382
154,26,
155,26,
156,26,0.0005737636
157,26,0.0006878171
158,26,0.0010114359
159,26,0.0009089811
160,26,8.336268e-06
161,26,0.00023848191
162,26,0.00053823926
163,26,0.00049653463
164,26,0.0007641744
165,26,0.0004203068
166,26,0.00027483702
167,26,0.00051356386
168,26,0.00012697931
169,26,2.1834858e-05
170,26,0.0005819751
171,26,0.00030280557
172,26,0.0001602592
173,26,-5.268026e-05
174,26,0.000114995986
175,26,0.00019873865
176,26,0.00050819386
177,26,0.0008831993
178,26,0.00031610578
179,26,0.000368719
180,26,0.0003606435
181,26,7.4435025e-05
182,26,0.0008210717
183,26,0.00090796873
184,26,0.0013080342
185,26,0.0004670862
186,26,0.0002368018
187,26,0.00024104118
188,26,0.0004459424
189,26,0.00086439773
190,26,7.832423e-07
191,26,0.00057019293
192,26,0.0011501117
193,26,0.00070522726
194,26,0.00016334653
195,26,-8.190051e-05
196,26,0.0009082779
197,26,0.00066960976
198,26,-0.00015296042
199,26,0.00047596171
200,26,0.00019489601
201,26,0.00041663647
202,26,0.00075671077
203,26,0.00040821172
204,26,0.00056375936
205,26,0.00010371208
206,26,0.00030960888
207,26,0.00062859524
208,26,0.00050829723
209,26,0.00013428088
210,26,0.0005414728
211,26,0.0007045455
212,26,0.00090388954
213,26,0.00039165094
214,26,0.0008697901
215,26,0.0006850362
216,26,0.00066901
217,26,0.0004754765
218,26,0.0006432263
219,26,0.0003960738
220,26,0.00042227004
221,26,6.713346e-05
222,26,0.0007632859
223,26,0.0002130922
224,26,0.0007661199
225,26,2.1699816e-05
226,26,0.00029168185
227,26,0.0008315807
228,26,-0.0001532603
229,26,0.00063213706
230,26,0.0003563771
231,26,-4.1847117e-05
232,26,0.00015130639
233,26,0.0005214149
234,26,0.0001848368
235,26,-0.00010410417
236,26,0.0006703185
237,26,0.00023041666
238,26,0.0006861994
239,26,0.0003636796
240,26,0.00022989791
241,26,0.00026234053
242,26,0.00035441108
243,26,0.00064654555
244,26,0.00048172567
245,26,0.00038596243
246,26,0.00011243485
247,26,0.0003472818
248,26,0.00045800768
249,26,0.00038382038
250,26,0.00067731645
251,26,0.0006781155
252,26,-7.419381e-05
253,26,0.0006552283
254,26,0.0010412317
255,26,0.00041899644
256,26,0.0004441468
257,26,0.0006068293
258,26,0.00090460666
259,26,0.00091194175
260,26,0.00066032633
261,26,0.00062589813
262,26,0.00062024966
263,26,0.00078289304
264,26,0.0004883418
265,26,0.0005361233
266,26,0.00045589637
267,26,0.00028368086
268,26,6.398186e-06
269,26,0.00069145206
270,26,0.0005148677
271,26,0.0006435048
272,26,1.0357238e-05
273,26,0.00052962266
274,26,0.00025875773
275,26,0.0007214807
276,26,0.0004143417
277,26,0.00038193166
278,26,0.00017125253
279,26,0.0008781878
280,26,0.0004899567
281,26,0.00013129134
282,26,0.0008086283
283,26,0.0006653145
284,26,0.00050127227
285,26,0.0005894415
286,26,0.00080549065
287,26,0.0010549901
288,26,0.00078749005
289,26,0.00067301746
290,26,9.507034e-05
291,26,0.00019098166
292,26,0.00049258024
293,26,0.0004306808
294,26,0.00055575464
295,26,0.00038050115
296,26,0.00071334373
297,26,0.0004141666
298,26,0.0010282677
299,26,0.0006538015
300,26,0.00054012146
301,26,0.0009237435
302,26,0.00050649047
303,26,0.00081911404
304,26,0.00054877903
305,26,0.0010726713
306,26,0.0007230416
307,26,0.0004762374
308,26,0.00073138066
309,26,
310,26,
311,26,0.00086065754
312,26,0.00036580674
313,26,0.00057754293
314,26,
315,26,0.00038070232
316,26,0.0005720379
317,26,
318,26,0.0006752936
319,26,
320,26,
321,26,0.00080345944
322,26,
323,26,0.00092063844
324,26,0.00036806054
325,26,
326,26,
327,26,
328,26,
329,26,
330,26,
331,26,
332,26,0.00053212885
333,26,
334,26,
335,26,
336,26,
337,26,8.345023e-05
338,26,0.0007102089
339,26,0.001047478
340,26,0.00026884396
341,26,0.0004274603
342,26,0.00064587314
343,26,0.0004893057
344,26,0.0001934627
345,26,0.00060542766
346,26,0.0006592842
347,26,0.0005304441
348,26,0.0003820099
349,26,0.00065865554
350,26,0.00048641302
351,26,0.0006387178
352,26,0.000829312
353,26,0.0008021202
354,26,0.0004402101
355,26,0.0007606214
356,26,0.0007934207
357,26,0.00076871924
358,26,0.00041801855
359,26,0.00010431837
360,26,0.00094871223
361,26,0.0004098676
362,26,0.00076807104
363,26,0.00050749816
364,26,0.00038312096
365,26,0.0008600084
366,26,0.00046573766
367,26,0.0009100912
368,26,0.00030601397
369,26,0.0006940868
370,26,0.0007057376
371,26,0.0007307604
372,26,0.00055986736
373,26,0.0007516965
374,26,0.000873548
375,26,0.00027144514
376,26,0.00033310428
377,26,0.0008289227
378,26,0.00056642666
379,26,0.0006494522
380,26,0.000721422
381,26,0.00061540864
382,26,0.00074489415
383,26,0.0008886447
384,26,0.00077388063
385,26,0.00077049993
386,26,0.0004334515
387,26,0.00049588643
388,26,0.00084269047
389,26,0.00051618926
390,26,0.0013695396
391,26,0.00082974136
392,26,0.00064087845
393,26,0.0008620899
394,26,0.00046916958
395,26,0.00088956114
396,26,0.0006666649
397,26,0.0005528359
398,26,0.0004664017
399,26,0.0006344188
400,26,0.00034165196
401,26,0.0007592961
402,26,0.00024257321
403,26,0.00026644673
404,26,0.0010863459
405,26,-0.00016256422
406,26,-0.00015689805
407,26,0.00049237534
408,26,0.0002641268
409,26,0.0006408198
410,26,0.0003164811
411,26,0.00032571144
412,26,0.00052673
413,26,0.00075133983
414,26,
415,26,0.0007364042
416,26,0.0009523351
417,26,0.00055805594
418,26,0.0010237629
419,26,0.0002112193
420,26,0.00026873127
421,26,0.00028282683
422,26,0.0008869525
423,26,0.00076671876
424,26,0.0005448004
425,26,-8.849427e-06
426,26,0.00046092272
427,26,0.0005878499
428,26,0.0006174613
429,26,0.00032304786
430,26,0.0005227411
431,26,0.0003666766
432,26,0.00028182752
433,26,0.0006204564
434,26,0.00034754444
435,26,0.0006892411
436,26,0.0006578844
437,26,0.00067135226
438,26,0.00075070374
439,26,0.0003638994
440,26,0.0008293027
441,26,0.0008302089
442,26,0.00056019984
443,26,0.0008503413
444,26,0.0010832343
445,26,0.00077397283
446,26,0.0007023178
447,26,0.00016352814
448,26,-6.146729e-05
449,26,0.0004125964
450,26,0.0005627293
451,26,1.4743768e-05
452,26,0.00045791082
453,26,0.00097000133
454,26,0.0004885206
455,26,0.0005334364
456,26,0.0005399715
457,26,0.0001642527
458,26,0.0003313534
459,26,0.00069966353
460,26,2.5429763e-05
461,26,0.00014306512
462,26,-4.765205e-05
463,26,0.00035404973
464,26,0.0005531553
465,26,0.000233775
466,26,0.00087401643
467,26,0.00028064195
468,26,0.00058027357
469,26,0.00035967492
470,26,0.0010024216
471,26,0.00060386956
472,26,0.0003896486
473,26,0.00024878047
474,26,0.00044416264
475,26,0.00035707
476,26,0.00063792896
477,26,0.00048802607
478,26,0.00021331757
479,26,0.00025032926
480,26,0.0012821667
481,26,0.0008179657
482,26,0.0002915375
483,26,0.00067911204
484,26,0.0008999305
485,26,0.0008188067
486,26,0.0008642236
487,26,0.0007771496
488,26,0.00038327742
489,26,0.00044936035
490,26,0.0002415413
491,26,-0.00011972152
492,26,0.00042541884
493,26,0.00081834756
494,26,0.0003309138
0,27,0.00059159566
1,27,0.00038234144
2,27,0.0004709605
3,27,0.00070549455
4,27,0.00048332382
5,27,
6,27,
7,27,
8,27,
9,27,
10,27,
11,27,
12,27,
13,27,
14,27,
15,27,
16,27,
17,27,
18,27,
19,27,
20,27,
21,27,
22,27,
23,27,
24,27,
25,27,0.00078910217
26,27,0.00042792875
27,27,0.00027952902
28,27,0.00055618864
29,27,0.00071033277
30,27,0.00053129904
31,27,0.00027971994
32,27,0.00027185772
33,27,0.00029580854
34,27,0.00050871074
35,27,0.0008326601
36,27,0.00018119253
37,27,0.00037585385
38,27,4.5523047e-05
39,27,0.001132979
40,27,0.00022129063
41,27,0.0004573455
42,27,0.00029210467
43,27,0.0006657755
44,27,0.0006943587
45,27,0.00095690414
46,27,0.00020446442
47,27,0.0007847799
48,27,-4.104525e-05
49,27,0.00025246572
50,27,0.00052825175
51,27,0.0009393068
52,27,0.00061319023
53,27,0.0005608555
54,27,0.00021634623
55,27,0.0005204659
56,27,0.0016761832
57,27,0.0010220353
58,27,-0.00021244213
59,27,0.0002778154
60,27,0.0007923003
61,27,0.0002985634
62,27,0.00037745666
63,27,0.00070480164
64,27,0.0007921504
65,27,0.0006360123
66,27,0.00039460417
67,27,-8.4251165e-05
68,27,0.00011074357
69,27,0.00013286155
70,27,0.0008967873
71,27,0.00042994134
72,27,
73,27,
74,27,
75,27,
76,27,
77,27,
78,27,
79,27,
80,27,0.0007918747
81,27,0.0006379867
82,27,
83,27,
84,27,
85,27,
86,27,
87,27,
88,27,
89,27,
90,27,
91,27,
92,27,
93,27,
94,27,
95,27,
96,27,
97,27,
98,27,
99,27,
100,27,
101,27,
102,27,
103,27,
104,27,
105,27,
106,27,
107,27,
108,27,
109,27,0.0007751174
110,27,0.00034921616
111,27,0.0007440578
112,27,0.0004990427
113,27,0.0008294303
114,27,0.00048127864
115,27,0.0004903814
116,27,0.00040353555
117,27,0.0001690099
118,27,0.0010387395
119,27,0.00057627633
120,27,0.0007700939
121,27,0.00017289352
122,27,
123,27,0.00066928286
124,27,0.00061521307
125,27,
126,27,
127,27,
128,27,
129,27,
130,27,0.0007031923
131,27,0.00078822207
132,27,0.0010143053
133,27,0.00035247765
134,27,0.0008071875
135,27,0.00022392068
136,27,0.0010302002
137,27,0.000529699
138,27,0.0008168835
139,27,-0.000121776015
140,27,0.0010269256
141,27,0.000346642
142,27,2.691336e-05
143,27,6.710179e-06
144,27,7.741153e-05
145,27,0.00085390545
146,27,0.00045789592
147,27,0.0013370262
148,27,0.0007865997
149,27,0.000726318
150,27,0.00049542077
151,27,0.000601721
152,27,0.0007579662
153,27,0.001208812
154,27,
155,27,1.6943552e-05
156,27,0.0008560801
157,27,-0.00010823179
158,27,0.00045747496
159,27,0.0003808979
160,27,0.00026746187
161,27,0.00039603002
162,27,0.0005941773
163,27,0.0008172365
164,27,0.0009918371
165,27,0.0010021813
166,27,2.1187589e-05
167,27,0.0005037328
168,27,0.0009267349
169,27,0.00068740547
170,27,0.00042967312
171,27,-1.099892e-06
172,27,0.00064447057
173,27,-0.00023806654
174,27,-6.791763e-05
175,27,0.0008101417
176,27,0.0006691972
177,27,-0.0001377007
178,27,0.00032878574
179,27,0.001005643
180,27,0.0005163662
181,27,0.00042102858
182,27,0.0005177092
183,27,0.00060445257
184,27,0.00016431231
185,27,0.00018563122
186,27,-1.7384999e-05
187,27,0.00023220666
188,27,0.00034832116
189,27,0.00023180898
190,27,0.0006138189
191,27,0.0005034022
192,27,8.979533e-05
193,27,0.00013273582
194,27,0.0006387541
195,27,0.00037454348
196,27,6.547663e-05
197,27,-0.00019875634
198,27,0.00072488934
199,27,0.00048345234
200,27,5.5392273e-05
201,27,0.0004931111
202,27,0.00019392557
203,27,-2.863817e-06
204,27,0.0008435529
205,27,0.00065651163
206,27,-7.716939e-05
207,27,0.00069448445
208,27,0.0005518021
209,27,0.0005717594
210,27,8.00658e-06
211,27,0.00045566168
212,27,0.00027341675
213,27,0.00023827702
214,27,0.00040950254
215,27,0.00034885854
216,27,0.0005550217
217,27,0.00016218983
218,27,0.00042348076
219,27,0.00090320874
220,27,9.878632e-05
221,27,0.00048439484
222,27,0.0004275823
223,27,0.00057069585
224,27,0.00020230748
225,27,0.00084595755
226,27,4.6767294e-05
227,27,3.0479394e-05
228,27,0.00077475235
229,27,0.0005564876
230,27,0.00024382398
231,27,0.00048143044
232,27,0.00070622563
233,27,0.00086930953
234,27,0.0006051101
235,27,0.0010315794
236,27,0.00025500357
237,27,0.00018370431
238,27,0.00069884676
239,27,0.00041696522
240,27,0.00016409997
241,27,0.00027122535
242,27,4.450325e-05
243,27,0.00027729664
244,27,-0.00012569502
245,27,0.00081868377
246,27,0.00016233046
247,27,0.00047084317
248,27,-0.0001578303
249,27,0.00056336727
250,27,0.00026431866
251,27,0.00019145198
252,27,0.0005327407
253,27,0.0001507299
254,27,0.0005961666
255,27,0.00045641512
256,27,0.00052359235
257,27,0.00062291045
258,27,0.00082389545
259,27,0.00096731726
260,27,0.00040908903
261,27,0.0004980881
262,27,0.0002738228
263,27,0.00047528557
264,27,0.00068358425
265,27,0.00045069866
266,27,0.00061599445
267,27,0.0007271366
268,27,8.396804e-06
269,27,0.00048783794
270,27,0.00062515587
271,27,0.0008143019
272,27,0.00072494615
273,27,0.0005818689
274,27,0.0005980339
275,27,0.0007605152
276,27,0.00040210504
277,27,0.00027780328
278,27,0.0005508568
279,27,0.0006191209
280,27,0.00021198671
281,27,0.0005444437
282,27,0.0007860698
283,27,0.0006122682
284,27,0.00057796855
285,27,0.00042744912
286,27,0.00066799764
287,27,0.0005653091
288,27,0.0005250834
289,27,0.0004974678
290,27,0.00045949407
291,27,0.0006418172
292,27,0.00021259114
293,27,0.00063532125
294,27,-4.437007e-05
295,27,0.00072428025
296,27,0.0004970934
297,27,0.00047081616
298,27,0.0004290929
299,27,0.00061879586
300,27,0.00023809914
301,27,0.0005794177
302,27,0.00030640513
303,27,0.0007006852
304,27,0.00027294643
305,27,0.0006505642
306,27,0.0006752247
307,27,0.00026722066
308,27,0.00059075095
309,27,0.00023772568
310,27,
311,27,0.0007889364
312,27,
313,27,
314,27,0.00020474289
315,27,0.0012224503
316,27,0.00071428716
317,27,0.00067950133
318,27,0.0003102338
319,27,0.0009466782
320,27,
321,27,0.00054052006
322,27,0.0004280191
323,27,0.0006339401
324,27,0.0006540287
325,27,0.00027795602
326,27,0.00055156555
327,27,
328,27,
329,27,
330,27,
331,27,
332,27,
333,27,
334,27,
335,27,
336,27,
337,27,
338,27,0.0005356055
339,27,0.00048620254
340,27,0.0005914932
341,27,0.0008786246
342,27,0.00093182176
343,27,0.0006158808
344,27,0.0006580511
345,27,0.0012496114
346,27,0.00016880129
347,27,0.0006287582
348,27,0.0008215932
349,27,0.00035832357
350,27,0.0010924479
351,27,0.0007111747
352,27,0.00096369814
353,27,0.0009294534
354,27,0.0011763638
355,27,0.00046262704
356,27,0.0007298291
357,27,0.0007636426
358,27,0.0006688349
359,27,0.0006965725
360,27,0.0005631633
361,27,0.0008957172
362,27,0.00066583324
363,27,0.0006589135
364,27,0.00080637354
365,27,0.00097233057
366,27,0.00051725656
367,27,0.0007981686
368,27,0.0007892158
369,27,0.0009168722
370,27,0.00047900155
371,27,0.00045050588
372,27,0.0007870458
373,27,0.0007463293
374,27,0.00041703135
375,27,0.00097293407
376,27,0.0007527219
377,27,0.00045327935
378,27,0.0005008066
379,27,0.0009129904
380,27,0.00065618753
381,27,0.00059774984
382,27,0.00066805445
383,27,0.0008881027
384,27,0.00076699536
385,27,0.0008213967
386,27,0.0010602828
387,27,0.00076940283
388,27,0.0010377076
389,27,0.00038461387
390,27,0.00044752005
391,27,0.00044219103
392,27,0.0006273594
393,27,0.00037279073
394,27,0.0006359704
395,27,0.0008350117
396,27,0.00094949827
397,27,0.00052647013
398,27,0.00078249816
399,27,0.0001332853
400,27,0.0006975122
401,27,0.00023177173
402,27,0.0005371962
403,27,0.00018047355
404,27,0.00027247146
405,27,8.059479e-05
406,27,0.00078271516
407,27,0.0002507083
408,27,0.00028128456
409,27,0.0005648341
410,27,0.00025473442
411,27,0.0012976378
412,27,0.0003280174
413,27,
414,27,
415,27,0.00057176873
416,27,0.0011705561
417,27,0.00014629401
418,27,0.00059816055
419,27,0.0007089926
420,27,0.00046698842
421,27,0.00046394207
422,27,0.0013108375
423,27,0.00028547272
424,27,0.00086838566
425,27,0.00041881762
426,27,0.0007619774
427,27,0.00070229266
428,27,0.0011311956
429,27,0.0005769655
430,27,0.00041075423
431,27,0.0008088527
432,27,0.00069683883
433,27,0.0007574037
434,27,0.0003118161
435,27,0.00043366384
436,27,-5.55655e-05
437,27,0.0009803353
438,27,0.00028281286
439,27,0.0003004251
440,27,0.00091763586
441,27,-1.8430874e-06
442,27,0.00047696102
443,27,6.0964376e-05
444,27,0.00012204703
445,27,0.00010135304
446,27,0.00038959738
447,27,0.00022027455
448,27,0.0008949833
449,27,0.00048176013
450,27,0.00039115082
451,27,0.0008511925
452,27,0.00044045225
453,27,0.00048289075
454,27,0.00082946103
455,27,0.0008220384
456,27,0.00053624716
457,27,0.00050949026
458,27,0.0002280306
459,27,0.00046322867
460,27,0.00074647926
461,27,0.00083101075
462,27,-0.00010921154
463,27,0.0004087342
464,27,0.00064595044
465,27,0.00044004992
466,27,0.00040515047
467,27,0.0005509872
468,27,0.0004015034
469,27,0.000859377
470,27,0.0007656943
471,27,0.0005713068
472,27,0.00035928376
473,27,0.0008506719
474,27,0.00031393487
475,27,3.075227e-05
476,27,0.0004928084
477,27,0.00039030612
478,27,0.0006242031
479,27,0.0004019132
480,27,0.0004408853
481,27,0.0006099455
482,27,0.00058523566
483,27,0.0008637458
484,27,0.0010265112
485,27,0.0006186869
486,27,0.00047299452
487,27,0.0003127912
488,27,0.0008066306
489,27,0.00013592001
490,27,0.000657212
491,27,0.00013236236
492,27,9.153783e-05
493,27,0.0003776839
494,27,0.00083278026
0,28,0.00038740505
1,28,0.0011545252
2,28,0.0015196726
3,28,0.0011456851
4,28,
5,28,
6,28,
7,28,
8,28,
9,28,
10,28,
11,28,
12,28,
13,28,
14,28,
15,28,
16,28,
17,28,
18,28,
19,28,
20,28,
21,28,
22,28,
23,28,
24,28,
25,28,0.0007422883
26,28,0.0011336105
27,28,0.0008805543
28,28,0.00081781857
29,28,0.00075041037
30,28,0.00076538604
31,28,0.0007080501
32,28,0.00025337934
33,28,-0.00033917557
34,28,0.00070936605
35,28,0.0005316874
36,28,7.2056428e-06
37,28,0.0004423773
38,28,5.0962903e-05
39,28,0.0007365849
40,28,0.0005759476
41,28,0.0007633567
42,28,0.0005777683
43,28,0.0010736389
44,28,0.0005334206
45,28,0.0004952438
46,28,0.00065687764
47,28,4.4169836e-05
48,28,0.0005605053
49,28,0.000540087
50,28,0.00042694528
51,28,0.0007221075
52,28,0.0008604843
53,28,0.00051036756
54,28,0.000482006
55,28,4.873704e-05
56,28,0.00033221953
57,28,0.00092074834
58,28,0.0012257984
59,28,0.0005421657
60,28,0.00041073933
61,28,0.0006171819
62,28,0.00078606047
63,28,6.275717e-05
64,28,0.00081306323
65,28,0.0008162027
66,28,0.00084480643
67,28,0.0010265177
68,28,0.000979037
69,28,0.00026213937
70,28,
71,28,
72,28,
73,28,
74,28,0.00055508316
75,28,
76,28,
77,28,0.0004762765
78,28,
79,28,
80,28,
81,28,
82,28,0.00071392674
83,28,
84,28,
85,28,
86,28,
87,28,
88,28,
89,28,
90,28,
91,28,
92,28,
93,28,
94,28,
95,28,0.0010085348
96,28,0.0003462294
97,28,
98,28,
99,28,
100,28,
101,28,0.00092884153
102,28,
103,28,
104,28,
105,28,
106,28,
107,28,0.00012430176
108,28,
109,28,0.0014945567
110,28,0.00054315757
111,28,0.00052918214
112,28,0.00092385523
113,28,0.00045789313
114,28,-3.956165e-05
115,28,0.0003411267
116,28,0.0005055405
117,28,0.00095731206
118,28,0.00069558434
119,28,0.0008319905
120,28,0.00042420253
121,28,
122,28,0.0003776159
123,28,
124,28,
125,28,
126,28,
127,28,
128,28,
129,28,
130,28,-0.00012377929
131,28,0.0011947574
132,28,0.00035057403
133,28,0.00029661134
134,28,0.00060327444
135,28,0.00048764423
136,28,0.0002626106
137,28,0.0008074343
138,28,0.00014041457
139,28,2.8155744e-05
140,28,0.00053084735
141,28,0.00016724691
142,28,0.0002437802
143,28,0.0009550331
144,28,0.00032365974
145,28,0.0006996598
146,28,0.00048645865
147,28,0.0005493909
148,28,0.00047256425
149,28,0.00025999453
150,28,0.0009851446
151,28,0.00031366665
152,28,-2.1105632e-05
153,28,0.00022245571
154,28,0.00047378242
155,28,0.00018163584
156,28,0.00038042013
157,28,0.0012870394
158,28,0.0005935542
159,28,0.00029816944
160,28,-8.946285e-06
161,28,0.00030774996
162,28,0.00083564967
163,28,0.0011374755
164,28,0.00064318255
165,28,0.00057792943
166,28,9.808317e-05
167,28,0.0006350018
168,28,0.00046348944
169,28,0.0008497359
170,28,0.0002749646
171,28,0.00032112282
172,28,0.0004751347
173,28,0.00061407685
174,28,0.00022461265
175,28,0.00040542614
176,28,0.0006175041
177,28,0.00051050074
178,28,0.00046259537
179,28,0.00017949473
180,28,0.0009030141
181,28,0.00037818216
182,28,0.000280831
183,28,0.0002308581
184,28,0.0008622911
185,28,0.00047207996
186,28,0.00053848326
187,28,0.00028498843
188,28,-0.00037282985
189,28,0.0006847549
190,28,0.00084602553
191,28,0.00029081013
192,28,0.00043988973
193,28,0.0003515547
194,28,0.00047203433
195,28,0.0002189111
196,28,0.00051068515
197,28,0.00057684816
198,28,-7.404294e-05
199,28,0.00071091764
200,28,0.00078846887
201,28,0.00017846934
202,28,6.71437e-05
203,28,0.00061965827
204,28,4.0706247e-05
205,28,0.00074424595
206,28,0.0003261501
207,28,0.00020912196
208,28,7.481221e-05
209,28,0.00038142037
210,28,0.00064076483
211,28,0.00028324313
212,28,0.0003839396
213,28,0.0005175192
214,28,0.00043322332
215,28,0.00020111259
216,28,-4.2079948e-05
217,28,0.00067195855
218,28,0.0013618041
219,28,0.00041936804
220,28,-0.00014314149
221,28,0.0005051382
222,28,0.0005210424
223,28,0.0004041819
224,28,0.0003585769
225,28,0.0002825195
226,28,0.000114938244
227,28,0.00041093025
228,28,0.0004896363
229,28,0.0005843006
230,28,0.0005325284
231,28,-3.0346215e-05
232,28,0.00048391614
233,28,6.088987e-06
234,28,0.00047178566
235,28,0.0006716205
236,28,1.1446886e-05
237,28,0.00042702723
238,28,0.00015191734
239,28,0.0010747621
240,28,0.0005253898
241,28,0.0003904309
242,28,0.0004836861
243,28,0.00030759908
244,28,0.00036248937
245,28,8.1201084e-05
246,28,0.0005091438
247,28,0.0006315792
248,28,0.00050152745
249,28,0.0002079932
250,28,0.00059383735
251,28,0.00014204718
252,28,0.00034852698
253,28,0.0002108533
254,28,-5.723629e-05
255,28,0.00079048984
256,28,0.00016291253
257,28,0.00071985647
258,28,0.0005821148
259,28,0.00031971931
260,28,0.00039426237
261,28,0.00071527064
262,28,0.00050412863
263,28,0.00031760614
264,28,0.00022975169
265,28,0.00068187807
266,28,0.0006041415
267,28,0.00060747843
268,28,0.0010323618
269,28,0.0006104475
270,28,0.00050680526
271,28,0.0007115239
272,28,0.0005383501
273,28,0.00072643626
274,28,0.00034973677
275,28,0.00013337005
276,28,0.00067944825
277,28,0.00029750355
278,28,0.0007139314
279,28,0.0005459739
280,28,0.0006071916
281,28,0.0010050396
282,28,0.00025738403
283,28,0.0007692436
284,28,0.00068679545
285,28,0.0005280301
286,28,0.00041596685
287,28,0.00049878284
288,28,0.00034137163
289,28,0.00050319266
290,28,0.0008975491
291,28,0.0006088391
292,28,0.0001257034
293,28,0.00042309426
294,28,0.00066965166
295,28,0.00065387227
296,28,0.000526296
297,28,0.00027174782
298,28,0.00091271754
299,28,0.0009802254
300,28,0.00066484604
301,28,0.0003639413
302,28,0.00025988836
303,28,0.0006358158
304,28,0.0005348213
305,28,0.0006896481
306,28,0.00078508165
307,28,0.0006202329
308,28,0.00026669167
309,28,0.00025289878
310,28,0.0008826712
311,28,0.00029661134
312,28,0.00015821587
313,28,0.0003202036
314,28,0.00096155517
315,28,0.00094187167
316,28,0.0004219152
317,28,0.0007873364
318,28,0.00078763254
319,28,0.000856095
320,28,0.00067144446
321,28,0.00041704904
322,28,0.00079260394
323,28,0.0007270966
324,28,0.00054739974
325,28,-1.9134954e-05
326,28,
327,28,
328,28,0.00064107124
329,28,0.0008281842
330,28,
331,28,
332,28,
333,28,
334,28,
335,28,
336,28,
337,28,
338,28,-9.9989586e-05
339,28,0.0002627531
340,28,0.0006023962
341,28,0.0006431546
342,28,0.0004774956
343,28,0.0009910231
344,28,0.00028160587
345,28,0.00070946757
346,28,0.00052229036
347,28,0.00066440646
348,28,0.0008788258
349,28,0.00034480076
350,28,0.00097433105
351,28,0.0009175474
352,28,0.00043300353
353,28,0.0004498912
354,28,0.0006762855
355,28,0.00046305452
356,28,0.000497438
357,28,0.00020967703
358,28,0.00036291312
359,28,0.000559289
360,28,0.00041100103
361,28,0.0008584298
362,28,0.00076242536
363,28,0.00056190044
364,28,0.0005225763
365,28,0.0007607993
366,28,0.00037631672
367,28,0.0007571429
368,28,0.00093621947
369,28,0.0004622005
370,28,0.00033253152
371,28,0.00074388366
372,28,0.00039966963
373,28,0.00034659076
374,28,0.00077216886
375,28,0.00047715753
376,28,0.00065864343
377,28,0.00048252847
378,28,0.0008225702
379,28,0.0008076094
380,28,0.0011983328
381,28,0.00058651716
382,28,0.00051894784
383,28,0.00089853443
384,28,0.0007889811
385,28,0.00086458307
386,28,0.00080265664
387,28,0.0006934237
388,28,0.00059478637
389,28,0.0007131081
390,28,0.0007986743
391,28,0.0008326443
392,28,0.00071855914
393,28,0.0008314261
394,28,0.0009729378
395,28,0.00087337755
396,28,0.0011211429
397,28,0.000617777
398,28,0.00074765086
399,28,0.00091959164
400,28,0.0006569326
401,28,0.00069431774
402,28,0.0011061374
403,28,0.0007454967
404,28,0.00021642633
405,28,0.001110293
406,28,0.00061510317
407,28,0.00023593754
408,28,-0.00022285432
409,28,0.00019960478
410,28,
411,28,-8.082017e-05
412,28,
413,28,
414,28,
415,28,0.000624571
416,28,
417,28,-7.886812e-05
418,28,0.0007217359
419,28,0.00082397927
420,28,-9.977445e-05
421,28,0.00050630607
422,28,0.00046137162
423,28,6.6309236e-05
424,28,0.0006063292
425,28,0.00074576586
426,28,0.0007602088
427,28,0.0003578132
428,28,0.00033054128
429,28,0.000672115
430,28,0.0007695509
431,28,0.00074443314
432,28,0.00072811823
433,28,0.00042127818
434,28,0.00033148192
435,28,0.00041521713
436,28,0.00083434116
437,28,0.00023008231
438,28,0.00046491902
439,28,0.0006912602
440,28,0.0005615875
441,28,0.0005108146
442,28,0.0009466447
443,28,0.0007002214
444,28,0.00037799403
445,28,0.00059175305
446,28,0.00072007254
447,28,0.00020385161
448,28,-1.7220154e-06
449,28,0.0005549174
450,28,0.00064489245
451,28,0.00019730814
452,28,0.00058852043
453,28,-2.3114495e-05
454,28,0.00042182207
455,28,0.00047147553
456,28,0.00078878365
457,28,0.00094057806
458,28,0.00063869543
459,28,0.00023291074
460,28,0.00030761957
461,28,0.001083564
462,28,0.00086157396
463,28,0.00053230487
464,28,0.0005214494
465,28,0.0008836221
466,28,0.0007200232
467,28,0.00052053947
468,28,0.0006801244
469,28,0.0006813891
470,28,0.000786989
471,28,0.0009935107
472,28,0.0006561987
473,28,0.0010824203
474,28,0.00071423315
475,28,0.0006732438
476,28,0.00036901236
477,28,0.00016871467
478,28,0.00050073396
479,28,0.0004018508
480,28,-0.0001857588
481,28,0.00043282192
482,28,0.00023528468
483,28,0.0006195456
484,28,0.00031311158
485,28,0.0009360397
486,28,0.00015744288
487,28,0.00060409587
488,28,0.0005135378
489,28,0.00053008273
490,28,0.0010462757
491,28,0.0005216226
492,28,0.00045040902
493,28,0.00034468248
494,28,0.0006446857
0,29,0.00079070125
1,29,0.00087926444
2,29,0.00088068284
3,29,0.00070062745
4,29,0.00017519761
5,29,0.00064685475
6,29,
7,29,
8,29,
9,29,
10,29,
11,29,
12,29,
13,29,
14,29,
15,29,
16,29,
17,29,
18,29,
19,29,
20,29,
21,29,
22,29,
23,29,
24,29,
25,29,
26,29,0.00051226094
27,29,0.0004546661
28,29,0.00069702696
29,29,0.0005897358
30,29,0.0009698337
31,29,0.0005263984
32,29,0.0005420558
33,29,0.0006641168
34,29,0.00041822717
35,29,0.00047976337
36,29,0.00034741033
37,29,0.00036270823
38,29,0.0008554822
39,29,0.0006697187
40,29,0.0005071424
41,29,0.0002156552
42,29,0.0004156353
43,29,-0.00014097337
44,29,0.00014391262
45,29,0.00060076267
46,29,0.0003888579
47,29,0.0013821032
48,29,0.0005619861
49,29,0.000343455
50,29,0.000355958
51,29,0.00023103878
52,29,0.0005872352
53,29,0.00039264932
54,29,0.0008829357
55,29,0.0011957921
56,29,0.00090269186
57,29,0.00071150623
58,29,-1.1622906e-05
59,29,0.0009704679
60,29,0.000918176
61,29,0.0002722228
62,29,0.0005392432
63,29,0.00017270818
64,29,0.0010013022
65,29,0.00016954914
66,29,0.0007834425
67,29,0.0006345557
68,29,
69,29,
70,29,
71,29,
72,29,
73,29,
74,29,
75,29,
76,29,
77,29,
78,29,
79,29,0.00043183938
80,29,
81,29,0.0006703874
82,29,
83,29,
84,29,0.00019818079
85,29,
86,29,
87,29,
88,29,
89,29,
90,29,
91,29,
92,29,
93,29,
94,29,-0.00012862775
95,29,0.00069841184
96,29,3.6798418e-05
97,29,0.00093582086
98,29,0.0008893609
99,29,0.00035047345
100,29,
101,29,-9.630993e-05
102,29,
103,29,
104,29,
105,29,0.0003998531
106,29,0.0011013094
107,29,
108,29,
109,29,
110,29,0.0005495446
111,29,0.00081442203
112,29,0.00014476757
113,29,0.00040583126
114,29,0.0004556682
115,29,0.00020322483
116,29,0.000610468
117,29,0.00019551162
118,29,0.00068324246
119,29,-7.3899515e-05
120,29,0.00010968093
121,29,0.0007178774
122,29,
123,29,
124,29,
125,29,
126,29,
127,29,
128,29,
129,29,0.0010348139
130,29,
131,29,0.00011923257
132,29,0.0007616626
133,29,0.0006559929
134,29,0.00045999046
135,29,0.00056911726
136,29,0.00055028126
137,29,0.00060859974
138,29,0.00057606865
139,29,0.000383934
140,29,0.0003477279
141,29,0.00063398294
142,29,0.0006758468
143,29,0.00014971197
144,29,7.0794486e-05
145,29,0.00021334179
146,29,0.00030639675
147,29,0.000880111
148,29,0.00021500513
149,29,0.00026296917
150,29,0.00036888383
151,29,0.00013605971
152,29,0.00056942273
153,29,0.00067081954
154,29,0.00030530803
155,29,0.00016099494
156,29,7.821061e-05
157,29,0.00079048146
158,29,0.0005224729
159,29,-0.00037198327
160,29,0.00059297774
161,29,0.00037290622
162,29,0.0007095989
163,29,0.00019537657
164,29,0.00023217779
165,29,0.00010451209
166,29,0.00020716153
167,29,0.0003120862
168,29,0.00033966824
169,29,0.00050415844
170,29,0.0006421143
171,29,0.0006510755
172,29,0.0010105083
173,29,3.5297126e-06
174,29,0.00079104677
175,29,0.00044950657
176,29,0.00025076792
177,29,0.0003931038
178,29,0.00039046071
179,29,0.0003745742
180,29,0.0007425193
181,29,0.0006870106
182,29,0.0005472349
183,29,0.00013043638
184,29,0.00017195567
185,29,-0.000108432956
186,29,0.00039560534
187,29,-0.00023507047
188,29,0.0009791665
189,29,0.00011340156
190,29,0.0010120943
191,29,0.0007715635
192,29,0.0007370077
193,29,0.0005895784
194,29,0.00031400006
195,29,0.0006937841
196,29,0.00092586037
197,29,0.00072731916
198,29,-6.6632405e-05
199,29,-0.00029089022
200,29,0.00035569444
201,29,0.00048745144
202,29,0.00048253406
203,29,0.00054119714
204,29,0.0007276805
205,29,0.0003113458
206,29,0.00038560573
207,29,0.00013187621
208,29,0.000394281
209,29,0.00030022766
210,29,2.1006912e-05
211,29,0.0006391816
212,29,0.00054339785
213,29,-6.986782e-06
214,29,3.8935803e-05
215,29,0.00031265523
216,29,0.0003907187
217,29,0.0005753897
218,29,0.00026189815
219,29,0.00071400404
220,29,0.00063738786
221,29,0.00065046176
222,29,0.00039991178
223,29,0.00046716724
224,29,0.00084376056
225,29,0.0006260397
226,29,0.00023930706
227,29,0.0009745918
228,29,0.0005732691
229,29,0.00046793278
230,29,0.00011623837
231,29,0.0005232021
232,29,0.00041393284
233,29,0.00040047988
234,29,0.00044561177
235,29,0.0007289592
236,29,-7.2998926e-05
237,29,0.00017940812
238,29,0.0006286036
239,29,0.00061641634
240,29,0.0003223708
241,29,0.00051278155
242,29,-0.00014853198
243,29,0.0009788582
244,29,-0.00040970836
245,29,-0.00022024289
246,29,0.0010454226
247,29,0.0007674387
248,29,0.00014641136
249,29,0.00026343018
250,29,0.0006448813
251,29,0.00016877893
252,29,0.0007280307
253,29,0.00023639482
254,29,0.00035891123
255,29,0.00018073432
256,29,0.0004242221
257,29,0.000542284
258,29,0.00069628004
259,29,0.0009740107
260,29,0.00064909924
261,29,0.0006064391
262,29,0.00077412184
263,29,0.00088824704
264,29,0.00047693402
265,29,0.00051201414
266,29,0.00046970043
267,29,0.0004156949
268,29,0.0005955184
269,29,0.0005808361
270,29,0.0006524641
271,29,5.3498894e-05
272,29,0.00059565064
273,29,0.0005662851
274,29,0.0010314286
275,29,0.0010557631
276,29,0.00075550843
277,29,0.0007017506
278,29,0.0008381214
279,29,0.00032428373
280,29,0.0005488144
281,29,0.00060675293
282,29,0.0005967431
283,29,0.0008563157
284,29,0.0003906507
285,29,0.0006633997
286,29,-1.7562881e-05
287,29,7.489789e-05
288,29,0.0007866323
289,29,1.8008053e-05
290,29,0.00022311229
291,29,0.0007407451
292,29,0.00035929307
293,29,0.00036700908
294,29,0.0005827667
295,29,0.0011539515
296,29,0.0007948624
297,29,0.0008070674
298,29,0.0007555438
299,29,0.0005619414
300,29,0.0006668614
301,29,0.0002848478
302,29,0.00037691742
303,29,0.00081967376
304,29,0.0012238566
305,29,0.0002412973
306,29,0.00087356195
307,29,0.00045596994
308,29,0.0011933567
309,29,0.0004432043
310,29,0.00059312116
311,29,
312,29,
313,29,0.00041864906
314,29,0.0009174915
315,29,0.00081386603
316,29,0.000500896
317,29,0.0005624108
318,29,0.00043661986
319,29,0.0006380817
320,29,
321,29,0.0005551083
322,29,0.0011463212
323,29,0.00071782246
324,29,0.0008270852
325,29,
326,29,0.00094343815
327,29,
328,29,
329,29,
330,29,
331,29,
332,29,
333,29,
334,29,
335,29,
336,29,
337,29,
338,29,
339,29,0.0004901327
340,29,0.0006158333
341,29,0.0005334597
342,29,0.0006641289
343,29,0.00090995803
344,29,0.0007884167
345,29,1.2143515e-05
346,29,0.0006676316
347,29,0.00079960935
348,29,0.0005488498
349,29,0.000855403
350,29,0.0006937701
351,29,0.00042987615
352,29,0.0014420096
353,29,0.0007315958
354,29,0.00058449805
355,29,0.00040255394
356,29,4.956033e-05
357,29,0.0010009203
358,29,0.00079841074
359,29,0.00057414826
360,29,0.00016600825
361,29,0.0007861033
362,29,0.00039409287
363,29,0.0005792845
364,29,0.000599714
365,29,0.0007529212
366,29,0.00067476276
367,29,0.0010424145
368,29,0.00045396667
369,29,0.00040426664
370,29,0.00041824766
371,29,0.0007576514
372,29,0.00026692636
373,29,0.00040565338
374,29,0.0009518154
375,29,0.00095480215
376,29,0.0010775663
377,29,0.0009608194
378,29,0.0008706795
379,29,0.0009977827
380,29,0.0008488884
381,29,0.00066958554
382,29,0.0005453769
383,29,0.0009580832
384,29,0.0010455325
385,29,0.00045670941
386,29,0.00097394455
387,29,0.0006793877
388,29,0.00076754484
389,29,0.00047956873
390,29,0.00081642997
391,29,0.0010295734
392,29,0.00061041676
393,29,0.00071711093
394,29,0.0006909976
395,29,0.0006891405
396,29,0.0009616697
397,29,0.00027862098
398,29,0.0008085454
399,29,0.00081112795
400,29,0.0010752864
401,29,0.0003600372
402,29,0.0007465342
403,29,0.00072163064
404,29,0.0010467051
405,29,-0.00015107729
406,29,0.0008465769
407,29,0.00022313278
408,29,0.001034935
409,29,
410,29,
411,29,
412,29,
413,29,
414,29,
415,29,
416,29,
417,29,
418,29,0.0007856805
419,29,0.0004901169
420,29,0.0006082738
421,29,0.0003245212
422,29,0.0003061723
423,29,0.0006892076
424,29,0.00049738213
425,29,0.00059113745
426,29,0.0006115902
427,29,0.0008775834
428,29,0.0007435344
429,29,0.0003891578
430,29,0.0005009454
431,29,0.0009582499
432,29,0.00058467686
433,29,0.0004286468
434,29,0.0009896699
435,29,0.0009064218
436,29,0.00072067603
437,29,0.0010620058
438,29,0.0006561419
439,29,0.0010451172
440,29,0.0002865363
441,29,0.00046770833
442,29,0.0002739979
443,29,0.00091290567
444,29,0.000938789
445,29,0.00035894848
446,29,0.00059552677
447,29,0.000113200396
448,29,0.0005710954
449,29,0.00067652203
450,29,0.00038683508
451,29,0.00015916675
452,29,9.3412586e-05
453,29,0.00014286209
454,29,0.0009413436
455,29,0.00070131477
456,29,0.0005841516
457,29,0.0008303188
458,29,0.00049491227
459,29,0.00047023967
460,29,0.0008041868
461,29,0.00024276692
462,29,0.00027192105
463,29,0.00086722337
464,29,0.00057793316
465,29,0.0010573231
466,29,0.00033924542
467,29,0.0001757713
468,29,0.00040243194
469,29,0.00085112825
470,29,0.00067755766
471,29,0.0007425938
472,29,0.00044645928
473,29,0.0009640325
474,29,0.00092058536
475,29,0.0009163469
476,29,0.00041515473
477,29,0.0007101493
478,29,0.00052424986
479,29,0.00018922798
480,29,0.0004930869
481,29,0.0009212727
482,29,0.000380815
483,29,0.00035663508
484,29,0.0009103734
485,29,0.00036501512
486,29,0.0002459269
487,29,0.0011830283
488,29,0.0005010031
489,29,9.6806325e-05
490,29,0.000748463
491,29,0.0004089931
492,29,0.0010616835
493,29,0.0004167501
494,29,0.00048786588
0,30,0.00032687932
1,30,-0.00023423973
2,30,0.0011237748
3,30,0.001021442
4,30,0.0002569137
5,30,
6,30,
7,30,
8,30,
9,30,
10,30,
11,30,
12,30,
13,30,
14,30,
15,30,
16,30,
17,30,
18,30,
19,30,
20,30,
21,30,
22,30,
23,30,
24,30,
25,30,
26,30,-0.00024499372
27,30,0.00061217323
28,30,0.00061429664
29,30,0.00019065384
30,30,0.00027793646
31,30,0.0008511236
32,30,0.00044911448
33,30,0.0005957084
34,30,0.0011231927
35,30,8.876622e-05
36,30,0.0012238901
37,30,0.0007740911
38,30,0.00040547922
39,30,0.00039439462
40,30,0.0009993091
41,30,0.0008719098
42,30,8.9017674e-05
43,30,0.0008254219
44,30,-4.8428774e-06
45,30,0.0007376997
46,30,0.00065768696
47,30,0.000542067
48,30,0.00068965927
49,30,0.00053002033
50,30,0.00010625832
51,30,0.00017911289
52,30,0.00028311927
53,30,0.0007550698
54,30,0.00077425595
55,30,0.00060229376
56,30,0.00095007475
57,30,0.00078140944
58,30,0.00078724977
59,30,0.00081723835
60,30,0.0008995924
61,30,0.00073021185
62,30,0.00076007564
63,30,0.0011737458
64,30,0.0009506848
65,30,0.00051206443
66,30,0.0003497135
67,30,
68,30,
69,30,
70,30,
71,30,
72,30,
73,30,
74,30,0.0004206812
75,30,
76,30,
77,30,
78,30,
79,30,
80,30,0.00038295705
81,30,
82,30,0.0007560579
83,30,0.00015261397
84,30,0.00026277173
85,30,0.00048260484
86,30,
87,30,
88,30,
89,30,
90,30,
91,30,
92,30,
93,30,0.00043301564
94,30,0.0005775392
95,30,0.00040138885
96,30,0.0003352603
97,30,0.0007535117
98,30,0.0001203455
99,30,0.00052649155
100,30,0.00040677376
101,30,
102,30,
103,30,
104,30,0.00033727195
105,30,
106,30,0.0004218379
107,30,
108,30,
109,30,
110,30,0.00030553713
111,30,7.8061596e-05
112,30,0.00019710697
113,30,0.00040256977
114,30,0.00074976403
115,30,0.000960391
116,30,0.00072770845
117,30,0.00019070972
118,30,0.00015844032
119,30,0.0005437713
120,30,0.0007920228
121,30,
122,30,0.0009038076
123,30,
124,30,
125,30,
126,30,
127,30,
128,30,
129,30,
130,30,
131,30,0.00025626458
132,30,0.00081499293
133,30,0.00046552997
134,30,0.00079504587
135,30,0.0007645497
136,30,-0.00020800717
137,30,0.00052698515
138,30,0.0005433569
139,30,0.0007170383
140,30,0.00027869362
141,30,0.00020324998
142,30,0.0007039383
143,30,0.00017668214
144,30,0.00034525618
145,30,0.0005249046
146,30,0.00017070677
147,30,0.00027349312
148,30,0.0007622624
149,30,1.6707927e-05
150,30,0.00093891565
151,30,0.0006938409
152,30,5.7403e-05
153,30,0.0005398672
154,30,0.00075183343
155,30,0.00025013555
156,30,0.00041430537
157,30,0.0007625446
158,30,0.00035705976
159,30,0.0006888313
160,30,0.0004821308
161,30,0.00024547707
162,30,6.214436e-05
163,30,0.00070959143
164,30,0.0007510446
165,30,0.0005624024
166,30,0.00047545042
167,30,0.00052818935
168,30,-0.00010282919
169,30,-3.125146e-05
170,30,0.00086060166
171,30,0.00054595154
172,30,0.00034071412
173,30,0.00090437103
174,30,0.0009020688
175,30,0.00045475457
176,30,0.0006314926
177,30,0.00012713205
178,30,0.00056650676
179,30,0.0003906358
180,30,0.00023707282
181,30,0.00061192364
182,30,0.00044049602
183,30,0.0005077999
184,30,0.0008841362
185,30,0.00066610053
186,30,0.00080192834
187,30,0.00043235533
188,30,0.00056255143
189,30,0.00029948913
190,30,0.0004980583
191,30,-0.00026498735
192,30,0.0005084751
193,30,-5.7466328e-05
194,30,0.0005294988
195,30,0.00021217391
196,30,0.00066808425
197,30,0.00029307324
198,30,0.00019927137
199,30,0.00057745166
200,30,0.0001928648
201,30,0.0001892997
202,30,0.000508273
203,30,0.00040446408
204,30,-7.6131895e-05
205,30,0.00053712446
206,30,0.0003703311
207,30,0.0006406596
208,30,0.0005750973
209,30,0.0007654559
210,30,0.00045944657
211,30,0.0002330225
212,30,0.0005785767
213,30,0.00015401747
214,30,0.00052620005
215,30,0.0005458277
216,30,0.00043821894
217,30,0.0002759425
218,30,0.00038204435
219,30,0.0006474601
220,30,0.00046053156
221,30,0.00028908718
222,30,0.00044018216
223,30,0.0002746433
224,30,9.935349e-05
225,30,0.0002757525
226,30,0.00027156156
227,30,0.0007312214
228,30,0.000877914
229,30,0.00029457174
230,30,0.00075955875
231,30,0.0005280059
232,30,-2.1126121e-05
233,30,0.0006968919
234,30,0.000111383386
235,30,0.0006046491
236,30,0.00072907284
237,30,0.0005457569
238,30,0.0007888032
239,30,6.889552e-05
240,30,0.00029684976
241,30,0.00062897336
242,30,0.00038989913
243,30,0.00011089817
244,30,0.00040802173
245,30,-0.00039510988
246,30,2.5933608e-05
247,30,0.0007027183
248,30,0.0008183867
249,30,0.00065519754
250,30,0.00037501846
251,30,0.0006071059
252,30,0.0002979664
253,30,0.00094423443
254,30,0.0004290929
255,30,0.00027780514
256,30,-5.1677227e-05
257,30,0.0006040409
258,30,0.00054749753
259,30,0.0005287891
260,30,0.0009945026
261,30,0.00023793336
262,30,0.0006947676
263,30,0.0008137515
264,30,0.00040678494
265,30,0.0007365169
266,30,0.00031673815
267,30,0.0009041857
268,30,0.00088798534
269,30,0.00063806213
270,30,0.0009589847
271,30,0.00046108384
272,30,0.00027121045
273,30,0.00069275685
274,30,0.00077665225
275,30,0.00025589764
276,30,0.0007298235
277,30,0.00045710802
278,30,0.0006254837
279,30,0.00048106257
280,30,0.00020384882
281,30,0.0009952355
282,30,0.001202736
283,30,0.00039336458
284,30,0.001027856
285,30,4.17158e-05
286,30,0.000970996
287,30,0.00037887413
288,30,0.00028467271
289,30,-4.796777e-05
290,30,6.558746e-05
291,30,0.0002656523
292,30,0.0004383158
293,30,0.00090615265
294,30,0.00053686183
295,30,0.00056995545
296,30,0.0009570364
297,30,0.000432916
298,30,6.3351355e-05
299,30,0.00012066774
300,30,0.0007816516
301,30,0.0005506417
302,30,0.00024874322
303,30,-4.3781474e-06
304,30,0.0013653245
305,30,0.00052005146
306,30,0.00021117926
307,30,3.52785e-05
308,30,9.290874e-06
309,30,0.000849409
310,30,
311,30,0.00041477755
312,30,
313,30,0.00087012537
314,30,0.0010704016
315,30,0.00054474454
316,30,0.0009839525
317,30,0.00020103529
318,30,0.00048063323
319,30,0.00046473555
320,30,0.0005229432
321,30,-4.945323e-07
322,30,0.0009054635
323,30,0.0006563086
324,30,0.0006558625
325,30,0.00044894684
326,30,
327,30,
328,30,0.0008445382
329,30,0.0005039722
330,30,
331,30,
332,30,
333,30,
334,30,
335,30,
336,30,
337,30,
338,30,
339,30,0.00051211193
340,30,0.00065898057
341,30,0.00057559274
342,30,0.000855702
343,30,0.0007729018
344,30,0.000941772
345,30,0.00018388405
346,30,0.0007342547
347,30,0.00089184847
348,30,0.00095733255
349,30,0.0005149497
350,30,0.0011127582
351,30,0.00084067695
352,30,0.00087988004
353,30,0.0012053717
354,30,0.000495309
355,30,0.000764356
356,30,0.0009884797
357,30,0.00066159386
358,30,0.00077992026
359,30,0.0005464982
360,30,0.00037151016
361,30,0.00036026165
362,30,0.001099838
363,30,0.0007214621
364,30,0.001034257
365,30,0.0007302724
366,30,0.00079399627
367,30,0.0012449427
368,30,0.00073698163
369,30,0.0009733308
370,30,0.001083374
371,30,0.0009012297
372,30,0.0009867242
373,30,0.0006186906
374,30,0.0010152059
375,30,0.0009579016
376,30,0.00046771765
377,30,0.0004185615
378,30,0.00054678414
379,30,0.0005620606
380,30,0.00059138983
381,30,0.0009897538
382,30,0.00114947
383,30,0.0008084532
384,30,0.0010479344
385,30,0.0009654686
386,30,0.0011091297
387,30,0.00038614962
388,30,0.00066562556
389,30,0.0007090913
390,30,0.00040787924
391,30,0.0012412313
392,30,0.0007812148
393,30,0.00063643325
394,30,0.0007032966
395,30,0.0006776536
396,30,0.0010017129
397,30,0.0005255202
398,30,0.00071300194
399,30,0.00090733636
400,30,0.0006372351
401,30,0.000104235485
402,30,0.00027383305
403,30,0.00087052304
404,30,0.00044378825
405,30,4.720129e-05
406,30,0.0010524001
407,30,0.00029271748
408,30,0.00055136066
409,30,
410,30,
411,30,
412,30,
413,30,
414,30,
415,30,
416,30,
417,30,
418,30,
419,30,0.00043811742
420,30,0.00042255782
421,30,0.00055398233
422,30,0.0002404321
423,30,0.00071591977
424,30,0.0003952533
425,30,0.00053227507
426,30,0.00037632044
427,30,0.0008418448
428,30,0.00045399647
429,30,0.0005269274
430,30,0.0009998064
431,30,0.00037768483
432,30,0.00056187157
433,30,0.00027309172
434,30,0.0005691806
435,30,0.0005634222
436,30,0.00063467305
437,30,0.0003472576
438,30,0.0007549608
439,30,0.00069230143
440,30,0.000829855
441,30,0.00076477695
442,30,0.000527611
443,30,0.0007923888
444,30,0.00057559647
445,30,0.0006802762
446,30,0.00053012185
447,30,0.00021926034
448,30,0.00039879326
449,30,0.00094553083
450,30,0.00088145677
451,30,0.0005861614
452,30,-0.000151515
453,30,0.00027668476
454,30,0.0007498916
455,30,0.00035640784
456,30,0.0007581953
457,30,0.00059848
458,30,-6.8110414e-05
459,30,0.0004425887
460,30,0.0003980659
461,30,1.2270175e-05
462,30,0.0005262159
463,30,0.00040849112
464,30,0.0005961815
465,30,0.0008597281
466,30,0.0012995033
467,30,0.00052104145
468,30,0.00082218274
469,30,0.0004437305
470,30,0.0005653752
471,30,0.0005123699
472,30,0.00058793835
473,30,0.0006908607
474,30,2.0952895e-05
475,30,0.00079188496
476,30,0.0006821798
477,30,0.00015982706
478,30,0.00032751262
479,30,0.000583224
480,30,0.0005433494
481,30,0.00031822454
482,30,0.0005382877
483,30,0.00072185975
484,30,0.00028612744
485,30,0.00056471396
486,30,0.00026337057
487,30,0.0010891221
488,30,0.0005600527
489,30,0.00071218517
490,30,0.00060666073
491,30,0.0003706729
492,30,0.000115699135
493,30,0.0010592509
494,30,0.00074289367
0,31,0.00089865737
1,31,0.00029868633
2,31,0.0004784232
3,31,0.00047556125
4,31,
5,31,
6,31,
7,31,
8,31,
9,31,
10,31,
11,31,
12,31,
13,31,
14,31,
15,31,
16,31,
17,31,
18,31,
19,31,
20,31,
21,31,
22,31,
23,31,
24,31,
25,31,
26,31,0.0014367606
27,31,0.0006141905
28,31,0.0005878564
29,31,0.00051906984
30,31,0.00060223695
31,31,0.00084007997
32,31,0.00047265925
33,31,0.0005087182
34,31,0.00042554457
35,31,6.5034255e-06
36,31,0.00037830416
37,31,0.00012486055
38,31,0.00044795033
39,31,0.00016558822
40,31,0.0007927129
41,31,7.614773e-05
42,31,0.00043037068
43,31,0.0005762549
44,31,0.00072191283
45,31,6.837491e-05
46,31,0.0006542392
47,31,0.0003698673
48,31,0.0004980471
49,31,0.00037560612
50,31,0.00024927594
51,31,0.000153929
52,31,-0.00014314428
53,31,0.000648465
54,31,0.0012520477
55,31,0.000313933
56,31,0.0008254871
57,31,0.00077786297
58,31,0.00085837673
59,31,0.0005165702
60,31,0.00040231738
61,31,0.00071702525
62,31,0.00064772274
63,31,-1.3895333e-06
64,31,0.0006874893
65,31,0.00080971513
66,31,-3.0211173e-05
67,31,
68,31,
69,31,
70,31,
71,31,
72,31,
73,31,
74,31,
75,31,
76,31,
77,31,
78,31,0.0004513804
79,31,9.552948e-05
80,31,
81,31,0.0004992606
82,31,0.00091852713
83,31,0.00077601336
84,31,0.00083024614
85,31,
86,31,
87,31,
88,31,
89,31,
90,31,
91,31,
92,31,
93,31,0.00036748778
94,31,0.0009238953
95,31,-0.00015246961
96,31,0.0006804932
97,31,0.0005316753
98,31,0.0006543789
99,31,0.00062321033
100,31,0.00059581455
101,31,0.0008226568
102,31,0.001191075
103,31,0.00015020743
104,31,0.0005672015
105,31,4.763063e-05
106,31,0.00053533074
107,31,
108,31,
109,31,
110,31,0.0008305516
111,31,0.0003897408
112,31,0.0004949169
113,31,0.0006766999
114,31,0.0009269547
115,31,0.0006414447
116,31,0.0005329568
117,31,0.0005426537
118,31,0.0012720041
119,31,6.424915e-05
120,31,0.0005168747
121,31,-0.00032012258
122,31,0.0010598935
123,31,
124,31,
125,31,
126,31,
127,31,
128,31,
129,31,
130,31,
131,31,0.00038390886
132,31,0.00062109623
133,31,0.0005713897
134,31,0.00051893014
135,31,-4.850235e-05
136,31,0.000375757
137,31,7.261522e-06
138,31,0.0005842624
139,31,0.0008865269
140,31,0.00023623183
141,31,0.000695006
142,31,6.603263e-05
143,31,0.00055435114
144,31,0.00043475162
145,31,0.0008483175
146,31,0.00059800874
147,31,0.00043280981
148,31,0.0004892945
149,31,-6.314367e-06
150,31,0.0003474271
151,31,0.00041343458
152,31,0.00020746328
153,31,0.0012896573
154,31,0.00019314326
155,31,0.00065684505
156,31,0.0005678134
157,31,3.9002858e-05
158,31,0.00043207686
159,31,0.00086217374
160,31,0.00054679066
161,31,0.0002991669
162,31,0.00097029563
163,31,0.00036322046
164,31,0.00013049413
165,31,0.00038043223
166,31,0.00066544674
167,31,3.6037527e-05
168,31,0.0005058488
169,31,0.0006564539
170,31,0.00022550859
171,31,0.000438123
172,31,0.00042991992
173,31,0.00052167475
174,31,0.00060420483
175,31,0.000932741
176,31,0.0008897614
177,31,0.0004170593
178,31,0.0005609412
179,31,0.0010100454
180,31,0.00014071446
181,31,0.00070561655
182,31,-7.714704e-05
183,31,0.00054376666
184,31,0.00010198634
185,31,0.00026246626
186,31,0.000527828
187,31,0.00030279532
188,31,0.00023671705
189,31,0.00018598884
190,31,0.00086011365
191,31,0.00012776535
192,31,0.00011151284
193,31,0.0005476773
194,31,0.0002994705
195,31,-0.00015996676
196,31,0.0007858658
197,31,0.0003683623
198,31,-0.0004506316
199,31,2.681464e-05
200,31,6.906688e-05
201,31,0.00023141596
202,31,0.0006101895
203,31,0.00043582544
204,31,0.00058044586
205,31,0.00069791917
206,31,0.001327741
207,31,0.0006956253
208,31,0.00021734461
209,31,0.00021228194
210,31,0.0003322065
211,31,0.0006665755
212,31,0.00047847163
213,31,0.0005157925
214,31,0.0006980682
215,31,0.00033205748
216,31,0.0006220341
217,31,0.00058741774
218,31,0.00032231025
219,31,0.0007780837
220,31,0.0010579554
221,31,0.00035713054
222,31,-3.8389117e-06
223,31,-0.00036299136
224,31,0.001105221
225,31,0.00055825245
226,31,0.0005513206
227,31,0.000111221336
228,31,0.0002708612
229,31,-5.710963e-05
230,31,0.00042512827
231,31,0.001109207
232,31,0.00022694748
233,31,0.00031502545
234,31,0.00038702507
235,31,0.0006418824
236,31,0.0005715899
237,31,0.0006436147
238,31,0.00037035998
239,31,8.127559e-05
240,31,0.00039471965
241,31,0.00060688704
242,31,0.00025537796
243,31,0.00017569028
244,31,0.0004455652
245,31,0.00018660165
246,31,0.0005289363
247,31,0.00022763293
248,31,0.0006830003
249,31,1.29388645e-05
250,31,0.0006201966
251,31,-0.0001210561
252,31,0.0011387635
253,31,0.0003001513
254,31,0.00040647294
255,31,0.00045698695
256,31,0.00021975208
257,31,0.0013082735
258,31,0.0002031764
259,31,0.00029280782
260,31,0.0006506229
261,31,0.00054083485
262,31,0.00074893143
263,31,0.0008827932
264,31,0.0006109653
265,31,0.00030400604
266,31,0.0008551758
267,31,0.00073918235
268,31,0.00072573964
269,31,0.0005218154
270,31,0.0006449986
271,31,2.67094e-05
272,31,0.001010268
273,31,0.00066978764
274,31,0.00043176394
275,31,0.0008669216
276,31,0.00014840439
277,31,0.00049862545
278,31,0.00023390539
279,31,-7.6116994e-06
280,31,0.0007975083
281,31,0.0007951539
282,31,0.0007222723
283,31,0.00047713332
284,31,0.0007724017
285,31,0.00030233525
286,31,0.0003626598
287,31,0.00091664214
288,31,0.00012849737
289,31,0.00058104005
290,31,0.0004057847
291,31,0.00020721182
292,31,0.00041234214
293,31,0.0009106528
294,31,0.00085080694
295,31,0.0004139319
296,31,0.0008047847
297,31,0.00015810132
298,31,0.0008714525
299,31,0.00062197726
300,31,0.00031585526
301,31,0.00046266802
302,31,0.0004671812
303,31,0.0007177321
304,31,0.0012189662
305,31,0.00044744555
306,31,8.1864186e-05
307,31,0.00046658516
308,31,6.732717e-05
309,31,1.1621974e-05
310,31,0.0011268519
311,31,0.00073171966
312,31,3.202632e-05
313,31,0.0008609798
314,31,0.0003949115
315,31,0.00053194724
316,31,5.924143e-06
317,31,0.00060829706
318,31,0.0003640186
319,31,0.00061102957
320,31,0.0006174529
321,31,0.00046208035
322,31,0.0003928393
323,31,0.0005938327
324,31,0.0005568331
325,31,0.00068263337
326,31,0.0011917287
327,31,
328,31,0.0007375758
329,31,
330,31,
331,31,
332,31,
333,31,
334,31,
335,31,
336,31,
337,31,
338,31,0.00026982278
339,31,0.00054440554
340,31,0.00082360953
341,31,0.00038005877
342,31,0.00048137363
343,31,0.00073101744
344,31,0.00035485718
345,31,0.0009770766
346,31,0.00037666503
347,31,0.00087973196
348,31,0.000585367
349,31,0.00086777005
350,31,0.00056539197
351,31,0.0008592233
352,31,0.001043614
353,31,0.0010457383
354,31,0.0005086651
355,31,0.00064147264
356,31,0.00076004583
357,31,0.0005625943
358,31,0.0007934049
359,31,0.0007649055
360,31,0.0011745421
361,31,0.00060272776
362,31,0.0006166287
363,31,0.00096171536
364,31,0.0010052882
365,31,0.0013069771
366,31,0.0006371867
367,31,0.00083636586
368,31,0.00068388414
369,31,0.0010353168
370,31,0.00073602796
371,31,0.0008687228
372,31,0.0012259474
373,31,0.0003879033
374,31,0.0009324765
375,31,0.00082931016
376,31,0.0006955229
377,31,0.0007972652
378,31,0.0006409092
379,31,0.00089808274
380,31,0.0007675942
381,31,0.0006578136
382,31,0.00064741634
383,31,0.0008280184
384,31,0.0005946038
385,31,0.00067410246
386,31,0.00074194744
387,31,0.00044943206
388,31,0.00069142506
389,31,0.00012924895
390,31,0.0005229879
391,31,0.0007849103
392,31,0.0010417663
393,31,0.00077897497
394,31,0.00090252515
395,31,0.00042012148
396,31,0.0007950887
397,31,0.00055962615
398,31,0.0002148468
399,31,0.00066576153
400,31,0.00082016084
401,31,0.0006034123
402,31,0.00030681863
403,31,0.00050495565
404,31,0.00044371467
405,31,0.0004403144
406,31,-3.511738e-05
407,31,
408,31,
409,31,
410,31,
411,31,
412,31,
413,31,
414,31,
415,31,
416,31,
417,31,
418,31,
419,31,0.000288181
420,31,0.00076893996
421,31,0.00017996039
422,31,-2.3821369e-05
423,31,0.0010207621
424,31,0.0008667642
425,31,0.00017582811
426,31,0.0001685042
427,31,0.0009829681
428,31,0.0007580975
429,31,0.00047830585
430,31,0.000632599
431,31,0.0004200274
432,31,0.0003740955
433,31,0.0002734037
434,31,0.00024720188
435,31,0.00046773255
436,31,0.0005831439
437,31,0.0006051315
438,31,0.00067454483
439,31,0.00061430037
440,31,0.000508517
441,31,0.00042393338
442,31,0.0007716222
443,31,0.000113263726
444,31,0.0005463157
445,31,0.0004036622
446,31,0.001119582
447,31,0.0002877731
448,31,-3.7963502e-05
449,31,0.0011796104
450,31,0.00049011316
451,31,0.0011744685
452,31,0.0004817294
453,31,0.000938748
454,31,0.000750632
455,31,0.0004635034
456,31,0.0007379623
457,31,0.0005289307
458,31,0.0004929984
459,31,0.00047728792
460,31,0.0004477054
461,31,0.00066082925
462,31,0.0005453145
463,31,0.00045031682
464,31,9.0582296e-05
465,31,0.0002644537
466,31,0.0011892766
467,31,1.767464e-05
468,31,0.0005632229
469,31,0.00011650659
470,31,0.000342926
471,31,0.00089020096
472,31,0.00041925348
473,31,0.00025944598
474,31,0.0006761579
475,31,0.00036675576
476,31,0.00015284028
477,31,0.00054053124
478,31,0.00022030156
479,31,0.00081928447
480,31,0.00067332014
481,31,0.0008855425
482,31,0.00021409709
483,31,0.001036426
484,31,0.0005155774
485,31,0.00058037136
486,31,0.00047405064
487,31,-4.195422e-05
488,31,0.00030592736
489,31,0.00029038452
490,31,0.0003040228
491,31,5.644653e-05
492,31,0.00065516215
493,31,0.000867581
494,31,0.0002941424
0,32,0.00041582715
1,32,0.00014150701
2,32,8.159783e-05
3,32,0.00036332104
4,32,0.00089532323
5,32,
6,32,
7,32,
8,32,
9,32,
10,32,
11,32,
12,32,
13,32,
14,32,
15,32,
16,32,
17,32,
18,32,
19,32,
20,32,
21,32,
22,32,
23,32,
24,32,
25,32,
26,32,0.0006865468
27,32,0.00056432467
28,32,0.0005658157
29,32,0.0011901231
30,32,0.00040521938
31,32,0.0002271505
32,32,0.00027060136
33,32,0.0002342388
34,32,0.00023265742
35,32,0.00020993222
36,32,0.0006966507
37,32,0.0004392378
38,32,0.00049263984
39,32,0.00063569285
40,32,-8.265767e-05
41,32,0.00074840244
42,32,0.00054647494
43,32,0.0007498041
44,32,0.00031784177
45,32,0.0005201511
46,32,0.0005212063
47,32,0.00061405543
48,32,0.00043855608
49,32,0.0003017336
50,32,4.353933e-05
51,32,0.0007269867
52,32,0.0006541237
53,32,-6.5457076e-05
54,32,0.00071225315
55,32,0.00041086227
56,32,0.00032836292
57,32,0.0005926173
58,32,0.0009972109
59,32,0.00014699064
60,32,0.00011490192
61,32,0.0006399993
62,32,0.0002547456
63,32,0.0006188797
64,32,0.00048577227
65,32,0.0003013108
66,32,
67,32,
68,32,
69,32,0.0005036732
70,32,
71,32,
72,32,0.0011288356
73,32,
74,32,
75,32,
76,32,
77,32,
78,32,0.00010138191
79,32,
80,32,0.0006900504
81,32,0.00042701233
82,32,0.00024511572
83,32,0.0005779788
84,32,
85,32,
86,32,
87,32,
88,32,
89,32,
90,32,
91,32,
92,32,
93,32,0.0009376453
94,32,0.00041506812
95,32,0.0003400622
96,32,0.0004706988
97,32,0.00021807756
98,32,0.0002116235
99,32,0.0004547974
100,32,0.00012858585
101,32,7.726811e-05
102,32,0.00049616024
103,32,0.0003143754
104,32,0.00090837665
105,32,0.0006833682
106,32,
107,32,0.0010318682
108,32,
109,32,
110,32,-2.0805746e-05
111,32,0.0004561618
112,32,0.0002689045
113,32,0.0006425474
114,32,0.00049415417
115,32,0.00030467845
116,32,6.85798e-05
117,32,0.0010504276
118,32,0.00048003905
119,32,0.00078498945
120,32,0.0007511545
121,32,0.00034161564
122,32,0.0009159921
123,32,
124,32,
125,32,
126,32,
127,32,
128,32,
129,32,
130,32,
131,32,
132,32,0.00024751015
133,32,0.0002726037
134,32,0.0008716779
135,32,0.0003474839
136,32,0.0009469306
137,32,0.0005132053
138,32,0.0008428376
139,32,0.0006934311
140,32,0.0004185289
141,32,0.00089811813
142,32,0.00090708584
143,32,0.0010312377
144,32,0.0006813016
145,32,0.0009780498
146,32,0.00062384177
147,32,0.0003674319
148,32,0.00096690096
149,32,0.0007814504
150,32,0.00048345607
151,32,0.00041669235
152,32,0.0004172707
153,32,0.00073243305
154,32,0.00064507313
155,32,0.0006366903
156,32,0.0010023862
157,32,0.0004603397
158,32,0.00012327544
159,32,0.000936904
160,32,0.00022901967
161,32,0.00057868287
162,32,0.0009881668
163,32,0.00077926833
164,32,0.0009056302
165,32,0.0006257193
166,32,0.0010193316
167,32,0.00046488177
168,32,0.0004889071
169,32,0.0003402857
170,32,0.00057166256
171,32,0.0012629256
172,32,0.00012207497
173,32,0.00041248836
174,32,0.00081389956
175,32,0.00031566247
176,32,0.00073640235
177,32,0.0006956849
178,32,0.00041030627
179,32,0.00034570787
180,32,0.00013840757
181,32,0.00068210904
182,32,0.00024686102
183,32,0.00067210663
184,32,0.00044713914
185,32,0.00085398555
186,32,0.0004161615
187,32,0.0004092725
188,32,0.00015176367
189,32,0.0007137805
190,32,-0.00020173285
191,32,0.00064635463
192,32,0.00014471449
193,32,0.00022311136
194,32,0.00037963875
195,32,0.00047282595
196,32,0.00019161403
197,32,0.00045905914
198,32,0.0003193179
199,32,0.00034517143
200,32,0.00041560363
201,32,0.00096261315
202,32,0.00014479645
203,32,0.00041314028
204,32,-0.00043148268
205,32,0.00025157258
206,32,0.0005082954
207,32,0.00082118064
208,32,0.0009525204
209,32,0.0005275905
210,32,0.00015538465
211,32,0.0003896989
212,32,8.9201145e-05
213,32,0.00029999483
214,32,0.00084722973
215,32,0.0007049255
216,32,0.0007307399
217,32,0.0006512385
218,32,0.0003044
219,32,0.0001816554
220,32,-0.00010912679
221,32,0.0001653973
222,32,0.0003297506
223,32,0.00014323555
224,32,0.0006291885
225,32,0.00041257683
226,32,0.00060127396
227,32,0.00026490726
228,32,0.00087752007
229,32,0.00015693251
230,32,0.0006965706
231,32,-7.395167e-05
232,32,0.00089729764
233,32,0.0007208418
234,32,0.00020259246
235,32,0.0008289376
236,32,0.00045271404
237,32,0.00034862943
238,32,0.0003466392
239,32,0.00068914145
240,32,0.00058364775
241,32,0.00088593643
242,32,0.00033335853
243,32,0.0005756756
244,32,0.00075899437
245,32,0.0005738316
246,32,0.00040775258
247,32,0.00037157815
248,32,2.4262816e-05
249,32,6.885454e-05
250,32,-0.00012741331
251,32,-2.2944063e-05
252,32,0.000595944
253,32,0.0004447326
254,32,0.0004740404
255,32,0.00095232576
256,32,-2.3677014e-05
257,32,0.0005954588
258,32,0.00070806965
259,32,0.0006166706
260,32,0.00042412244
261,32,0.0006393334
262,32,0.0007305732
263,32,0.0005464265
264,32,0.0004299339
265,32,0.0006802399
266,32,0.00078838225
267,32,0.000823101
268,32,0.00058935024
269,32,0.00029594358
270,32,0.00056689046
271,32,0.0007186439
272,32,0.0006613033
273,32,0.0005351454
274,32,0.00058527105
275,32,0.0009271307
276,32,0.0006435169
277,32,0.00093379617
278,32,0.00051892735
279,32,0.0011422131
280,32,0.00038163364
281,32,0.0002070088
282,32,0.0009521125
283,32,0.0007354012
284,32,0.00040783826
285,32,0.00015492737
286,32,-4.6169385e-05
287,32,0.0006639045
288,32,0.00096409395
289,32,0.0007613674
290,32,0.00041360594
291,32,0.00047626067
292,32,0.00021547824
293,32,0.0004532244
294,32,0.00043407548
295,32,0.00085563865
296,32,0.000269101
297,32,0.00088786986
298,32,0.0011028014
299,32,0.00075985864
300,32,0.0005065594
301,32,0.00044360012
302,32,0.0009917393
303,32,0.0002910141
304,32,0.0010831663
305,32,0.0009958306
306,32,9.712018e-05
307,32,0.0003192844
308,32,0.00039769616
309,32,0.0006804662
310,32,-2.5783665e-05
311,32,
312,32,0.001087903
313,32,0.00095866993
314,32,0.00047094747
315,32,0.0008113431
316,32,0.0006180201
317,32,0.0003955178
318,32,0.0003214879
319,32,0.0010657785
320,32,0.0012441985
321,32,0.00049191527
322,32,0.00049934257
323,32,0.00078056473
324,32,0.001001427
325,32,0.00092219934
326,32,0.00033640023
327,32,0.0012876252
328,32,0.00078825187
329,32,
330,32,0.0006361203
331,32,
332,32,
333,32,
334,32,
335,32,
336,32,
337,32,
338,32,-0.00014232378
339,32,0.0004799692
340,32,0.00033880584
341,32,0.00020511169
342,32,4.7140755e-05
343,32,0.0007111132
344,32,0.00048084836
345,32,0.00049486104
346,32,0.00054354314
347,32,0.00063023344
348,32,0.0006534364
349,32,0.00072499923
350,32,0.00059679896
351,32,0.0003123954
352,32,0.0008775322
353,32,0.00053446833
354,32,0.00065170135
355,32,0.0006355103
356,32,0.00028003566
357,32,0.0006236164
358,32,0.0014124177
359,32,0.00043990556
360,32,0.00035556778
361,32,0.0005966639
362,32,0.0007296596
363,32,0.0006724596
364,32,0.00083699543
365,32,0.00087046437
366,32,0.00082647894
367,32,0.000772031
368,32,0.00049199536
369,32,0.0007466711
370,32,0.000983471
371,32,0.00096037984
372,32,0.0007387325
373,32,0.0005645808
374,32,0.0011792956
375,32,0.00083828904
376,32,0.0009232955
377,32,0.0007979423
378,32,0.00057849847
379,32,0.00072179735
380,32,0.0006505633
381,32,0.0007742131
382,32,0.0007182285
383,32,0.0009896914
384,32,0.000721924
385,32,0.0005392097
386,32,0.00075728074
387,32,0.0009443881
388,32,0.0002939906
389,32,0.0010494972
390,32,0.0008600652
391,32,0.0009465106
392,32,0.00036659837
393,32,0.0008943118
394,32,0.00031982642
395,32,0.0004713433
396,32,0.0007342892
397,32,0.00027397927
398,32,0.0009029927
399,32,0.00058866106
400,32,0.0008497052
401,32,0.0006025322
402,32,0.0008773366
403,32,0.0003155386
404,32,0.00016569719
405,32,0.00034768414
406,32,0.00032483414
407,32,
408,32,
409,32,
410,32,
411,32,
412,32,
413,32,
414,32,
415,32,
416,32,
417,32,
418,32,
419,32,0.0008262303
420,32,0.00049116276
421,32,0.00023172703
422,32,0.0001698155
423,32,0.00044780597
424,32,0.00050956104
425,32,0.0005667899
426,32,0.00072840974
427,32,0.00036418345
428,32,8.6166896e-05
429,32,0.00052308105
430,32,0.000219916
431,32,0.0006002737
432,32,0.000915003
433,32,0.0001227986
434,32,0.0004900852
435,32,0.0004677251
436,32,0.0005400339
437,32,0.00027185678
438,32,0.0009828787
439,32,0.0005749203
440,32,0.000554895
441,32,0.00023336895
442,32,0.0010562437
443,32,0.00085045304
444,32,0.000618916
445,32,0.00033769943
446,32,0.00024849456
447,32,0.00086569507
448,32,0.00012161862
449,32,0.0005196016
450,32,0.0006057797
451,32,0.0005446123
452,32,0.0006798841
453,32,0.0005903784
454,32,0.00085632317
455,32,0.00047452375
456,32,0.00083678216
457,32,0.0004243534
458,32,0.0002455078
459,32,-0.0003753882
460,32,0.00017108582
461,32,0.000987553
462,32,0.00012560934
463,32,0.0006880844
464,32,0.00059459824
465,32,0.00065336376
466,32,0.0009387592
467,32,0.00075928867
468,32,0.00042309985
469,32,6.471481e-05
470,32,0.0009011803
471,32,0.00034691766
472,32,0.0005418556
473,32,0.00052068755
474,32,0.00038783066
475,32,0.00021244958
476,32,0.00064227544
477,32,0.00031786505
478,32,0.0001811739
479,32,0.0005115429
480,32,0.00062671304
481,32,0.00040030573
482,32,0.0008042054
483,32,0.00045026746
484,32,0.00048456248
485,32,0.00019702502
486,32,0.0010553375
487,32,0.000650947
488,32,0.00059305876
489,32,0.00079101045
490,32,0.00063716434
491,32,0.00027070567
492,32,0.0011234311
493,32,0.0003466783
494,32,0.0005387664
0,33,0.0008270908
1,33,0.0005855756
2,33,0.00047513284
3,33,0.0009039147
4,33,0.00038892683
5,33,
6,33,
7,33,
8,33,
9,33,
10,33,
11,33,
12,33,
13,33,
14,33,
15,33,
16,33,
17,33,
18,33,
19,33,
20,33,
21,33,
22,33,
23,33,
24,33,
25,33,
26,33,-7.888675e-05
27,33,0.000629995
28,33,0.001095959
29,33,0.00081775524
30,33,0.00025812257
31,33,0.000538473
32,33,0.00048576854
33,33,0.0002053259
34,33,0.00037577748
35,33,0.00018995814
36,33,-0.0003097821
37,33,0.00041332562
38,33,0.0004200535
39,33,0.00050092395
40,33,0.00019773375
41,33,0.0007024994
42,33,0.00013195444
43,33,0.0003469279
44,33,0.00045181531
45,33,0.00059325155
46,33,0.00084721204
47,33,-3.7514605e-05
48,33,-1.8651597e-05
49,33,0.000991636
50,33,0.00035068206
51,33,0.0004240442
52,33,0.00068968907
53,33,0.00030524842
54,33,0.00056981295
55,33,0.00081299804
56,33,0.00082311314
57,33,0.0006253263
58,33,0.00073509663
59,33,0.00055943057
60,33,0.00023963768
61,33,0.00056736544
62,33,0.00059483387
63,33,0.00057353824
64,33,0.0003858516
65,33,0.00085999817
66,33,
67,33,
68,33,0.0007925462
69,33,0.0006336132
70,33,
71,33,
72,33,
73,33,
74,33,
75,33,
76,33,
77,33,
78,33,0.0002748361
79,33,0.00022999104
80,33,
81,33,
82,33,0.000444212
83,33,
84,33,
85,33,
86,33,
87,33,
88,33,
89,33,
90,33,
91,33,
92,33,
93,33,0.00031748973
94,33,0.00059479475
95,33,0.00066888146
96,33,0.00072791707
97,33,0.00058439
98,33,0.0004948471
99,33,0.0008807415
100,33,0.0005926201
101,33,0.00040367153
102,33,0.00063494686
103,33,9.682216e-05
104,33,0.0008030534
105,33,0.00019719638
106,33,0.0008468088
107,33,
108,33,
109,33,
110,33,0.00041189324
111,33,0.0008150283
112,33,0.0007758243
113,33,0.0004131645
114,33,0.00025866646
115,33,0.0003337292
116,33,0.0005465504
117,33,0.00020636804
118,33,0.00031813327
119,33,0.0006981846
120,33,0.0011527026
121,33,0.00038097892
122,33,0.0004313644
123,33,
124,33,
125,33,
126,33,
127,33,
128,33,
129,33,
130,33,
131,33,0.0004568072
132,33,0.00036425795
133,33,0.0004458325
134,33,0.00088949874
135,33,0.0006118864
136,33,0.00060383603
137,33,0.0008356748
138,33,0.0007628454
139,33,0.00059466343
140,33,0.00043309852
141,33,0.00048285536
142,33,0.00069184136
143,33,0.000364325
144,33,0.0007383395
145,33,0.00069024786
146,33,0.0006396873
147,33,0.00053457543
148,33,0.00045579858
149,33,0.0007594768
150,33,0.0002642162
151,33,0.00037098955
152,33,0.0010429677
153,33,0.00050447043
154,33,0.0004913742
155,33,0.0005584983
156,33,0.00032809004
157,33,0.000654486
158,33,0.00017837621
159,33,0.00049444754
160,33,0.00039990433
161,33,0.0008312445
162,33,0.00046914723
163,33,0.0003120033
164,33,0.0002161637
165,33,0.00039062183
166,33,0.0006783148
167,33,0.00061844196
168,33,0.0005976865
169,33,-0.00026845373
170,33,0.00021582097
171,33,0.0008520689
172,33,0.0008492442
173,33,0.00037174672
174,33,0.0007960992
175,33,-1.6426668e-05
176,33,0.0003002761
177,33,0.00050307624
178,33,0.0006849151
179,33,0.00051841233
180,33,0.00063500647
181,33,0.000502144
182,33,0.0005439203
183,33,0.00045782514
184,33,0.00016387459
185,33,4.3417327e-05
186,33,0.00095524546
187,33,0.0005556233
188,33,0.00033875555
189,33,0.0009295102
190,33,0.00060728565
191,33,0.00031561404
192,33,-0.00014817994
193,33,0.00074894633
194,33,0.00035070255
195,33,0.00031601824
196,33,0.00011214893
197,33,0.00051019527
198,33,-0.00045470428
199,33,0.000535029
200,33,0.00047685392
201,33,-0.0001302734
202,33,0.0008582203
203,33,0.0005416097
204,33,0.0006661331
205,33,0.00040572695
206,33,0.0006772019
207,33,0.00037566945
208,33,0.00024397671
209,33,0.000608067
210,33,0.00029001478
211,33,0.00014518481
212,33,0.00037500076
213,33,0.00026516896
214,33,0.000525943
215,33,0.00028774515
216,33,-0.0001433529
217,33,0.0007471377
218,33,0.0005684057
219,33,0.00073026493
220,33,0.0003876444
221,33,0.00043031666
222,33,-0.00013337657
223,33,0.000489234
224,33,0.0005207518
225,33,0.0001270296
226,33,0.0005210191
227,33,0.00030317996
228,33,0.0004197294
229,33,0.0004772637
230,33,0.00033393316
231,33,0.0006316975
232,33,0.00022272393
233,33,0.0005270848
234,33,0.0005793888
235,33,0.00074883364
236,33,0.0002476545
237,33,0.0007950673
238,33,0.0004959982
239,33,0.000599144
240,33,0.0010980358
241,33,0.00028870534
242,33,0.0013028998
243,33,0.0005538557
244,33,6.9005415e-05
245,33,0.00048115104
246,33,0.00041654706
247,33,0.00044883415
248,33,0.0004918622
249,33,0.0001519639
250,33,0.00013377424
251,33,0.00045027025
252,33,2.9084273e-05
253,33,0.00043749716
254,33,0.0003980007
255,33,0.0010040868
256,33,0.00024360046
257,33,0.00032382738
258,33,9.799376e-06
259,33,0.00076256413
260,33,0.0010040635
261,33,0.0007917816
262,33,0.00031939894
263,33,0.0007988736
264,33,0.00062191766
265,33,0.0010053497
266,33,0.00048684515
267,33,0.0007386524
268,33,0.0004878752
269,33,0.00018839352
270,33,0.0006854581
271,33,0.0010043234
272,33,0.0007026307
273,33,0.0006103795
274,33,0.0009559402
275,33,0.00068009365
276,33,0.00076603517
277,33,0.00046634767
278,33,0.0008627372
279,33,0.00038851146
280,33,0.00042589102
281,33,0.0006838143
282,33,0.00066850614
283,33,0.0006060023
284,33,-2.0210631e-05
285,33,0.0005606264
286,33,0.00011565816
287,33,0.0006983774
288,33,0.000650391
289,33,-5.449541e-05
290,33,0.000108903274
291,33,0.00029925164
292,33,0.00067084376
293,33,0.0007685041
294,33,0.0006597135
295,33,0.0008628201
296,33,0.00031187385
297,33,0.00049782544
298,33,0.0006732121
299,33,0.001315631
300,33,0.0005463194
301,33,0.0004606666
302,33,0.00037113763
303,33,0.000876829
304,33,0.0003428273
305,33,0.0004699286
306,33,4.3450855e-05
307,33,0.00043793675
308,33,0.00091639906
309,33,0.00083904713
310,33,0.00061181374
311,33,0.0006054556
312,33,-0.0002466403
313,33,0.00050293095
314,33,0.00054194685
315,33,0.0006121965
316,33,0.00043437164
317,33,0.0006613191
318,33,0.00078663696
319,33,0.0006244611
320,33,0.00046681985
321,33,0.00038600154
322,33,0.00029943697
323,33,0.00052400585
324,33,0.00029831752
325,33,0.000769184
326,33,0.0005860124
327,33,0.00052699074
328,33,0.000829082
329,33,0.0011036107
330,33,0.00065870304
331,33,0.0004215613
332,33,
333,33,
334,33,
335,33,
336,33,
337,33,
338,33,
339,33,6.788317e-05
340,33,1.5260652e-05
341,33,0.0012031542
342,33,0.0004314389
343,33,0.00021994673
344,33,0.00033022463
345,33,0.00046648644
346,33,0.0007188376
347,33,0.00047088414
348,33,0.00059087854
349,33,0.00032250397
350,33,0.0012569856
351,33,0.00035812054
352,33,0.0011123288
353,33,0.0006676186
354,33,0.0005233791
355,33,0.0006441809
356,33,0.00058972184
357,33,0.00042596273
358,33,0.00084237475
359,33,0.0007769093
360,33,0.00060032774
361,33,0.0011825655
362,33,0.00033894368
363,33,0.0005186498
364,33,0.00066649914
365,33,0.00082207285
366,33,0.001006511
367,33,0.00086622033
368,33,0.0010985564
369,33,0.00030092895
370,33,0.00088022836
371,33,0.0009505041
372,33,0.00086019
373,33,0.0006492818
374,33,0.00046273228
375,33,0.0009276243
376,33,0.0004745312
377,33,0.0005781036
378,33,0.0010295082
379,33,0.0010257773
380,33,0.00086495094
381,33,0.0008950485
382,33,0.0011385009
383,33,0.00094630383
384,33,0.00093123317
385,33,0.000851091
386,33,0.00097182207
387,33,0.0011818316
388,33,0.00075836387
389,33,0.00025357492
390,33,0.0005223276
391,33,0.0004534647
392,33,0.00063938927
393,33,4.041288e-05
394,33,0.00021458231
395,33,0.00073644146
396,33,0.00060848147
397,33,0.0009895079
398,33,0.00056360196
399,33,0.00047589839
400,33,0.00094891805
401,33,0.0008592764
402,33,-1.3491139e-05
403,33,0.0011634901
404,33,0.0002658246
405,33,0.00021021254
406,33,
407,33,
408,33,
409,33,
410,33,
411,33,
412,33,
413,33,
414,33,
415,33,
416,33,
417,33,0.0005839858
418,33,0.00029007345
419,33,0.0005376823
420,33,0.0008157436
421,33,0.0001675561
422,33,0.00054349843
423,33,0.0009773085
424,33,0.00025535095
425,33,0.00038597733
426,33,0.00047651958
427,33,0.00049405266
428,33,0.0005172808
429,33,0.0007733442
430,33,0.000120184384
431,33,0.000666691
432,33,0.0006666798
433,33,0.000437174
434,33,0.0006395802
435,33,0.00042800978
436,33,0.00029755756
437,33,0.0010175658
438,33,0.00022145733
439,33,0.00033165514
440,33,0.00065875147
441,33,0.0008430872
442,33,0.00046111457
443,33,0.0003671255
444,33,0.0006430764
445,33,0.0005132351
446,33,0.0007066345
447,33,0.0005926257
448,33,0.000760125
449,33,0.00017149188
450,33,0.00014430191
451,33,0.00031964108
452,33,0.0006057909
453,33,0.0006438736
454,33,0.0002183374
455,33,0.0002681464
456,33,-0.000113291666
457,33,7.255934e-06
458,33,0.00065342523
459,33,0.0007256204
460,33,0.00063112844
461,33,0.00055904966
462,33,0.00070589967
463,33,0.00096243527
464,33,0.00071608275
465,33,0.00060040783
466,33,0.001144805
467,33,0.0010592155
468,33,0.00034059118
469,33,0.00054792967
470,33,0.00081031304
471,33,0.00060284603
472,33,0.0009678686
473,33,0.00045996718
474,33,0.0010959366
475,33,0.00022572745
476,33,0.00048129074
477,33,0.00039186236
478,33,0.00055410434
479,33,0.0006125346
480,33,0.00072395895
481,33,0.00092175417
482,33,0.00058201235
483,33,8.329097e-05
484,33,0.0006598411
485,33,0.00055773277
486,33,0.0005457215
487,33,0.0009648362
488,33,0.00026652217
489,33,0.0008096285
490,33,0.00054846704
491,33,0.0005198661
492,33,0.0008329656
493,33,0.00027041417
494,33,0.00061978213
0,34,0.0005647335
1,34,0.0006682016
2,34,0.00045369845
3,34,0.0013263337
4,34,0.00046725478
5,34,
6,34,
7,34,
8,34,
9,34,
10,34,
11,34,
12,34,
13,34,
14,34,
15,34,
16,34,
17,34,
18,34,
19,34,
20,34,
21,34,
22,34,
23,34,
24,34,
25,34,
26,34,
27,34,0.0008029742
28,34,0.00031845924
29,34,0.0010029906
30,34,0.0003123954
31,34,0.00045051053
32,34,0.00030299462
33,34,0.000315262
34,34,-7.315166e-05
35,34,0.00061989576
36,34,0.0006294288
37,34,0.00036806893
38,34,0.0008346904
39,34,0.00035591517
40,34,0.0004911404
41,34,0.00045036804
42,34,-8.200109e-05
43,34,0.0005152086
44,34,0.00019214489
45,34,0.00013094768
46,34,-0.00018054806
47,34,0.00056282897
48,34,0.0003565224
49,34,-0.00032289978
50,34,0.0005713152
51,34,0.0008044811
52,34,0.00069782045
53,34,0.00043522194
54,34,0.0005376339
55,34,0.0007082224
56,34,0.00039069727
57,34,0.0006755078
58,34,0.00030276366
59,34,0.0012382101
60,34,0.000503093
61,34,0.00038832054
62,34,0.0010547107
63,34,0.00090747606
64,34,0.0011492381
65,34,-0.00024407543
66,34,0.0004918957
67,34,
68,34,
69,34,
70,34,
71,34,
72,34,
73,34,
74,34,
75,34,
76,34,
77,34,
78,34,
79,34,0.0009703599
80,34,0.0001587905
81,34,0.00061086845
82,34,
83,34,5.8020465e-05
84,34,5.4070726e-05
85,34,0.0005159937
86,34,0.000512613
87,34,
88,34,
89,34,
90,34,
91,34,
92,34,
93,34,0.00045372173
94,34,0.0001360206
95,34,0.00076453574
96,34,0.00032450724
97,34,0.0005172659
98,34,0.0006145956
99,34,0.0007020533
100,34,0.0004889369
101,34,-3.4892e-05
102,34,0.00024898164
103,34,0.00046292506
104,34,0.000995582
105,34,-0.00027753878
106,34,3.9149076e-05
107,34,
108,34,
109,34,
110,34,
111,34,
112,34,0.0007534884
113,34,
114,34,0.00016698707
115,34,0.00010592025
116,34,
117,34,0.00073574577
118,34,0.0012203371
119,34,9.65558e-05
120,34,0.0011464739
121,34,0.0005057091
122,34,0.0002885079
123,34,0.00041512493
124,34,
125,34,
126,34,
127,34,
128,34,
129,34,
130,34,
131,34,
132,34,0.001331266
133,34,0.00031918567
134,34,0.0005695969
135,34,0.00042523444
136,34,0.0005715918
137,34,-5.320739e-05
138,34,0.000799248
139,34,0.0007331213
140,34,0.0004697293
141,34,0.00063920394
142,34,0.00026011188
143,34,0.00046855956
144,34,0.0006015161
145,34,0.00024585705
146,34,0.00020898692
147,34,0.00075740274
148,34,0.0007141754
149,34,0.00031310692
150,34,-0.00013817474
151,34,0.0007460937
152,34,0.0006435681
153,34,0.0005289195
154,34,-9.5883384e-05
155,34,-0.00019319728
156,34,0.00045685284
157,34,0.0009948164
158,34,0.00052768644
159,34,0.00127922
160,34,0.0006730668
161,34,-3.844872e-05
162,34,0.001174178
163,34,0.0003654193
164,34,0.00055867527
165,34,0.00031747483
166,34,-0.00013908185
167,34,3.2140873e-05
168,34,0.00087153073
169,34,0.000823034
170,34,0.0003959732
171,34,0.0005803462
172,34,-9.353366e-05
173,34,0.00027183257
174,34,0.0010938533
175,34,-9.73288e-05
176,34,0.00025830138
177,34,0.00093398895
178,34,0.00054298714
179,34,0.00024014339
180,34,0.0005495567
181,34,0.00048146956
182,34,0.0006716754
183,34,0.0008992357
184,34,0.0007508537
185,34,0.00019924995
186,34,0.0006042989
187,34,0.0001411708
188,34,4.110299e-05
189,34,0.00020982698
190,34,0.0004095547
191,34,0.000329623
192,34,0.0008166246
193,34,0.0010807086
194,34,0.00046662707
195,34,0.0004533874
196,34,0.00017510355
197,34,0.0006825784
198,34,0.00017960928
199,34,0.0005978737
200,34,0.0003988836
201,34,0.00023138896
202,34,0.0001815632
203,34,0.00040397048
204,34,0.00043832604
205,34,0.00020532683
206,34,0.0005002087
207,34,0.00029849727
208,34,5.615875e-05
209,34,0.00050992146
210,34,0.00023912359
211,34,0.00030869804
212,34,0.000630836
213,34,0.00023628585
214,34,0.000145562
215,34,4.4237822e-07
216,34,0.0005972106
217,34,0.00060394686
218,34,0.0006733313
219,34,0.0008855667
220,34,0.0008159615
221,34,0.00057658367
222,34,0.0004763957
223,34,0.0005108807
224,34,0.00070294086
225,34,-5.5681914e-05
226,34,0.0007099444
227,34,-0.00024497975
228,34,0.000599931
229,34,0.00060698576
230,34,0.0009989645
231,34,0.0004769368
232,34,0.0006953981
233,34,-0.00037252065
234,34,-7.262174e-05
235,34,-0.00019398145
236,34,0.0005533304
237,34,0.0005265968
238,34,0.00011692662
239,34,0.00047155004
240,34,0.0005493313
241,34,0.0006992556
242,34,0.00074104033
243,34,0.000388965
244,34,0.00038052723
245,34,7.84304e-05
246,34,0.0004695682
247,34,0.0002664579
248,34,0.00079840794
249,34,0.00047436543
250,34,0.0007179845
251,34,0.00020166766
252,34,0.0003800094
253,34,0.0001585111
254,34,0.0009615049
255,34,0.0011640377
256,34,0.00034678355
257,34,0.0003287373
258,34,0.000509019
259,34,0.0006753821
260,34,0.0007772865
261,34,0.0004465198
262,34,0.00043836702
263,34,0.00078360364
264,34,0.00041781552
265,34,0.00027023163
266,34,0.0005961694
267,34,0.0006028563
268,34,0.0006506825
269,34,0.0005860543
270,34,0.0006945953
271,34,0.00076945126
272,34,0.00066911057
273,34,0.0004508542
274,34,0.0007325616
275,34,0.0008148132
276,34,0.0011465205
277,34,0.00012002885
278,34,0.0011744462
279,34,0.0005992949
280,34,0.00041169394
281,34,0.0001379624
282,34,0.00057093054
283,34,0.00010926556
284,34,0.0005626455
285,34,0.00051013567
286,34,0.00030875672
287,34,0.00034738705
288,34,0.0006788252
289,34,0.0003120834
290,34,0.00058451295
291,34,0.0010830685
292,34,0.00032949727
293,34,0.00035593007
294,34,0.0010133572
295,34,0.0010098461
296,34,0.00078585465
297,34,0.0010650875
298,34,-0.0001756791
299,34,0.0010871356
300,34,0.00076299906
301,34,0.0008916501
302,34,0.00082068704
303,34,0.00088316575
304,34,0.0006073108
305,34,0.0003965944
306,34,0.00018153992
307,34,0.0005961936
308,34,8.575339e-05
309,34,0.00023733452
310,34,0.0004986124
311,34,0.00035710726
312,34,0.00027689151
313,34,0.00012745056
314,34,0.0006205039
315,34,0.0007604165
316,34,0.0006796159
317,34,0.0008441927
318,34,0.00036280602
319,34,0.0010351297
320,34,0.0008583609
321,34,0.00063536316
322,34,0.0009951089
323,34,0.0011960361
324,34,0.0012762519
325,34,0.0009887386
326,34,0.00011331588
327,34,0.00070967525
328,34,0.00073242
329,34,0.00070375577
330,34,0.00036123302
331,34,0.0002818415
332,34,
333,34,
334,34,
335,34,
336,34,
337,34,
338,34,0.00070192385
339,34,0.00029246416
340,34,0.00057190564
341,34,0.000900113
342,34,0.00066274963
343,34,0.0002586944
344,34,0.00073561445
345,34,0.0012221318
346,34,0.00039330684
347,34,0.00091969967
348,34,0.00010822993
349,34,0.00042780302
350,34,0.0009594383
351,34,0.0006690584
352,34,0.00043210294
353,34,0.0009439923
354,34,0.00071968697
355,34,0.00039754156
356,34,0.000649062
357,34,0.00048616063
358,34,0.00077218004
359,34,0.0003176052
360,34,0.0009735767
361,34,0.00061157066
362,34,0.0007843282
363,34,0.0005051922
364,34,0.0006393669
365,34,6.689783e-05
366,34,0.00086676516
367,34,0.0007708734
368,34,0.00083096884
369,34,0.00086948555
370,34,0.0008948706
371,34,0.0005680062
372,34,0.00060785934
373,34,0.0007641148
374,34,0.0008777473
375,34,0.0007258449
376,34,0.0006630458
377,34,0.00046308897
378,34,0.000382673
379,34,0.0005754605
380,34,0.00064796954
381,34,0.0010849833
382,34,0.00063420646
383,34,0.0007409118
384,34,0.00047862902
385,34,0.0006842846
386,34,0.00066883955
387,34,0.0006537726
388,34,0.00031838473
389,34,0.0008287905
390,34,0.00027408265
391,34,0.00056046713
392,34,0.0006144233
393,34,0.00055730436
394,34,0.0006233528
395,34,0.00046324264
396,34,0.0005770875
397,34,0.00039130636
398,34,0.00076382793
399,34,0.0005831085
400,34,0.00022030249
401,34,0.00048547518
402,34,3.3495948e-05
403,34,0.0011579655
404,34,0.00059830304
405,34,8.528866e-05
406,34,
407,34,
408,34,
409,34,
410,34,
411,34,
412,34,
413,34,
414,34,
415,34,
416,34,
417,34,0.00068827067
418,34,0.0006136773
419,34,0.00013463944
420,34,0.0006831903
421,34,0.00039174221
422,34,0.00014323927
423,34,0.0005290648
424,34,0.00053985976
425,34,0.00012734812
426,34,0.0008629048
427,34,0.00037365034
428,34,0.0007219501
429,34,0.0009137839
430,34,0.00042993855
431,34,0.00081633497
432,34,5.9662387e-05
433,34,0.00096785557
434,34,0.0010762122
435,34,0.00081323273
436,34,1.5739352e-06
437,34,0.00036841072
438,34,0.0006583622
439,34,0.0005311519
440,34,0.0007232735
441,34,0.00068390183
442,34,0.0005472973
443,34,0.0008780174
444,34,0.00085388776
445,34,0.0007209843
446,34,0.00092620496
447,34,0.00041453913
448,34,0.0003838297
449,34,0.0008035097
450,34,0.00043094624
451,34,0.0004655812
452,34,0.0005028378
453,34,0.0005578762
454,34,0.00027732272
455,34,0.00047801528
456,34,0.00018053968
457,34,0.00058925524
458,34,0.0002862718
459,34,0.00036771316
460,34,0.00093664974
461,34,0.00039165653
462,34,0.0006737886
463,34,0.0009436337
464,34,0.0009363247
465,34,0.0006980449
466,34,0.0007351469
467,34,0.00010261685
468,34,0.000346479
469,34,0.00076997094
470,34,0.00065106247
471,34,0.00034984108
472,34,8.81115e-05
473,34,0.00073616486
474,34,0.00038797688
475,34,0.00022121519
476,34,0.00049695745
477,34,0.0005278569
478,34,0.0004952792
479,34,0.00018231291
480,34,0.00025985483
481,34,0.00044061802
482,34,5.8965757e-05
483,34,0.0005804077
484,34,0.00013772212
485,34,0.00027811527
486,34,0.00069060083
487,34,0.0006334316
488,34,0.00083091855
489,34,0.00049945805
490,34,0.0003945874
491,34,0.00019836891
492,34,0.00039488077
493,34,0.00070214644
494,34,0.00064757
0,35,0.0006860038
1,35,0.0010811957
2,35,0.00061931927
3,35,0.00015411247
4,35,0.00093509164
5,35,0.0009349771
6,35,
7,35,
8,35,
9,35,
10,35,
11,35,
12,35,
13,35,
14,35,
15,35,
16,35,
17,35,
18,35,
19,35,
20,35,
21,35,
22,35,
23,35,
24,35,
25,35,
26,35,
27,35,0.0005222568
28,35,0.0007624412
29,35,0.0009118803
30,35,0.00071417633
31,35,0.0005563367
32,35,0.0007616123
33,35,0.00021941308
34,35,0.00040940568
35,35,0.00028184522
36,35,0.00042699743
37,35,0.00030391756
38,35,0.0006961087
39,35,0.0008313479
40,35,0.00034620054
41,35,0.00034327805
42,35,0.0008600671
43,35,0.00033485983
44,35,0.0007319795
45,35,0.00015529897
46,35,0.0006447779
47,35,0.0005713934
48,35,0.00097501464
49,35,-9.169709e-05
50,35,0.0004436858
51,35,0.00015201699
52,35,0.00043352507
53,35,0.0006797537
54,35,0.0001655668
55,35,0.0005626809
56,35,0.0010019839
57,35,0.0004980955
58,35,0.00089197233
59,35,0.0005880464
60,35,0.00034998823
61,35,0.0006291792
62,35,0.0004260298
63,35,0.00016778521
64,35,0.0002543861
65,35,-8.3848834e-05
66,35,0.00055736117
67,35,0.00031169504
68,35,0.00049027335
69,35,0.00037585478
70,35,0.0007263515
71,35,
72,35,0.0011572866
73,35,
74,35,
75,35,
76,35,
77,35,0.00054400787
78,35,0.00016016047
79,35,0.0009962507
80,35,-0.00017081294
81,35,
82,35,0.00023355056
83,35,0.00094837416
84,35,
85,35,9.3687326e-05
86,35,0.0008203555
87,35,
88,35,
89,35,
90,35,
91,35,
92,35,
93,35,-8.9158304e-05
94,35,0.00071718637
95,35,0.0003128117
96,35,0.0007980326
97,35,0.0009479411
98,35,0.00024542585
99,35,0.0008183541
100,35,0.0007707421
101,35,0.00046569016
102,35,4.5528635e-05
103,35,0.00025184453
104,35,0.00081931334
105,35,0.00070588104
106,35,
107,35,
108,35,
109,35,
110,35,
111,35,
112,35,
113,35,
114,35,0.00041706488
115,35,
116,35,0.00015539769
117,35,0.00031493604
118,35,0.0014367653
119,35,0.0006228043
120,35,0.00014833268
121,35,0.00045223814
122,35,0.00086367317
123,35,
124,35,
125,35,
126,35,
127,35,
128,35,
129,35,
130,35,
131,35,
132,35,
133,35,0.00037616026
134,35,0.00068840757
135,35,0.0009774482
136,35,0.00030660816
137,35,0.000750646
138,35,0.00049041584
139,35,0.00074883923
140,35,0.0007898314
141,35,0.0009016022
142,35,0.00038453378
143,35,0.00034647994
144,35,0.0005310867
145,35,0.00039574038
146,35,0.0002098037
147,35,0.0011741435
148,35,0.0005656108
149,35,0.00044374354
150,35,0.000549227
151,35,0.0006794166
152,35,0.00066427886
153,35,0.0006808806
154,35,0.0004722057
155,35,-7.6012686e-05
156,35,0.0001624981
157,35,7.3555857e-06
158,35,0.0006401818
159,35,0.00043547899
160,35,0.00079648104
161,35,0.00014332868
162,35,0.00034900662
163,35,0.00043902267
164,35,0.0007330049
165,35,0.0012288988
166,35,-7.970445e-05
167,35,0.00045121275
168,35,0.0002368791
169,35,0.00015671365
170,35,0.00058230944
171,35,0.00051243696
172,35,0.00042345934
173,35,0.00059549883
174,35,0.00036357995
175,35,-0.00016679335
176,35,0.00019116141
177,35,0.00032688305
178,35,0.00031909999
179,35,0.0004972797
180,35,0.00063098595
181,35,0.0001353547
182,35,0.0003368426
183,35,0.00057980884
184,35,0.0010054586
185,35,0.00068853144
186,35,0.00014729891
187,35,0.00026202202
188,35,0.00025117584
189,35,0.0002974607
190,35,0.00069393776
191,35,0.00033914112
192,35,0.0006182622
193,35,0.00019991305
194,35,8.6216256e-05
195,35,0.0004993733
196,35,0.0011994466
197,35,0.00040454045
198,35,0.0003812611
199,35,-0.00023282506
200,35,0.0009613931
201,35,0.00024878886
202,35,0.00035582576
203,35,0.0003031036
204,35,0.00039784983
205,35,0.0005539041
206,35,7.9278834e-05
207,35,0.00051663164
208,35,0.00041362364
209,35,0.00050032884
210,35,0.0005668504
211,35,0.000230629
212,35,0.00056149904
213,35,0.00031410065
214,35,-0.00041305367
215,35,0.0001953654
216,35,1.7303973e-06
217,35,0.0004480416
218,35,0.00016404223
219,35,-0.00015368126
220,35,-8.920301e-05
221,35,0.00010022521
222,35,0.00030587986
223,35,0.00039865077
224,35,0.00070905406
225,35,0.0005888138
226,35,0.0005909195
227,35,0.0007764064
228,35,0.000302271
229,35,0.0006750813
230,35,0.0008578319
231,35,0.0004092222
232,35,0.00039450265
233,35,0.0005606264
234,35,-0.00018002838
235,35,-7.472187e-05
236,35,0.00038671028
237,35,0.0006259447
238,35,0.0006325003
239,35,0.00078728143
240,35,0.00014523417
241,35,0.00018564612
242,35,-4.395563e-05
243,35,0.0011418704
244,35,0.0008263793
245,35,0.00057569053
246,35,0.0009790743
247,35,0.00019759964
248,35,2.9501505e-05
249,35,0.0008384995
250,35,0.00020694546
251,35,0.0005531106
252,35,0.00013674889
253,35,0.00012193527
254,35,0.0005737087
255,35,0.00036649685
256,35,4.6561472e-05
257,35,0.00027205423
258,35,0.00031529553
259,35,0.00042086374
260,35,0.00072471146
261,35,0.00069591124
262,35,0.00036998373
263,35,0.00043005776
264,35,0.0004360322
265,35,0.00089658424
266,35,0.0009830799
267,35,0.0005014092
268,35,0.0005411748
269,35,0.00081487186
270,35,0.00052392855
271,35,0.00071138237
272,35,0.00054310076
273,35,0.00040233228
274,35,0.0008310536
275,35,0.0007721167
276,35,0.0005464526
277,35,0.00063594524
278,35,0.0007768711
279,35,0.0005116947
280,35,0.00050967466
281,35,0.00011255685
282,35,0.0002735434
283,35,0.0005945889
284,35,0.0010846518
285,35,0.00018912181
286,35,0.00038345996
287,35,-2.0394102e-05
288,35,0.00038130302
289,35,0.0004248619
290,35,0.0003230106
291,35,0.00071437843
292,35,0.00057387445
293,35,0.00046995003
294,35,0.00048979744
295,35,0.0004074555
296,35,0.00023728516
297,35,0.0007703267
298,35,0.00033326354
299,35,0.0004066229
300,35,0.0010137372
301,35,0.00069237594
302,35,0.0005690437
303,35,0.00077963714
304,35,0.00046168827
305,35,0.000359877
306,35,0.0007790923
307,35,0.00079557486
308,35,0.0006401604
309,35,0.0005156873
310,35,0.00054492615
311,35,0.00079948176
312,35,0.0005583139
313,35,8.469168e-05
314,35,0.00053052045
315,35,0.00047598593
316,35,0.00035222806
317,35,0.00082525145
318,35,0.0011588428
319,35,0.0005037002
320,35,0.00076257344
321,35,0.00014474429
322,35,0.00058452133
323,35,0.0003317073
324,35,0.0012700856
325,35,0.00081362016
326,35,1.4942139e-05
327,35,0.00028035976
328,35,9.4031915e-05
329,35,5.7631172e-05
330,35,
331,35,0.00044789165
332,35,
333,35,
334,35,0.0010826401
335,35,0.0003549233
336,35,
337,35,
338,35,-0.0002933722
339,35,0.0009369217
340,35,0.00092784315
341,35,-0.00020874944
342,35,0.00037834328
343,35,0.0002087513
344,35,0.00046957005
345,35,0.00082791224
346,35,0.0008636145
347,35,0.00086919963
348,35,0.00075027253
349,35,0.0008086022
350,35,0.0006295433
351,35,0.0006077038
352,35,0.00060188025
353,35,0.00090208557
354,35,0.0007790439
355,35,0.00047135074
356,35,0.0010758201
357,35,0.00051471125
358,35,0.00024058297
359,35,0.001019109
360,35,0.0009995848
361,35,0.0005488135
362,35,0.00078957435
363,35,0.00093873404
364,35,0.0010666866
365,35,0.00059130695
366,35,0.0004564235
367,35,0.0007757861
368,35,0.0009014746
369,35,0.00089585036
370,35,0.0012383573
371,35,0.00088746566
372,35,0.00058818795
373,35,0.0009720521
374,35,0.0010095546
375,35,0.0005722139
376,35,0.0008171769
377,35,0.0009483816
378,35,0.0009110691
379,35,0.00048773922
380,35,0.0006436473
381,35,0.0003313087
382,35,0.0005992651
383,35,7.345341e-06
384,35,0.00011167396
385,35,0.0008112788
386,35,0.00066313986
387,35,0.00062112045
388,35,0.0010008793
389,35,0.0006655017
390,35,0.00053000916
391,35,0.0008018166
392,35,0.00013528578
393,35,0.00016209204
394,35,-1.7724931e-05
395,35,-0.00027485378
396,35,0.00079263747
397,35,0.0006047953
398,35,0.00068708416
399,35,0.0005895775
400,35,0.00027940236
401,35,0.0007879352
402,35,0.00092843827
403,35,0.0004617842
404,35,0.00053093676
405,35,
406,35,
407,35,
408,35,
409,35,
410,35,
411,35,
412,35,
413,35,
414,35,
415,35,
416,35,0.0008637989
417,35,0.00030334573
418,35,0.0008241646
419,35,0.00097003765
420,35,0.0007291967
421,35,0.0005843928
422,35,0.0006403513
423,35,0.0007308014
424,35,0.0005192384
425,35,-7.820595e-05
426,35,-0.0003373362
427,35,0.00054081436
428,35,0.00016131625
429,35,0.00038003176
430,35,0.00036126934
431,35,0.00097656064
432,35,0.00022613723
433,35,0.0005627107
434,35,0.00018766336
435,35,0.00086917076
436,35,0.00021920633
437,35,0.0001515802
438,35,0.0004585376
439,35,0.00037966948
440,35,0.0003578337
441,35,0.00046632066
442,35,8.521695e-05
443,35,0.0005653389
444,35,0.00023848657
445,35,0.0004831925
446,35,0.00010481477
447,35,0.00092031434
448,35,0.00075007137
449,35,5.586073e-06
450,35,0.00034058467
451,35,0.00015301816
452,35,0.00047272723
453,35,0.00027713832
454,35,0.0006344747
455,35,0.00020653382
456,35,0.0006288914
457,35,0.0008319989
458,35,0.00046527945
459,35,0.0005180845
460,35,0.00040458236
461,35,0.00014736596
462,35,0.0007973714
463,35,0.00077920686
464,35,0.0004870277
465,35,0.00047219172
466,35,0.0005805213
467,35,0.00090505835
468,35,0.00042861234
469,35,0.0009292606
470,35,0.00031336863
471,35,0.00091035943
472,35,0.00025464594
473,35,0.00034689903
474,35,0.0002999762
475,35,0.00046473276
476,35,-7.470511e-05
477,35,0.00023714826
478,35,0.00070641004
479,35,0.00051754434
480,35,0.00046889577
481,35,0.00068477355
482,35,0.0006449446
483,35,0.0004950464
484,35,0.00034430623
485,35,0.00036903564
486,35,0.00089467224
487,35,0.0008248603
488,35,0.00051990803
489,35,7.051509e-05
490,35,0.0001496505
491,35,0.00052155275
492,35,0.00030601025
493,35,0.0008467287
494,35,0.00072276406
0,36,0.00018090196
1,36,0.00055098627
2,36,0.00050038844
3,36,0.0005703904
4,36,0.00047550257
5,36,
6,36,
7,36,
8,36,
9,36,
10,36,
11,36,
12,36,
13,36,
14,36,
15,36,
16,36,
17,36,
18,36,
19,36,
20,36,
21,36,
22,36,
23,36,
24,36,
25,36,
26,36,
27,36,0.00042742956
28,36,0.0006627161
29,36,0.00055246335
30,36,0.00012636743
31,36,0.00026111864
32,36,-3.7939288e-05
33,36,0.00071902014
34,36,0.0007040007
35,36,0.00048727728
36,36,0.00042277947
37,36,0.0002875086
38,36,0.00041909795
39,36,0.0007525459
40,36,0.0008898154
41,36,0.0005644979
42,36,0.00042360555
43,36,0.0006823484
44,36,0.00043186639
45,36,0.0006972905
46,36,0.00020992011
47,36,0.00051904377
48,36,0.0009565884
49,36,6.091688e-05
50,36,-8.172356e-06
51,36,0.00029482692
52,36,0.00063351076
53,36,0.0006033387
54,36,0.0005260911
55,36,0.0002674777
56,36,0.0005229693
57,36,0.00030064676
58,36,0.00030799862
59,36,0.0011501713
60,36,0.0004156828
61,36,0.0005921945
62,36,0.00084158685
63,36,0.0007298179
64,36,0.00068431254
65,36,0.0006845519
66,36,
67,36,0.00041398033
68,36,0.00053426716
69,36,0.0007219687
70,36,0.00080576725
71,36,0.0005657654
72,36,
73,36,0.000743147
74,36,
75,36,
76,36,
77,36,
78,36,0.00089204125
79,36,0.000694097
80,36,0.0008182386
81,36,0.00073239487
82,36,0.0007133279
83,36,0.0003604442
84,36,0.00063205697
85,36,0.0009000413
86,36,0.00049992744
87,36,0.000875772
88,36,
89,36,
90,36,
91,36,
92,36,
93,36,0.0005508298
94,36,0.0004796153
95,36,0.0006487034
96,36,0.0007960517
97,36,0.00037666317
98,36,0.00013189577
99,36,0.0008355817
100,36,0.00047761202
101,36,0.0004566554
102,36,0.00021167286
103,36,0.00013150461
104,36,0.00013322663
105,36,-8.728355e-05
106,36,
107,36,
108,36,
109,36,
110,36,0.0006391788
111,36,
112,36,
113,36,
114,36,
115,36,0.00034143496
116,36,0.00047275238
117,36,0.0012520645
118,36,0.0004151333
119,36,0.00040174462
120,36,0.00083429925
121,36,0.00065036584
122,36,0.00017646886
123,36,
124,36,
125,36,
126,36,0.0004664641
127,36,
128,36,
129,36,
130,36,
131,36,
132,36,
133,36,0.0012891889
134,36,0.00019308552
135,36,0.0006561624
136,36,0.00037408434
137,36,0.000321812
138,36,0.000644695
139,36,0.0008222917
140,36,0.0009111753
141,36,0.0007240297
142,36,0.0009746384
143,36,0.00033066794
144,36,0.00063089374
145,36,0.00031705294
146,36,0.0008256035
147,36,-3.7059188e-05
148,36,0.001038894
149,36,0.0004819911
150,36,0.0003868295
151,36,0.00036625192
152,36,0.0004163524
153,36,0.0006475961
154,36,0.00020622555
155,36,0.0005054129
156,36,0.00041905977
157,36,0.0010889359
158,36,0.0005765259
159,36,0.00027501397
160,36,0.0004908703
161,36,0.0008411687
162,36,0.00072846
163,36,0.00019654538
164,36,0.00075872056
165,36,0.00029485673
166,36,0.00044171512
167,36,7.806346e-06
168,36,0.00031586643
169,36,0.0004459424
170,36,0.0007670466
171,36,0.0008066604
172,36,0.00041987095
173,36,8.6391345e-05
174,36,0.00056634843
175,36,0.00044774078
176,36,0.00025678333
177,36,0.00045380928
178,36,0.00047879666
179,36,0.0010872241
180,36,0.00046825875
181,36,0.0005867202
182,36,2.1355227e-05
183,36,0.00043535884
184,36,0.0003112061
185,36,0.00030734576
186,36,-0.00026471354
187,36,0.00080381986
188,36,-2.5066547e-05
189,36,0.00037936494
190,36,0.00067942217
191,36,0.0007541869
192,36,0.00032041594
193,36,0.000446924
194,36,0.00044801738
195,36,0.00080321543
196,36,-9.879749e-05
197,36,0.00033362396
198,36,-3.3825636e-05
199,36,0.0005464107
200,36,0.00035807956
201,36,0.00024060253
202,36,0.0003185207
203,36,0.0006315969
204,36,0.00045503583
205,36,0.0009523919
206,36,8.533709e-05
207,36,0.0007048715
208,36,0.00038626324
209,36,0.00010023173
210,36,0.00062896404
211,36,0.00032605324
212,36,-0.00035293028
213,36,0.00023024809
214,36,0.0005245423
215,36,2.6115216e-05
216,36,0.00024048425
217,36,1.4653429e-05
218,36,0.0008211788
219,36,0.0002879845
220,36,0.0006730333
221,36,0.00059679337
222,36,0.00079880655
223,36,0.00066778064
224,36,0.00063931756
225,36,0.00024665706
226,36,0.0004941141
227,36,0.0008571502
228,36,0.00022796541
229,36,0.00051779114
230,36,9.8405406e-05
231,36,0.00042638276
232,36,0.00014683884
233,36,0.00022538006
234,36,0.00051382184
235,36,6.3499436e-05
236,36,0.00023198593
237,36,0.00028333534
238,36,0.0002738973
239,36,0.0009881426
240,36,9.26638e-05
241,36,2.6762486e-05
242,36,0.0009815544
243,36,0.00024333224
244,36,0.000524234
245,36,0.0003375616
246,36,0.00039345864
247,36,0.00080590416
248,36,0.00029851496
249,36,0.00028263777
250,36,0.00050522666
251,36,0.0007767491
252,36,0.0008111093
253,36,0.0008256994
254,36,0.0002280213
255,36,0.0004298007
256,36,0.0002838457
257,36,0.00064884126
258,36,0.0006485898
259,36,0.0006144019
260,36,0.0010070838
261,36,0.00067141186
262,36,0.00040459074
263,36,0.00069725607
264,36,0.00065234303
265,36,0.0006639138
266,36,0.00027138833
267,36,0.00069016963
268,36,0.0007994892
269,36,0.000600419
270,36,0.0009680651
271,36,-8.792244e-05
272,36,0.00078967586
273,36,0.0007357197
274,36,-3.737863e-05
275,36,0.00051590987
276,36,0.00063636526
277,36,0.0005276259
278,36,0.0006891852
279,36,0.00023465138
280,36,0.0007138187
281,36,0.00047787
282,36,0.00034167338
283,36,0.00055867527
284,36,0.000275895
285,36,0.0008272808
286,36,0.00052544475
287,36,0.00064448547
288,36,0.00064468663
289,36,0.00050761644
290,36,0.00013259612
291,36,0.00080275163
292,36,0.000829434
293,36,0.0007229401
294,36,0.000549376
295,36,0.00066955946
296,36,0.00068537425
297,36,0.00065598916
298,36,0.0006245151
299,36,0.00070329383
300,36,0.0003770534
301,36,0.00019649416
302,36,0.00028166268
303,36,0.0002633743
304,36,0.00077659823
305,36,0.0008267965
306,36,0.001366429
307,36,0.00062276516
308,36,0.00048835576
309,36,0.00044993777
310,36,0.0008095354
311,36,0.0007925052
312,36,0.00013297237
313,36,0.00085572153
314,36,0.001190451
315,36,0.0005049864
316,36,0.00025391765
317,36,0.00039310567
318,36,0.0008188104
319,36,0.0006151181
320,36,0.0005872799
321,36,0.0007971944
322,36,0.0003189994
323,36,0.0011671092
324,36,0.0007764846
325,36,0.000241776
326,36,0.0003933888
327,36,0.00048471335
328,36,0.0006519705
329,36,0.00094211847
330,36,0.00046484638
331,36,0.00011101551
332,36,0.00058710016
333,36,-0.00013017282
334,36,0.00053574704
335,36,0.00040430948
336,36,
337,36,
338,36,0.0009828564
339,36,0.00025061425
340,36,0.00012837723
341,36,0.00048779044
342,36,-3.0415133e-05
343,36,0.00063943025
344,36,0.00044085179
345,36,0.00070012454
346,36,0.0002585519
347,36,6.0482882e-05
348,36,0.000967985
349,36,0.0011893492
350,36,0.0006589284
351,36,0.0008439552
352,36,0.0009050146
353,36,0.0008260496
354,36,0.00066195615
355,36,0.0004764218
356,36,0.00031622592
357,36,0.0011250908
358,36,0.0010271845
359,36,0.0010907296
360,36,0.0010593301
361,36,0.00071230344
362,36,0.0007219715
363,36,0.0007230798
364,36,0.00051837973
365,36,0.000629453
366,36,0.00042078272
367,36,0.00039184466
368,36,0.0007858444
369,36,0.0008284049
370,36,0.000903829
371,36,0.0005817646
372,36,0.0007785894
373,36,0.0009030206
374,36,0.0008613765
375,36,0.0005759625
376,36,0.00038253795
377,36,0.00033504702
378,36,0.000871812
379,36,0.0010347823
380,36,0.00020991173
381,36,0.0006460836
382,36,0.0004076669
383,36,0.00071370695
384,36,0.0007592691
385,36,0.000799072
386,36,0.00064173713
387,36,0.00055235904
388,36,0.00025786646
389,36,0.0012617977
390,36,0.00076350756
391,36,0.0011064019
392,36,0.00037913397
393,36,0.0004298892
394,36,0.0008078022
395,36,-1.1784956e-05
396,36,6.396137e-05
397,36,0.00056453235
398,36,0.00084979367
399,36,0.00095369294
400,36,0.00037090015
401,36,0.00036688428
402,36,-5.7787634e-05
403,36,0.00061788596
404,36,0.00031101704
405,36,
406,36,0.0004972201
407,36,
408,36,
409,36,
410,36,
411,36,
412,36,
413,36,
414,36,9.761937e-05
415,36,0.00020043459
416,36,0.00042530242
417,36,0.00044210348
418,36,0.00034792814
419,36,0.0008465359
420,36,0.00078474917
421,36,0.00046506897
422,36,0.0006317245
423,36,0.00058558956
424,36,0.00037025195
425,36,0.0006754743
426,36,0.0010100976
427,36,0.00073598325
428,36,0.00044840295
429,36,0.0009930693
430,36,0.00075136404
431,36,0.00018167775
432,36,0.00037536677
433,36,0.00031387992
434,36,-3.321655e-05
435,36,-0.00013390835
436,36,-0.00019259565
437,36,0.00037330016
438,36,8.582231e-05
439,36,0.0006436873
440,36,0.00032100454
441,36,0.0003612563
442,36,0.00043882616
443,36,0.00093541946
444,36,6.044563e-05
445,36,0.0011125328
446,36,0.00047699455
447,36,0.00012557022
448,36,0.0009773383
449,36,0.0006842101
450,36,0.00062075537
451,36,0.0002386272
452,36,0.0010409867
453,36,0.00042764284
454,36,9.598769e-05
455,36,0.00080133416
456,36,0.0005170433
457,36,0.0007424122
458,36,0.0005709864
459,36,0.00066795014
460,36,0.0005179327
461,36,0.00060880836
462,36,0.00040816516
463,36,0.000671966
464,36,0.0005851099
465,36,0.0009162277
466,36,0.00056294724
467,36,0.0008381121
468,36,0.0010941532
469,36,0.0006835479
470,36,0.00068777613
471,36,0.00086976774
472,36,0.00087082013
473,36,-1.6107224e-05
474,36,0.00060948543
475,36,0.0007011276
476,36,0.00061922893
477,36,0.0006004516
478,36,0.00038027018
479,36,0.0004168274
480,36,0.0006350456
481,36,0.0005389657
482,36,0.00042822398
483,36,0.00043416023
484,36,0.00038630143
485,36,9.091385e-05
486,36,0.0002560811
487,36,0.00071523245
488,36,0.00034650695
489,36,0.00022686552
490,36,7.3132105e-05
491,36,0.00086987205
492,36,0.00024656113
493,36,0.0006390121
494,36,-0.00028530508
0,37,0.00038763043
1,37,0.00077125616
2,37,0.0003361199
3,37,0.0007272186
4,37,-3.5009347e-05
5,37,0.0005484745
6,37,
7,37,
8,37,
9,37,
10,37,
11,37,
12,37,
13,37,
14,37,
15,37,
16,37,
17,37,
18,37,
19,37,
20,37,
21,37,0.001021212
22,37,
23,37,
24,37,
25,37,
26,37,
27,37,0.00025715493
28,37,3.8528815e-06
29,37,0.00022835284
30,37,0.0008240547
31,37,0.0003183512
32,37,0.00050920807
33,37,0.0003894698
34,37,0.00051261205
35,37,0.0007255804
36,37,0.00036172196
37,37,0.0007942151
38,37,0.00032205507
39,37,-8.494221e-05
40,37,0.0004168693
41,37,0.00044009648
42,37,0.0008726232
43,37,0.0003729267
44,37,0.0004296517
45,37,6.2372535e-05
46,37,0.0006683562
47,37,0.00022000074
48,37,0.0004426362
49,37,0.00053468905
50,37,-0.0002563512
51,37,0.00027156807
52,37,0.0003708331
53,37,0.00039462466
54,37,0.0008922545
55,37,0.0007186001
56,37,0.00044462457
57,37,0.00051563047
58,37,0.00058655255
59,37,0.00031913072
60,37,0.0007424168
61,37,0.00023034588
62,37,0.00011968054
63,37,0.00041837338
64,37,-7.933937e-05
65,37,0.0002884157
66,37,0.00035619736
67,37,4.0699728e-05
68,37,0.00041375868
69,37,0.0005949009
70,37,0.000725735
71,37,0.000597978
72,37,
73,37,0.0005306173
74,37,0.00032299384
75,37,0.000812768
76,37,0.0004760744
77,37,0.00063294265
78,37,0.0006560171
79,37,0.0007662764
80,37,0.00084016286
81,37,0.0011995574
82,37,0.0010576751
83,37,0.00092302635
84,37,0.00046799704
85,37,0.00071789604
86,37,0.00037368573
87,37,0.0007759407
88,37,
89,37,0.00029124785
90,37,
91,37,0.0011068629
92,37,
93,37,-0.00031340215
94,37,0.0004981961
95,37,0.0005548587
96,37,0.0004931949
97,37,0.00010586716
98,37,0.00029653125
99,37,0.0007469747
100,37,0.00075876806
101,37,0.0009871712
102,37,0.0004365109
103,37,0.0007256344
104,37,0.00085087866
105,37,0.0007463265
106,37,0.00093936827
107,37,
108,37,
109,37,
110,37,
111,37,
112,37,
113,37,
114,37,0.00047295354
115,37,0.00015549362
116,37,0.001041092
117,37,0.0010122918
118,37,-0.00030092336
119,37,0.00045833737
120,37,0.00021058042
121,37,-7.7279285e-05
122,37,2.3710541e-05
123,37,
124,37,
125,37,
126,37,
127,37,
128,37,
129,37,
130,37,
131,37,
132,37,
133,37,0.0006345557
134,37,0.0005680397
135,37,0.00076500047
136,37,0.0008704029
137,37,0.0006600041
138,37,0.00041376613
139,37,0.00061163586
140,37,0.00042276084
141,37,0.00042208377
142,37,0.00017857645
143,37,0.00048133638
144,37,0.000322856
145,37,0.00076141395
146,37,0.00041072816
147,37,0.00045602396
148,37,0.00039073825
149,37,0.00057359785
150,37,0.00041421317
151,37,0.00031714793
152,37,0.00036978908
153,37,0.00052089524
154,37,0.00012469105
155,37,0.0005895328
156,37,0.00017691776
157,37,0.00035465695
158,37,0.0002832804
159,37,0.00047084596
160,37,0.00068625715
161,37,-0.0004860852
162,37,0.0005537728
163,37,0.00013710279
164,37,-5.2344054e-05
165,37,0.00052061304
166,37,0.0007214509
167,37,0.0009225914
168,37,0.0002785381
169,37,0.00066824816
170,37,0.00020187441
171,37,0.0004609218
172,37,0.00054363627
173,37,0.0006565992
174,37,-0.00029198173
175,37,0.00067131873
176,37,9.644311e-05
177,37,0.0004963521
178,37,0.0005619228
179,37,1.782924e-05
180,37,0.00079236925
181,37,0.0006228192
182,37,0.00038617477
183,37,0.00038983766
184,37,0.00039672013
185,37,0.0003462853
186,37,0.00033454783
187,37,0.00070951134
188,37,0.0006592274
189,37,0.00048235804
190,37,0.00031315442
191,37,-4.534796e-05
192,37,0.00017847586
193,37,0.0003248686
194,37,0.0007349942
195,37,0.00030444562
196,37,0.00050173793
197,37,0.00043293182
198,37,0.00045058317
199,37,0.00014413986
200,37,0.0002040388
201,37,0.0007535862
202,37,0.00052152295
203,37,0.0006817458
204,37,0.00036311336
205,37,0.00025205687
206,37,0.00048625004
207,37,-1.9215047e-05
208,37,0.00055150874
209,37,0.00025662687
210,37,0.0007689353
211,37,0.00040127616
212,37,0.00041460898
213,37,-9.663962e-05
214,37,0.0005215416
215,37,0.000739906
216,37,0.00065434165
217,37,0.0007789172
218,37,0.0005995594
219,37,0.00015321467
220,37,0.00013053697
221,37,0.00023955479
222,37,0.00024271291
223,37,-0.00012059044
224,37,0.0005505588
225,37,0.001032657
226,37,6.105658e-05
227,37,0.000106981024
228,37,0.0009064451
229,37,0.00043399725
230,37,0.00034387037
231,37,0.00022946298
232,37,0.0005290769
233,37,0.0005999021
234,37,0.00018478371
235,37,6.0690567e-05
236,37,8.578785e-05
237,37,0.00023749657
238,37,0.00038884114
239,37,0.0005195681
240,37,0.0005231919
241,37,0.00067317206
242,37,0.00057879556
243,37,0.0007970035
244,37,-0.00012692437
245,37,0.00043729506
246,37,0.0005110288
247,37,0.0010222718
248,37,0.00024034735
249,37,0.00039244536
250,37,0.0003638398
251,37,0.0008035125
252,37,0.00013334863
253,37,0.00062894635
254,37,0.0008450169
255,37,0.00030911248
256,37,0.0002671117
257,37,0.00053776614
258,37,0.00089128874
259,37,0.00010364223
260,37,0.00026754476
261,37,0.000586614
262,37,0.0005244212
263,37,0.00045924354
264,37,0.0008792253
265,37,0.0005354332
266,37,0.00068877265
267,37,0.0009968048
268,37,0.0004808968
269,37,0.00059402734
270,37,0.0010375101
271,37,0.001266446
272,37,0.00063626375
273,37,0.00082158763
274,37,0.000726657
275,37,0.0007829238
276,37,0.00011573266
277,37,0.00039341394
278,37,0.0003929129
279,37,0.0008914126
280,37,0.00013860408
281,37,0.00028223358
282,37,0.00058859866
283,37,0.0006857952
284,37,0.00070778653
285,37,0.00018939376
286,37,0.0007495666
287,37,0.0003589848
288,37,3.194157e-05
289,37,0.00061753765
290,37,0.00029855222
291,37,0.00028145313
292,37,0.00049175695
293,37,0.0010084258
294,37,0.00015465729
295,37,0.0007302053
296,37,0.0010115318
297,37,0.00012598373
298,37,0.00019509904
299,37,0.0005338937
300,37,0.0005562911
301,37,0.0005082786
302,37,0.00038325228
303,37,0.0006861016
304,37,0.000689432
305,37,0.00090909284
306,37,9.595789e-05
307,37,0.0007997677
308,37,0.0006895494
309,37,0.0004360713
310,37,0.00050117355
311,37,0.0008731112
312,37,0.0005622655
313,37,5.5386685e-05
314,37,0.00054623745
315,37,0.0009472165
316,37,0.0002061734
317,37,0.00059502386
318,37,0.00024469383
319,37,0.0006635841
320,37,9.1376714e-05
321,37,0.00040526967
322,37,7.1786344e-05
323,37,0.00019551069
324,37,0.00087577105
325,37,0.00046745408
326,37,0.0007948056
327,37,0.0011414178
328,37,0.0011613863
329,37,0.0010943534
330,37,0.00079039484
331,37,0.000370563
332,37,0.0008337926
333,37,
334,37,0.00073294435
335,37,
336,37,0.00021968875
337,37,0.00045095943
338,37,-0.00036774017
339,37,0.00023222249
340,37,0.00075464137
341,37,0.00047851726
342,37,0.00089902803
343,37,0.0009816531
344,37,0.0004568342
345,37,0.00033419486
346,37,0.0012513557
347,37,0.00041572377
348,37,0.0008027097
349,37,0.00071634725
350,37,0.00051741675
351,37,0.00041840412
352,37,0.0013381559
353,37,0.000909145
354,37,0.0006142035
355,37,0.0008754907
356,37,0.0008480102
357,37,0.00034561008
358,37,0.00077973213
359,37,0.0009927088
360,37,0.0005161548
361,37,0.0005936017
362,37,0.0008110404
363,37,0.00073048845
364,37,0.00038236752
365,37,0.00055833906
366,37,0.00029604323
367,37,0.0010464229
368,37,0.0010165758
369,37,0.00038577057
370,37,0.0007613795
371,37,0.00084169954
372,37,0.00054641254
373,37,0.00029662345
374,37,0.0008371202
375,37,0.0005938839
376,37,0.00027340744
377,37,0.00026618317
378,37,0.00030813087
379,37,0.0002201423
380,37,0.0002947254
381,37,0.00075137615
382,37,0.0009980015
383,37,0.000992069
384,37,9.579491e-05
385,37,0.00048482046
386,37,0.00096025225
387,37,5.591754e-05
388,37,0.0013138112
389,37,0.0006857449
390,37,0.00037205312
391,37,0.00053808
392,37,0.00078371447
393,37,0.0005048653
394,37,0.0010970188
395,37,0.0003712792
396,37,0.00041184574
397,37,0.0012107743
398,37,0.0006217668
399,37,0.00049519725
400,37,0.0002902411
401,37,0.00050625857
402,37,0.00017940626
403,37,0.00037313811
404,37,0.00073004514
405,37,0.0010088151
406,37,
407,37,
408,37,
409,37,
410,37,
411,37,
412,37,0.00017315522
413,37,1.3927929e-05
414,37,0.0009697741
415,37,0.0004767133
416,37,-5.1344745e-05
417,37,0.00072882604
418,37,0.00015581306
419,37,0.0006625373
420,37,0.000804889
421,37,0.0005215453
422,37,-3.1790696e-05
423,37,0.0005754158
424,37,0.0005443748
425,37,0.0010433747
426,37,0.00033579115
427,37,0.00066285394
428,37,-1.5509315e-05
429,37,0.00078561343
430,37,0.0005860226
431,37,0.0005251728
432,37,0.0007495368
433,37,0.00042939
434,37,0.00022553746
435,37,0.00042570848
436,37,0.00017180666
437,37,2.6081689e-05
438,37,0.00059787
439,37,0.00022898149
440,37,0.00053764414
441,37,0.00022064243
442,37,0.0008297404
443,37,0.00059238076
444,37,0.0008483501
445,37,0.00041615777
446,37,0.00034692232
447,37,0.00058399606
448,37,0.00031498447
449,37,0.00015932973
450,37,0.00048678275
451,37,0.000785416
452,37,0.00041775312
453,37,0.0003381418
454,37,0.0003520595
455,37,0.0007648105
456,37,0.0006256066
457,37,0.0008333139
458,37,0.000894255
459,37,0.00015572552
460,37,0.00067893043
461,37,0.0006990023
462,37,0.0006448114
463,37,0.0007172385
464,37,0.00097184815
465,37,0.00040102378
466,37,5.9041195e-05
467,37,0.0010032803
468,37,0.00042160694
469,37,0.00041556824
470,37,0.00015133712
471,37,0.00043559074
472,37,0.0005936511
473,37,0.00048418995
474,37,0.0004912913
475,37,0.0003852006
476,37,2.6443042e-05
477,37,0.00054608285
478,37,0.00052011944
479,37,0.0006720768
480,37,0.0007120129
481,37,0.0008622622
482,37,0.0009636376
483,37,0.00081402436
484,37,0.0005390765
485,37,0.00033870433
486,37,3.927108e-05
487,37,0.0010985332
488,37,0.0009772545
489,37,0.000495526
490,37,0.00061921775
491,37,0.00041809492
492,37,0.00032531656
493,37,0.00074735936
494,37,0.00030067563
0,38,0.0007896479
1,38,0.00053944066
2,38,0.00063168164
3,38,0.00078151375
4,38,0.0012193015
5,38,0.0005001901
6,38,
7,38,
8,38,
9,38,
10,38,
11,38,
12,38,
13,38,
14,38,
15,38,
16,38,
17,38,
18,38,
19,38,
20,38,
21,38,
22,38,
23,38,
24,38,
25,38,
26,38,
27,38,
28,38,0.0007343525
29,38,4.8135407e-05
30,38,0.00032376405
31,38,0.0005250387
32,38,1.908373e-05
33,38,0.0006431965
34,38,0.00046747737
35,38,0.00057130866
36,38,0.0008414099
37,38,0.00042791944
38,38,0.00086458586
39,38,0.0007694615
40,38,0.000843538
41,38,0.0004730057
42,38,0.00042569544
43,38,0.00035555288
44,38,0.00080244243
45,38,0.0003489675
46,38,0.00049532764
47,38,0.00036515202
48,38,9.229127e-05
49,38,0.00055294763
50,38,0.00031301565
51,38,0.0006195484
52,38,0.0010944167
53,38,0.00056098774
54,38,0.00042255502
55,38,0.00076805055
56,38,0.0009301938
57,38,0.00022475701
58,38,0.000571345
59,38,0.00031625386
60,38,0.000401509
61,38,0.0003974
62,38,0.000497669
63,38,-0.00029318873
64,38,0.00025563315
65,38,0.0010591345
66,38,0.00080779754
67,38,0.00050616544
68,38,-3.879983e-05
69,38,0.00075476244
70,38,0.0006978577
71,38,0.001047561
72,38,0.0008770125
73,38,0.0004973188
74,38,0.00020867679
75,38,
76,38,0.00029392634
77,38,0.0004692236
78,38,
79,38,0.0011982629
80,38,0.0009281151
81,38,0.00023886189
82,38,0.00051533524
83,38,0.0007011378
84,38,0.00073347334
85,38,0.00071243197
86,38,0.0009023417
87,38,0.0010957466
88,38,
89,38,
90,38,
91,38,
92,38,
93,38,
94,38,0.00037080608
95,38,6.154459e-05
96,38,0.00059878826
97,38,0.00034482963
98,38,0.00073782913
99,38,0.0008511273
100,38,0.00040821917
101,38,0.0005048029
102,38,0.0007288093
103,38,0.0005573826
104,38,-3.3221208e-05
105,38,-0.00017680135
106,38,-9.5671974e-05
107,38,
108,38,0.000579807
109,38,
110,38,
111,38,0.00034477003
112,38,0.0002775751
113,38,
114,38,
115,38,0.00072561204
116,38,0.00018065423
117,38,0.00035382528
118,38,-0.00015663356
119,38,0.00081099663
120,38,0.0003617499
121,38,0.0010387711
122,38,0.0010879366
123,38,
124,38,
125,38,
126,38,
127,38,
128,38,
129,38,
130,38,
131,38,
132,38,
133,38,
134,38,0.0003368007
135,38,0.00012307521
136,38,0.0004811231
137,38,0.0009987
138,38,0.0007133316
139,38,0.0006496124
140,38,0.00046492368
141,38,0.0007264279
142,38,0.00018372014
143,38,0.0005505327
144,38,0.00027869735
145,38,0.0006905217
146,38,0.0007633511
147,38,0.00056537334
148,38,0.00033948384
149,38,0.00052044354
150,38,0.0006429022
151,38,0.0006464282
152,38,0.0008269353
153,38,0.00011235196
154,38,0.0006602043
155,38,0.00057284813
156,38,0.00034090038
157,38,0.00032868236
158,38,0.00080892444
159,38,0.000588201
160,38,0.00020812452
161,38,0.00057271216
162,38,0.00033337437
163,38,0.00042092614
164,38,0.00068876706
165,38,0.00092735887
166,38,0.0006942963
167,38,0.00044701062
168,38,0.00026982278
169,38,3.3507124e-05
170,38,0.0005040495
171,38,0.00015274528
172,38,0.001216461
173,38,0.0007014051
174,38,-6.7315996e-05
175,38,0.0005321475
176,38,0.0006879475
177,38,0.00033937488
178,38,0.00058206916
179,38,0.00051516574
180,38,0.00018055085
181,38,0.00087443274
182,38,0.0006209314
183,38,0.00047038123
184,38,0.00033462048
185,38,0.0009324718
186,38,-0.00026410632
187,38,4.2726286e-05
188,38,0.00050357264
189,38,0.0006213719
190,38,0.0007359022
191,38,0.0002727313
192,38,0.00064884964
193,38,-0.00019916426
194,38,0.00028888136
195,38,0.00067237485
196,38,0.00022711512
197,38,0.0002650898
198,38,0.0005938662
199,38,0.00017215405
200,38,0.000108375214
201,38,-0.00035582855
202,38,0.00066628214
203,38,0.00028038863
204,38,0.00030191336
205,38,0.00028932374
206,38,7.4955635e-05
207,38,0.0011233678
208,38,0.00046439562
209,38,-0.00012628734
210,38,0.00018770061
211,38,0.000545945
212,38,3.5712495e-05
213,38,0.00041532237
214,38,0.00034719612
215,38,0.0003155358
216,38,-0.0003394289
217,38,0.000286825
218,38,-8.0334954e-05
219,38,0.00074156746
220,38,0.00042780023
221,38,-3.103912e-05
222,38,0.00045846123
223,38,0.00012270268
224,38,0.00015809853
225,38,7.638335e-05
226,38,0.00031459332
227,38,0.00034348108
228,38,0.00010900758
229,38,0.0008065663
230,38,0.00019866787
231,38,5.300343e-05
232,38,-0.000227076
233,38,-0.00033646822
234,38,0.00021431688
235,38,0.00051975064
236,38,0.00017690938
237,38,0.0010097632
238,38,0.0004983824
239,38,-6.740354e-05
240,38,0.00030063093
241,38,0.00040762126
242,38,0.0002870364
243,38,0.00057147816
244,38,0.0007976163
245,38,0.00032509957
246,38,0.00081740133
247,38,0.0007223375
248,38,-7.5856224e-06
249,38,0.000521766
250,38,0.0005392544
251,38,0.0005071126
252,38,0.00064458046
253,38,0.00013324991
254,38,0.00013523083
255,38,0.0008256901
256,38,-0.00029871054
257,38,0.00030659325
258,38,0.00053352304
259,38,0.00055520795
260,38,0.00055233017
261,38,0.0005514473
262,38,0.0006180005
263,38,0.00084620714
264,38,0.0010996414
265,38,0.00078802183
266,38,0.00051965564
267,38,0.0007652994
268,38,0.00037449785
269,38,0.0007228274
270,38,0.00073532946
271,38,0.0007633325
272,38,4.798919e-05
273,38,0.00033291616
274,38,0.00015724916
275,38,0.0005945675
276,38,0.00011175964
277,38,0.00053748954
278,38,0.00024624728
279,38,0.00060627796
280,38,0.0003504036
281,38,-0.00011332519
282,38,0.00063926727
283,38,0.0009336518
284,38,0.00041548815
285,38,0.0005260091
286,38,0.0005745683
287,38,0.000885725
288,38,0.00035455637
289,38,0.00053096004
290,38,1.5836209e-05
291,38,0.0005885009
292,38,0.00045860652
293,38,0.00078496337
294,38,0.0002964381
295,38,0.00071274396
296,38,0.0007409267
297,38,0.0002139723
298,38,0.00075451005
299,38,0.0009624008
300,38,0.00035097543
301,38,0.0007024491
302,38,0.00060703326
303,38,0.0004780097
304,38,0.0005769618
305,38,0.0003371192
306,38,-0.00020261854
307,38,0.00023598783
308,38,0.00057239365
309,38,0.00033888128
310,38,0.0010951124
311,38,0.00070385356
312,38,0.000835754
313,38,0.00037567317
314,38,0.00050377566
315,38,0.0012829173
316,38,0.0005935272
317,38,0.00092560705
318,38,0.0005271258
319,38,0.00029225647
320,38,0.0006991718
321,38,0.00078748725
322,38,0.00032513496
323,38,0.00020345952
324,38,0.0003842516
325,38,0.00034989044
326,38,0.00052323006
327,38,0.00031967834
328,38,0.0005470356
329,38,0.0008536875
330,38,0.00046396628
331,38,0.0007750066
332,38,0.0005879132
333,38,0.00048708543
334,38,0.0002274653
335,38,-0.0001160251
336,38,
337,38,0.0009616809
338,38,0.0007619476
339,38,0.0008679088
340,38,0.00080348086
341,38,0.0009865696
342,38,0.00070548896
343,38,0.0008196542
344,38,0.0001220759
345,38,0.00038823579
346,38,2.0778738e-05
347,38,0.0005603591
348,38,0.00065251905
349,38,0.0012311172
350,38,0.00043495186
351,38,0.00090193376
352,38,0.00049996935
353,38,0.0006402172
354,38,0.000781212
355,38,0.00059383456
356,38,0.0007366482
357,38,0.0010042666
358,38,0.0007530628
359,38,0.00062080845
360,38,0.0006868653
361,38,0.0005323738
362,38,0.00018746313
363,38,0.00082572363
364,38,0.00027508102
365,38,-1.3922341e-05
366,38,0.0005755443
367,38,0.0006157579
368,38,0.0006007729
369,38,0.0009127548
370,38,0.0006970586
371,38,0.00051624514
372,38,0.00022348017
373,38,0.0010696547
374,38,0.0005598515
375,38,0.00022135396
376,38,0.00051998906
377,38,0.00063778646
378,38,0.00052849576
379,38,0.00031625386
380,38,-4.0099956e-05
381,38,0.00040733907
382,38,-3.508851e-05
383,38,0.00047214888
384,38,0.00077145174
385,38,0.00035675708
386,38,0.000507934
387,38,0.00021945778
388,38,0.0006387131
389,38,0.0007554181
390,38,0.00021996815
391,38,0.0004890952
392,38,0.000406445
393,38,-0.00035761017
394,38,0.0005442966
395,38,0.0008315332
396,38,0.00021149777
397,38,-9.804033e-06
398,38,0.0006067697
399,38,0.00015287288
400,38,0.00057728216
401,38,0.0007006088
402,38,0.0007337043
403,38,0.00055814907
404,38,0.00013300963
405,38,0.0005383743
406,38,0.00042894017
407,38,
408,38,
409,38,
410,38,
411,38,
412,38,0.0004033707
413,38,0.0004887879
414,38,0.0003358312
415,38,0.00039691757
416,38,0.00050627626
417,38,0.00063345954
418,38,0.00045121927
419,38,0.0003199745
420,38,0.00047550257
421,38,0.00048281346
422,38,0.0010635341
423,38,0.00082580466
424,38,7.620826e-05
425,38,0.00042526145
426,38,0.0006763609
427,38,0.00019340776
428,38,0.00070644263
429,38,0.000885766
430,38,0.0006676251
431,38,0.00059229136
432,38,0.00043670088
433,38,0.0005292073
434,38,0.00038057752
435,38,0.0007511135
436,38,0.00090250187
437,38,0.00076122396
438,38,0.00092247874
439,38,0.0009503886
440,38,0.0005587833
441,38,0.00080847926
442,38,0.00064460933
443,38,0.0009566434
444,38,0.00071921013
445,38,0.0004922142
446,38,0.00053839665
447,38,0.0003038263
448,38,0.00055639166
449,38,0.00054335967
450,38,0.0007350873
451,38,0.00082804635
452,38,0.0009262683
453,38,0.0009403154
454,38,0.000632965
455,38,0.00027111173
456,38,0.00032102503
457,38,0.00051200856
458,38,0.00032282248
459,38,0.0005304888
460,38,0.0007778043
461,38,0.00078242924
462,38,0.00016835518
463,38,0.000110474415
464,38,0.0006305929
465,38,0.00014748052
466,38,0.00059581175
467,38,0.0010099653
468,38,0.00038994197
469,38,0.0008258326
470,38,0.0004404299
471,38,0.00083103776
472,38,-3.317371e-05
473,38,0.00074711256
474,38,0.00067235343
475,38,0.0005239248
476,38,0.0005396232
477,38,0.0012784414
478,38,0.0006640265
479,38,0.0006201044
480,38,-5.9196725e-05
481,38,0.00043421518
482,38,-4.2895786e-05
483,38,0.00088721607
484,38,0.00048350357
485,38,0.000819779
486,38,0.0003148606
487,38,-0.00038971473
488,38,0.00071399007
489,38,0.0005710693
490,38,0.00046116207
491,38,0.00085288007
492,38,0.00074301474
493,38,0.0002684556
494,38,0.0010033343
0,39,0.00074584596
1,39,0.00066835433
2,39,0.00086602755
3,39,0.00015655253
4,39,0.0008923216
5,39,0.00018275622
6,39,
7,39,
8,39,
9,39,
10,39,
11,39,
12,39,
13,39,
14,39,
15,39,
16,39,
17,39,
18,39,
19,39,
20,39,
21,39,
22,39,
23,39,
24,39,
25,39,
26,39,
27,39,
28,39,0.00055855606
29,39,0.00037978403
30,39,0.00070360024
31,39,0.00054065324
32,39,0.0002544243
33,39,0.00059238076
34,39,-0.00013633631
35,39,0.0007349495
36,39,0.000656073
37,39,0.00055199023
38,39,0.00081721414
39,39,0.0009802999
40,39,-8.318946e-05
41,39,0.0006050039
42,39,0.00010396261
43,39,8.1567094e-05
44,39,0.0007425416
45,39,0.0001244396
46,39,0.00037063658
47,39,0.000513806
48,39,0.00032699574
49,39,0.00050284155
50,39,0.0007945923
51,39,0.00051181763
52,39,0.00095249247
53,39,0.0009699194
54,39,0.00058749504
55,39,0.0005333014
56,39,6.7483634e-05
57,39,0.0008816784
58,39,0.00066297594
59,39,0.00042870827
60,39,0.0006242767
61,39,2.5704503e-07
62,39,0.0005825041
63,39,0.0007493822
64,39,0.00025817752
65,39,0.00045799091
66,39,0.00044548512
67,39,0.0011112941
68,39,0.0003304826
69,39,0.00034494884
70,39,0.0005596187
71,39,0.0012354124
72,39,0.0005394574
73,39,0.000667572
74,39,0.0008220291
75,39,0.00062785204
76,39,3.0329451e-05
77,39,0.0012157857
78,39,0.0007071076
79,39,0.000100116245
80,39,0.0007198164
81,39,0.0009873826
82,39,0.0006874148
83,39,5.870126e-06
84,39,0.00035306253
85,39,0.00047373027
86,39,0.0003822269
87,39,0.00022371113
88,39,0.0004300289
89,39,
90,39,
91,39,
92,39,
93,39,
94,39,0.00053343177
95,39,0.0005658511
96,39,0.00078913383
97,39,0.00050905626
98,39,0.0002745334
99,39,0.00052867364
100,39,0.00042194128
101,39,0.0012276834
102,39,0.0008879239
103,39,-0.00023369864
104,39,0.0010795034
105,39,0.0009311978
106,39,
107,39,
108,39,
109,39,
110,39,
111,39,-9.838585e-05
112,39,
113,39,
114,39,
115,39,
116,39,0.0002257172
117,39,0.00091445446
118,39,0.00091657136
119,39,-3.87216e-05
120,39,0.00058406126
121,39,0.0006225612
122,39,0.00075709075
123,39,0.00046373345
124,39,-0.00026349816
125,39,
126,39,
127,39,
128,39,
129,39,
130,39,
131,39,
132,39,
133,39,
134,39,0.00032642484
135,39,0.00047125574
136,39,0.0002690237
137,39,0.00053368043
138,39,0.00085259136
139,39,0.000880328
140,39,0.00069189724
141,39,0.0006298451
142,39,0.0004400136
143,39,0.0002640225
144,39,0.0005607605
145,39,0.0009838818
146,39,0.00052168034
147,39,0.00068647787
148,39,0.00068611745
149,39,0.00030552316
150,39,0.0006984966
151,39,0.00046591926
152,39,0.00036198087
153,39,0.00050674845
154,39,0.00081017055
155,39,0.00048741698
156,39,0.0007045241
157,39,-0.00022436213
158,39,0.0005329279
159,39,2.5943853e-05
160,39,-0.00026664324
161,39,0.00033694506
162,39,0.00077273697
163,39,0.00084533356
164,39,0.0004522195
165,39,0.0005398821
166,39,0.00036850479
167,39,0.00046250876
168,39,0.0006879624
169,39,0.00035968143
170,39,0.001147571
171,39,0.0004199259
172,39,8.476898e-05
173,39,0.00026273075
174,39,4.543923e-06
175,39,0.00040946156
176,39,0.0006301515
177,39,0.00044814032
178,39,0.00037865806
179,39,0.00046444405
180,39,0.00022588763
181,39,0.00063745864
182,39,0.00076472014
183,39,0.000119896606
184,39,0.00017137825
185,39,-6.738212e-05
186,39,0.001209544
187,39,4.380662e-05
188,39,0.00026964862
189,39,0.00037091784
190,39,-0.00012237765
191,39,0.00039641466
192,39,0.00051094964
193,39,2.8563663e-06
194,39,0.00024036411
195,39,0.0002078209
196,39,0.0004648231
197,39,0.00041300245
198,39,0.00024394877
199,39,0.00055073015
200,39,0.0008022124
201,39,0.0003844835
202,39,0.00012070499
203,39,0.00052646827
204,39,0.00017733034
205,39,0.0002515763
206,39,0.000142687
207,39,0.0003118897
208,39,0.0006150268
209,39,0.0002814643
210,39,0.0004851725
211,39,-0.00031377655
212,39,-4.7950074e-05
213,39,0.00079704914
214,39,0.0004624538
215,39,0.0001343498
216,39,0.0005349219
217,39,0.0008291416
218,39,0.00022322312
219,39,0.000447941
220,39,0.00026438758
221,39,0.00032600015
222,39,0.000638498
223,39,0.0004977267
224,39,0.000407747
225,39,0.0007497864
226,39,-9.1369264e-05
227,39,0.001183765
228,39,0.0008890098
229,39,0.001065407
230,39,9.171385e-05
231,39,0.00024008099
232,39,0.0006244099
233,39,0.00044024456
234,39,0.0009057075
235,39,0.0006164415
236,39,0.0003634896
237,39,0.0006976444
238,39,0.0005739769
239,39,-1.0698102e-05
240,39,0.00022951607
241,39,8.22451e-06
242,39,0.00063867215
243,39,0.0004249597
244,39,-5.9969723e-05
245,39,0.00024346635
246,39,0.00023019034
247,39,0.00084848795
248,39,0.0008782707
249,39,0.00082639325
250,39,0.0006565498
251,39,0.0005899258
252,39,0.0005446188
253,39,0.00019395258
254,39,0.00048918836
255,39,0.0008515073
256,39,0.0003759982
257,39,0.00044646394
258,39,0.00035998411
259,39,0.00026007183
260,39,0.00030818488
261,39,0.0005897777
262,39,0.00076404586
263,39,0.0006029038
264,39,0.00028562825
265,39,0.00028751325
266,39,0.0009002201
267,39,0.0007711174
268,39,0.0012272634
269,39,0.0008986471
270,39,0.00043566246
271,39,0.00012011826
272,39,0.0008330196
273,39,0.00067362655
274,39,0.00067374017
275,39,0.0008826228
276,39,0.0010602083
277,39,0.00040014554
278,39,0.00080112927
279,39,0.00044840388
280,39,0.00049520936
281,39,0.00025237072
282,39,0.00031747855
283,39,0.00062012766
284,39,0.00082090124
285,39,0.0004833797
286,39,0.00054488797
287,39,0.00033024047
288,39,0.00013694912
289,39,0.0004774807
290,39,-1.959689e-05
291,39,0.0005198326
292,39,0.0002788501
293,39,0.00055603683
294,39,0.00084888935
295,39,0.000490224
296,39,0.0005479725
297,39,0.00081402157
298,39,0.0008527227
299,39,0.0013117865
300,39,0.00055373646
301,39,0.0001052469
302,39,2.8205104e-05
303,39,0.0006561056
304,39,0.00056052394
305,39,0.000114411116
306,39,0.0006744163
307,39,0.0010108734
308,39,0.0008233618
309,39,0.0005485704
310,39,0.0006636428
311,39,0.00055144913
312,39,0.0004881611
313,39,0.00042438228
314,39,0.00037682615
315,39,0.00046704803
316,39,0.0006928798
317,39,0.0007490935
318,39,0.0006063655
319,39,0.0005068099
320,39,0.0003293194
321,39,0.0011750553
322,39,0.0004977817
323,39,0.00026039593
324,39,0.0006116852
325,39,0.00044346694
326,39,0.0011677332
327,39,0.00045478903
328,39,0.00088855345
329,39,0.0008092141
330,39,0.00091429055
331,39,0.0006371904
332,39,0.0007198453
333,39,0.0009370558
334,39,0.00096490514
335,39,0.00042465143
336,39,0.00053266063
337,39,
338,39,0.0006873226
339,39,4.6324916e-05
340,39,0.00081783906
341,39,0.0006028861
342,39,0.000383161
343,39,0.00052641425
344,39,0.00076349825
345,39,0.00067298114
346,39,0.00025268644
347,39,0.001016804
348,39,0.00045883283
349,39,0.0003109062
350,39,0.0004139403
351,39,0.00071783364
352,39,0.00035796035
353,39,0.00092577003
354,39,0.0009053843
355,39,0.0006818464
356,39,0.0010212427
357,39,0.00071750674
358,39,0.00022385735
359,39,0.0005915584
360,39,0.0007944256
361,39,0.00070020184
362,39,0.0009322129
363,39,0.0004987344
364,39,0.0007797675
365,39,0.00031762198
366,39,0.000670691
367,39,0.00035000872
368,39,0.00073215365
369,39,0.0005683694
370,39,0.00087024644
371,39,0.00062420964
372,39,0.0004931791
373,39,0.0010191016
374,39,0.0004027253
375,39,0.0007144362
376,39,0.0005041789
377,39,0.0007523224
378,39,
379,39,0.0005852673
380,39,0.0004751347
381,39,0.0002268739
382,39,0.0011611916
383,39,0.00045401137
384,39,0.0005382672
385,39,0.00048920885
386,39,0.0004912
387,39,0.0009824522
388,39,0.0006570313
389,39,0.000992002
390,39,0.0007954277
391,39,0.0008757878
392,39,0.00047711655
393,39,0.00075032003
394,39,0.000642878
395,39,0.0004738532
396,39,0.0009818897
397,39,0.00026760157
398,39,0.0005428465
399,39,0.00033915415
400,39,0.0005951766
401,39,0.00035743602
402,39,0.0011195419
403,39,0.00039460603
404,39,0.0007764138
405,39,0.00079547986
406,39,-3.6028214e-05
407,39,0.0006143199
408,39,0.0002705641
409,39,5.609449e-05
410,39,0.0012809187
411,39,0.00030300207
412,39,0.00069557317
413,39,0.00057348236
414,39,0.00015069637
415,39,0.0002842052
416,39,-0.00020744186
417,39,0.00023189187
418,39,0.00020194147
419,39,0.00040228106
420,39,0.0006539319
421,39,0.00026149955
422,39,0.00054823514
423,39,0.0005525267
424,39,0.00028333627
425,39,0.0010721125
426,39,0.00044955406
427,39,0.0007886877
428,39,0.0007939525
429,39,0.00082699023
430,39,0.00050104223
431,39,0.00083587226
432,39,0.000683059
433,39,0.0005063042
434,39,-0.000115290284
435,39,0.0005293852
436,39,0.00054450333
437,39,-7.995032e-05
438,39,0.00051114336
439,39,0.00077485293
440,39,0.00037330762
441,39,0.0010050787
442,39,0.00070961565
443,39,0.0007429281
444,39,0.00082214177
445,39,0.0003806632
446,39,0.0004935572
447,39,0.00084287394
448,39,0.00013779663
449,39,0.00023478176
450,39,0.00059879944
451,39,0.00040715933
452,39,0.0007665027
453,39,0.0006890446
454,39,0.0004575411
455,39,0.000582844
456,39,0.00065872166
457,39,0.00023465976
458,39,0.000564049
459,39,0.00048004463
460,39,0.00044811517
461,39,0.0005286783
462,39,0.00070521794
463,39,0.00076541025
464,39,0.0010818485
465,39,-0.00024261512
466,39,0.00056760386
467,39,0.00032109208
468,39,0.0005120104
469,39,0.0009105308
470,39,0.00024105702
471,39,0.0006997995
472,39,0.0007351758
473,39,0.000756721
474,39,0.0008033216
475,39,0.00081358664
476,39,0.0007353481
477,39,0.00030330755
478,39,0.000121459365
479,39,0.0004409328
480,39,0.0005406048
481,39,0.000441066
482,39,0.00039854646
483,39,0.0010741269
484,39,0.00012847036
485,39,0.0004687924
486,39,0.000849572
487,39,5.8006495e-05
488,39,0.000426339
489,39,0.00024709385
490,39,-8.693803e-05
491,39,0.00044587534
492,39,0.0003548134
493,39,0.0005557835
494,39,0.0009494312
0,40,0.0001408346
1,40,-0.00018191244
2,40,0.0008318266
3,40,0.000366115
4,40,0.00027371198
5,40,0.0004980434
6,40,
7,40,
8,40,
9,40,
10,40,
11,40,
12,40,
13,40,
14,40,
15,40,
16,40,
17,40,
18,40,
19,40,
20,40,
21,40,
22,40,
23,40,
24,40,
25,40,
26,40,
27,40,
28,40,
29,40,0.00019360147
30,40,0.0009360574
31,40,0.00036165118
32,40,4.022289e-05
33,40,0.000765319
34,40,0.00059439056
35,40,0.00051108655
36,40,-0.00014876574
37,40,0.0009567328
38,40,0.00055469945
39,40,0.0008248985
40,40,0.00030672736
41,40,0.00065629743
42,40,3.7705526e-05
43,40,0.0002120221
44,40,0.00020597968
45,40,0.0008023996
46,40,0.0011933353
47,40,0.00065910723
48,40,0.00035187695
49,40,0.0005046744
50,40,0.00032757875
51,40,-3.9290637e-05
52,40,0.0005385168
53,40,0.00096168276
54,40,0.00039343443
55,40,0.0005375184
56,40,0.00062546413
57,40,0.00047750026
58,40,0.0008111624
59,40,0.0005380707
60,40,0.00044524577
61,40,0.00058718864
62,40,0.00019695703
63,40,0.00080997497
64,40,0.00066187326
65,40,0.00042524375
66,40,0.0004807841
67,40,5.0752424e-05
68,40,0.00039669778
69,40,0.00062575564
70,40,0.00056543015
71,40,0.00078118686
72,40,0.0003451854
73,40,0.0007491391
74,40,0.0006618006
75,40,0.00033171568
76,40,0.0007429505
77,40,0.00022146385
78,40,0.00057774317
79,40,9.7192824e-05
80,40,0.00077968836
81,40,0.00035557617
82,40,0.00027896836
83,40,0.0006655464
84,40,0.00038092583
85,40,0.00036654156
86,40,-0.00011070259
87,40,0.00078275986
88,40,
89,40,
90,40,
91,40,0.00035244972
92,40,
93,40,0.00021925382
94,40,0.00027180836
95,40,9.5334835e-05
96,40,0.0007610684
97,40,0.00049844105
98,40,0.0006820569
99,40,0.0006723814
100,40,0.00059537217
101,40,1.30254775e-05
102,40,0.00026668236
103,40,0.00016016886
104,40,0.0006154962
105,40,
106,40,
107,40,
108,40,
109,40,
110,40,
111,40,
112,40,
113,40,
114,40,
115,40,0.0011369856
116,40,0.00055571087
117,40,0.0007659104
118,40,0.00061197206
119,40,5.025603e-05
120,40,0.00070343073
121,40,0.00063814875
122,40,0.0002889717
123,40,0.0005762195
124,40,0.00053015724
125,40,
126,40,
127,40,
128,40,
129,40,
130,40,
131,40,
132,40,
133,40,
134,40,0.00019093975
135,40,0.0006470457
136,40,0.00044776592
137,40,0.00060568657
138,40,0.00062685926
139,40,0.0007226197
140,40,0.0007206341
141,40,0.000713652
142,40,0.0003709169
143,40,0.0005647838
144,40,0.00066210516
145,40,0.000660046
146,40,0.0007043192
147,40,0.00073762145
148,40,0.000273888
149,40,0.0010279175
150,40,0.00043789484
151,40,6.632693e-05
152,40,0.0007592784
153,40,0.00027514156
154,40,0.00057499483
155,40,0.00077166595
156,40,0.00083404966
157,40,0.00023021363
158,40,0.0007564472
159,40,0.00059021916
160,40,0.00067589805
161,40,0.0007278826
162,40,0.00061574765
163,40,0.00021760073
164,40,0.00036534574
165,40,0.00055764616
166,40,0.0006396929
167,40,0.0005114833
168,40,0.00078782625
169,40,0.00031109247
170,40,0.00050739385
171,40,0.0012544291
172,40,0.00072351284
173,40,0.00017366186
174,40,0.0007931562
175,40,0.00041806977
176,40,0.00064566266
177,40,0.00069661066
178,40,0.00061027147
179,40,0.00026823953
180,40,0.0003944384
181,40,0.000760071
182,40,0.00034910906
183,40,0.00046202634
184,40,0.000532574
185,40,0.0010580057
186,40,0.0005847234
187,40,0.0004218677
188,40,0.00019208807
189,40,0.0006822068
190,40,0.00039838068
191,40,0.00043532997
192,40,0.00037479214
193,40,0.000219699
194,40,0.00029971264
195,40,0.00047445204
196,40,0.0007145982
197,40,0.0003779931
198,40,0.00034177676
199,40,0.00038743205
200,40,0.0004160907
201,40,0.00034225266
202,40,0.0004680846
203,40,8.878391e-05
204,40,4.104711e-05
205,40,0.00055772904
206,40,2.9330142e-05
207,40,0.0007789377
208,40,-0.00037147664
209,40,0.00042397715
210,40,0.00057167467
211,40,0.0008502826
212,40,0.0003671646
213,40,-7.2040595e-05
214,40,4.306715e-05
215,40,0.00039509404
216,40,0.00028345827
217,40,0.00053113885
218,40,0.00012530107
219,40,0.00039719604
220,40,0.00014558714
221,40,0.0005220063
222,40,-0.00018686429
223,40,9.400491e-05
224,40,0.00032219943
225,40,0.00048998185
226,40,-3.39346e-05
227,40,0.00055331737
228,40,0.00033896975
229,40,0.000684822
230,40,0.00026149303
231,40,0.00026837457
232,40,0.0008901907
233,40,-3.6932528e-05
234,40,0.0002056025
235,40,0.00034479797
236,40,-0.00029247068
237,40,0.00035858992
238,40,0.00010476634
239,40,7.507857e-05
240,40,0.00061681867
241,40,0.00042512175
242,40,0.0007282067
243,40,0.0009819055
244,40,-8.431636e-05
245,40,0.000607484
246,40,0.00047036633
247,40,0.00063087605
248,40,0.0008509727
249,40,9.239372e-05
250,40,0.0003191959
251,40,0.00034178887
252,40,0.00037403032
253,40,0.00041981507
254,40,-0.00044833124
255,40,0.00024111103
256,40,0.00054605864
257,40,0.00038291793
258,40,0.00023294147
259,40,0.00037405267
260,40,0.00044227205
261,40,0.0006681755
262,40,0.0007361574
263,40,0.00077456236
264,40,0.0008065924
265,40,0.00046795327
266,40,0.00061134994
267,40,0.0007673763
268,40,0.0006660931
269,40,0.0005942071
270,40,0.00055042
271,40,0.00040678214
272,40,0.00046733953
273,40,0.00035510585
274,40,0.00030122325
275,40,0.00043978263
276,40,0.00027125422
277,40,0.00025629718
278,40,0.0005994048
279,40,6.1646104e-05
280,40,1.0440126e-05
281,40,0.00029738154
282,40,0.0001591146
283,40,0.0002859272
284,40,0.00014559925
285,40,0.00040171947
286,40,-0.00021212641
287,40,0.00072704535
288,40,0.0005299011
289,40,0.00070641283
290,40,0.00059890747
291,40,0.00041175075
292,40,0.00067200046
293,40,0.0005952446
294,40,2.196338e-05
295,40,0.0004168097
296,40,0.00053509045
297,40,0.0009124391
298,40,0.00033114664
299,40,0.0005515823
300,40,0.00078406
301,40,0.0005200971
302,40,0.0005673496
303,40,0.000879691
304,40,0.00053839013
305,40,0.00056815986
306,40,0.00035826582
307,40,0.00017982721
308,40,0.0006611347
309,40,0.00073545706
310,40,0.00039089192
311,40,0.0010574972
312,40,0.00021746289
313,40,0.00083380565
314,40,0.00062839687
315,40,0.0008755177
316,40,0.0008913325
317,40,6.05667e-05
318,40,0.0004400853
319,40,0.00048793945
320,40,0.00028420985
321,40,0.0008747373
322,40,0.00051007513
323,40,0.0005567828
324,40,0.0008439291
325,40,0.0005759699
326,40,0.00018530898
327,40,0.00074252114
328,40,0.0006419346
329,40,0.0005001128
330,40,0.0005922541
331,40,0.0007901462
332,40,0.0005025212
333,40,0.00057550054
334,40,0.00020709913
335,40,0.00082956534
336,40,0.00067531504
337,40,0.00015566498
338,40,0.0006336635
339,40,0.0006556194
340,40,-1.7058104e-05
341,40,0.0003420785
342,40,0.00057381764
343,40,0.00061175507
344,40,0.00028380286
345,40,0.00035104062
346,40,0.00038265716
347,40,0.0006954763
348,40,0.00088997185
349,40,0.00042626075
350,40,0.00030007958
351,40,0.0005574515
352,40,0.00054252427
353,40,0.0007840758
354,40,0.0004674727
355,40,0.000103446655
356,40,0.00051433407
357,40,0.00037912838
358,40,0.0006338181
359,40,0.0005651079
360,40,0.00030014105
361,40,0.00060525537
362,40,0.0007499289
363,40,0.00057275593
364,40,0.00027911644
365,40,0.0008219667
366,40,0.0006825952
367,40,0.00061981566
368,40,0.00019850396
369,40,0.000113360584
370,40,0.0008341465
371,40,0.00054990966
372,40,0.0005432507
373,40,0.00053745694
374,40,0.00051291287
375,40,0.00030432548
376,40,0.0009491332
377,40,0.00074541196
378,40,0.001010539
379,40,0.00045738183
380,40,0.00017631799
381,40,0.00093634427
382,40,0.0006319992
383,40,0.000102390535
384,40,0.0004952755
385,40,0.0003837021
386,40,0.0006674826
387,40,0.00029396545
388,40,-2.8943643e-05
389,40,-9.602774e-05
390,40,0.00059246644
391,40,0.0010712929
392,40,0.00040826108
393,40,0.00031137653
394,40,0.00058020186
395,40,0.00068216026
396,40,0.00029635802
397,40,0.0007783184
398,40,0.00052892417
399,40,0.0004881993
400,40,0.0008046515
401,40,0.000444429
402,40,0.00042807963
403,40,0.0008851895
404,40,0.0010361392
405,40,0.00059026666
406,40,0.00055273436
407,40,0.0006369967
408,40,0.00073681027
409,40,0.0009044036
410,40,0.00022694003
411,40,0.00036310218
412,40,0.000263514
413,40,0.00045005232
414,40,0.00042394735
415,40,0.000560347
416,40,0.000352663
417,40,0.00081017986
418,40,0.00080174487
419,40,0.000531191
420,40,7.141102e-05
421,40,0.000897835
422,40,0.0009732172
423,40,0.00017779134
424,40,0.0008293735
425,40,0.0007821275
426,40,0.00040507782
427,40,0.0008785045
428,40,0.0006604977
429,40,0.0007180311
430,40,0.00077304523
431,40,0.0010681637
432,40,0.00020841416
433,40,8.904468e-05
434,40,9.675976e-05
435,40,0.00040837005
436,40,0.00056664273
437,40,0.000515366
438,40,0.0004815068
439,40,0.0005427031
440,40,0.00023493543
441,40,0.0009402279
442,40,0.0012201201
443,40,0.0008719936
444,40,0.00070551224
445,40,0.0008587716
446,40,0.00035694055
447,40,0.0009503206
448,40,0.0008579409
449,40,0.000908182
450,40,0.0005655475
451,40,0.0002798522
452,40,0.00013174769
453,40,0.0008269716
454,40,0.00036765635
455,40,0.00044084713
456,40,0.00061592646
457,40,0.00027837325
458,40,0.00063014124
459,40,0.00029797107
460,40,0.00037817657
461,40,0.00024148263
462,40,0.0007544132
463,40,0.00059044734
464,40,0.0007211929
465,40,0.00035749841
466,40,0.00064727664
467,40,0.0007420862
468,40,0.000495201
469,40,0.0004381314
470,40,0.000856434
471,40,0.00090051256
472,40,0.0005829092
473,40,0.0003450513
474,40,0.00013421569
475,40,0.00071319006
476,40,0.0009472696
477,40,0.0012485627
478,40,0.00049507245
479,40,0.0003371276
480,40,0.0006241873
481,40,-0.0002563065
482,40,0.00045318902
483,40,0.000842426
484,40,0.0005392935
485,40,0.00068312045
486,40,0.0010204352
487,40,0.00044080615
488,40,0.0003735982
489,40,0.0010922998
490,40,0.001292441
491,40,0.00046695583
492,40,0.00048940536
493,40,4.7077425e-05
494,40,0.00038099568
0,41,0.0006295033
1,41,0.00095563754
2,41,-0.00017704722
3,41,0.0006684987
4,41,0.00071581267
5,41,0.00067494623
6,41,
7,41,
8,41,
9,41,
10,41,
11,41,
12,41,
13,41,
14,41,
15,41,
16,41,
17,41,
18,41,
19,41,
20,41,
21,41,
22,41,
23,41,
24,41,
25,41,
26,41,
27,41,
28,41,
29,41,0.0011587199
30,41,0.00021705311
31,41,0.00059963483
32,41,0.00049241446
33,41,0.00018391479
34,41,0.0008080732
35,41,0.0005973801
36,41,0.0009352332
37,41,0.00053720735
38,41,0.0007150797
39,41,0.00061933603
40,41,0.000813473
41,41,0.00014655106
42,41,0.00058902986
43,41,-0.00017806794
44,41,0.00051999744
45,41,0.00040952768
46,41,0.0006737383
47,41,0.00027937163
48,41,0.0007004319
49,41,0.000729315
50,41,0.00046982337
51,41,0.00071071833
52,41,0.0007172413
53,41,-0.00012654997
54,41,0.00036501605
55,41,0.00047025084
56,41,-0.00031107757
57,41,0.0010705702
58,41,0.00064706896
59,41,0.001099579
60,41,0.00081184413
61,41,0.0006233258
62,41,2.7756207e-05
63,41,0.00048034918
64,41,0.0003024852
65,41,-9.4777904e-05
66,41,0.00024445076
67,41,0.0005933
68,41,-4.291814e-05
69,41,0.0007884018
70,41,0.00067950133
71,41,0.00077376515
72,41,0.0006689774
73,41,0.00031030923
74,41,0.00017967261
75,41,0.00017894525
76,41,0.00033764262
77,41,0.00075292774
78,41,0.0009313589
79,41,0.00054322835
80,41,0.00088624656
81,41,0.00022650324
82,41,0.00040648505
83,41,0.00095877144
84,41,0.0004979046
85,41,0.00070144515
86,41,0.0012030071
87,41,0.00038906652
88,41,0.0006071953
89,41,
90,41,
91,41,
92,41,
93,41,
94,41,0.000483823
95,41,0.0005951971
96,41,0.00053189695
97,41,0.0007827105
98,41,0.00070220605
99,41,0.00033607427
100,41,0.00018835068
101,41,0.0009715613
102,41,0.00043475907
103,41,0.0009918334
104,41,
105,41,
106,41,
107,41,
108,41,
109,41,
110,41,
111,41,
112,41,
113,41,
114,41,0.00076295994
115,41,
116,41,0.00024386309
117,41,0.00014216546
118,41,0.00070698
119,41,0.00023269001
120,41,9.8828226e-05
121,41,0.00068775564
122,41,0.00071817636
123,41,0.000433838
124,41,0.0006461069
125,41,
126,41,
127,41,
128,41,
129,41,
130,41,
131,41,
132,41,
133,41,
134,41,0.00042576622
135,41,0.0006716866
136,41,0.00016284641
137,41,0.0008289516
138,41,0.00068887696
139,41,0.0007447023
140,41,0.0015026787
141,41,0.0008006692
142,41,0.0010145539
143,41,0.0007347241
144,41,0.00069432147
145,41,0.0008191522
146,41,0.0002127355
147,41,0.00083354115
148,41,0.00051675923
149,41,0.00036128704
150,41,0.00072836224
151,41,0.00059913844
152,41,0.00017120503
153,41,0.0002963692
154,41,0.0005441839
155,41,0.0010068426
156,41,0.0005014194
157,41,0.0007742038
158,41,0.00061890855
159,41,0.00034268666
160,41,0.00070432294
161,41,0.00024128519
162,41,0.00040657632
163,41,0.00078504905
164,41,0.00063805096
165,41,0.00037191622
166,41,0.0009060148
167,41,0.0002183523
168,41,0.0005669845
169,41,-9.5708296e-05
170,41,0.00036891922
171,41,0.0003400296
172,41,2.7080998e-05
173,41,-1.4803372e-05
174,41,0.00082182884
175,41,-0.00014103483
176,41,3.6767684e-05
177,41,0.000253628
178,41,0.0008801231
179,41,0.00010928884
180,41,0.00071089435
181,41,4.318822e-05
182,41,-6.158929e-05
183,41,0.00066934526
184,41,0.00035751797
185,41,0.0005212184
186,41,0.00042726658
187,41,0.00067332946
188,41,0.0003846716
189,41,0.00083880406
190,41,0.0009810412
191,41,0.0003169505
192,41,0.0002358891
193,41,-1.1727214e-05
194,41,0.0006232532
195,41,0.00039140787
196,41,0.0001919074
197,41,0.00076353364
198,41,-9.059068e-05
199,41,0.0003494704
200,41,-0.00012605172
201,41,0.0005751448
202,41,0.0002526585
203,41,0.0006593596
204,41,0.0010715509
205,41,0.00045697857
206,41,8.064136e-05
207,41,6.318651e-05
208,41,0.00057663117
209,41,0.00027281046
210,41,6.233994e-05
211,41,0.0007865904
212,41,0.0003295103
213,41,0.00039858185
214,41,0.0006191535
215,41,0.0003253147
216,41,0.0004632268
217,41,0.0006618826
218,41,0.00038948935
219,41,0.000680387
220,41,0.00054878276
221,41,0.00018956326
222,41,0.0004453743
223,41,0.00019491743
224,41,0.00011084322
225,41,0.0005616555
226,41,0.000765753
227,41,0.00028403942
228,41,0.00015025306
229,41,-0.00012594834
230,41,0.0004474232
231,41,5.7742e-07
232,41,-7.1927905e-05
233,41,0.0007288931
234,41,0.0002518054
235,41,0.00048861187
236,41,0.00039320625
237,41,0.0002007503
238,41,0.0006025387
239,41,0.00012810901
240,41,0.0008424027
241,41,0.0008742241
242,41,-0.0002232045
243,41,0.00043857936
244,41,0.00030109938
245,41,0.000537483
246,41,0.00046266243
247,41,0.00011749379
248,41,0.0004493734
249,41,5.3457916e-06
250,41,0.00043609086
251,41,0.0005226387
252,41,0.00034424756
253,41,0.00014207885
254,41,0.000848121
255,41,0.0017541051
256,41,0.00039641373
257,41,0.0005473867
258,41,0.0007412899
259,41,0.00039288122
260,41,0.00092904177
261,41,0.00085593853
262,41,0.0005511185
263,41,0.00059266016
264,41,0.0006862711
265,41,0.0008303635
266,41,0.00088814367
267,41,0.0007559927
268,41,0.0005185772
269,41,0.00045661442
270,41,0.00058382936
271,41,0.00079123955
272,41,0.0009648716
273,41,0.00055813603
274,41,0.00094213523
275,41,0.0003996631
276,41,0.00049503427
277,41,0.0005844068
278,41,0.00048789196
279,41,0.00025660452
280,41,5.1455572e-05
281,41,0.00070963614
282,41,0.00039575994
283,41,-5.9983693e-05
284,41,0.00073105376
285,41,0.0003021257
286,41,0.00019106828
287,41,5.7020225e-05
288,41,0.0007297415
289,41,0.0002491139
290,41,8.500181e-05
291,41,0.00037274696
292,41,0.0005485611
293,41,0.00021079369
294,41,-2.9239804e-05
295,41,0.0002645189
296,41,0.00020672753
297,41,0.0006120736
298,41,0.0005618464
299,41,0.0008599702
300,41,0.00026932918
301,41,0.00037301518
302,41,0.00045348518
303,41,0.00036278833
304,41,-3.750343e-05
305,41,0.0005571693
306,41,0.00088795274
307,41,0.0010534097
308,41,0.0004927609
309,41,0.0004406236
310,41,0.0010219105
311,41,0.0002738163
312,41,-0.00017540157
313,41,0.0008001048
314,41,0.000216797
315,41,0.00060884375
316,41,0.00063984655
317,41,0.000761061
318,41,0.0009992216
319,41,0.00075106695
320,41,0.0005674595
321,41,0.0003659157
322,41,0.0010991422
323,41,8.669682e-05
324,41,0.0002723504
325,41,0.0005505467
326,41,0.00074744597
327,41,0.00076258555
328,41,0.00068522245
329,41,0.00089806505
330,41,0.00045949966
331,41,0.0009027757
332,41,0.000592662
333,41,0.0009509139
334,41,0.00058955885
335,41,0.00035377312
336,41,0.00069714524
337,41,0.0006801225
338,41,0.0006516911
339,41,0.0005469108
340,41,0.00072841067
341,41,0.00039416086
342,41,0.0011373619
343,41,0.0008672392
344,41,0.00024663657
345,41,0.000397739
346,41,0.00082038064
347,41,0.00028349552
348,41,0.0008361032
349,41,0.000378713
350,41,0.000810002
351,41,0.00057968684
352,41,0.00044661388
353,41,0.00058805384
354,41,0.00036692806
355,41,0.0006666202
356,41,0.0005311109
357,41,0.0005015051
358,41,0.00041604415
359,41,0.00028789323
360,41,-5.158782e-05
361,41,7.052533e-05
362,41,0.00043270644
363,41,0.00072861835
364,41,0.00079214014
365,41,0.00053955335
366,41,
367,41,0.00057723094
368,41,0.00067241676
369,41,0.0010192944
370,41,0.00012019463
371,41,0.00027233176
372,41,0.0007356964
373,41,0.0007439088
374,41,0.00068207085
375,41,0.00035308022
376,41,0.00075745676
377,41,0.0006671548
378,41,0.0005902946
379,41,0.00075107254
380,41,5.796086e-05
381,41,0.0012104269
382,41,0.0008152062
383,41,0.0009915996
384,41,0.00037404895
385,41,0.0007292526
386,41,0.0004291907
387,41,0.00047094934
388,41,0.00077423267
389,41,0.00041473284
390,41,0.0008755671
391,41,0.00058963615
392,41,0.00043701846
393,41,-9.016041e-05
394,41,-0.00016360544
395,41,0.00045180786
396,41,0.00035478175
397,41,0.00043692067
398,41,0.0009255884
399,41,0.0003570309
400,41,0.0004475126
401,41,0.00061439164
402,41,0.00030682795
403,41,0.0005230075
404,41,0.00095934235
405,41,0.00047904998
406,41,0.0006977804
407,41,0.00019947253
408,41,0.0015463047
409,41,0.00068829674
410,41,0.000964297
411,41,0.0005001826
412,41,0.0005861968
413,41,0.0006199386
414,41,0.0004932601
415,41,0.0009573344
416,41,0.00023969356
417,41,0.0006378908
418,41,0.00049714744
419,41,0.000395176
420,41,0.00089073554
421,41,0.00088442117
422,41,0.00071471836
423,41,0.0009381464
424,41,0.0003527291
425,41,0.0007213745
426,41,0.00041379035
427,41,0.0007056724
428,41,0.0005241949
429,41,0.0005653184
430,41,0.00053143967
431,41,0.00075300597
432,41,0.0010624854
433,41,0.0010171328
434,41,0.00062630884
435,41,0.0007623937
436,41,0.00023313612
437,41,0.000590384
438,41,0.0007741656
439,41,0.0008257758
440,41,0.0006708056
441,41,0.00043889135
442,41,0.00082282815
443,41,0.0009811791
444,41,0.0007364098
445,41,0.0008224342
446,41,0.0006523421
447,41,0.0005522547
448,41,0.00096361805
449,41,0.00040641986
450,41,0.001178043
451,41,0.00034877285
452,41,6.794743e-05
453,41,0.0008747643
454,41,0.00086865947
455,41,0.00068108086
456,41,0.00016752072
457,41,-0.00010084268
458,41,0.0005736407
459,41,0.0006398428
460,41,0.0007064054
461,41,0.0007760916
462,41,0.00023760553
463,41,0.0008831294
464,41,0.00029068347
465,41,0.0009688465
466,41,0.0006540986
467,41,0.00067738444
468,41,-0.0001182314
469,41,0.00028155744
470,41,0.00038643368
471,41,0.00018951297
472,41,0.00069140084
473,41,0.0003603911
474,41,0.0010913033
475,41,0.0011236724
476,41,0.00076724216
477,41,0.0005920287
478,41,0.0005622981
479,41,0.0006703185
480,41,0.00055689923
481,41,0.00012747291
482,41,6.849319e-05
483,41,0.0001509944
484,41,-0.00011985749
485,41,0.0003785938
486,41,0.0004589539
487,41,0.0009379182
488,41,0.0009795884
489,41,-2.1106564e-05
490,41,0.0009521302
491,41,0.00062649883
492,41,0.0013295431
493,41,0.00077758636
494,41,0.0005692439
0,42,0.00022569858
1,42,0.0005760398
2,42,0.00039708614
3,42,0.0008094888
4,42,0.0015050648
5,42,0.0005014995
6,42,
7,42,
8,42,
9,42,
10,42,
11,42,
12,42,
13,42,
14,42,
15,42,
16,42,
17,42,
18,42,
19,42,
20,42,
21,42,
22,42,
23,42,
24,42,
25,42,
26,42,
27,42,
28,42,
29,42,
30,42,0.0013367105
31,42,0.0006776713
32,42,0.00023206323
33,42,0.0003664773
34,42,0.0007064957
35,42,0.0007616244
36,42,0.00021156389
37,42,8.797087e-05
38,42,-6.917305e-05
39,42,0.0004619602
40,42,0.00084484834
41,42,0.0006360393
42,42,0.0001144493
43,42,0.0010726191
44,42,0.00036967546
45,42,0.0003975453
46,42,-3.792625e-05
47,42,0.0006185472
48,42,0.00014069304
49,42,0.00039592385
50,42,0.00083650555
51,42,0.00011276454
52,42,0.0008445997
53,42,0.0005425401
54,42,0.00075110234
55,42,0.0004337784
56,42,0.0007399507
57,42,0.00074917264
58,42,0.00082074665
59,42,0.00066231284
60,42,0.0005923789
61,42,0.0010162843
62,42,0.00074334163
63,42,-0.0001835851
64,42,0.00074478984
65,42,0.0006924914
66,42,0.0010591941
67,42,0.00035157427
68,42,0.0006097108
69,42,0.00053818524
70,42,0.0006088745
71,42,0.0008007251
72,42,0.00067726895
73,42,0.00028701592
74,42,0.0007148972
75,42,0.0006360635
76,42,0.0010994086
77,42,0.00046671554
78,42,0.00036371034
79,42,0.00042988732
80,42,0.00028464757
81,42,0.00045885425
82,42,0.000738034
83,42,0.00091780815
84,42,0.00061871577
85,42,0.00046594534
86,42,0.00065896194
87,42,0.0011102837
88,42,
89,42,0.00081626046
90,42,0.00033831596
91,42,
92,42,
93,42,
94,42,0.00029516313
95,42,0.0003791023
96,42,0.0006283093
97,42,0.0008718949
98,42,0.00042048935
99,42,0.0010135127
100,42,0.0003194278
101,42,-2.960302e-05
102,42,0.0005282387
103,42,0.0008154819
104,42,
105,42,
106,42,
107,42,
108,42,
109,42,
110,42,
111,42,
112,42,
113,42,
114,42,
115,42,-0.00027937535
116,42,0.00012118649
117,42,0.0001375433
118,42,0.000234521
119,42,0.00017124694
120,42,0.00030360185
121,42,0.0008361861
122,42,0.00038324762
123,42,0.0007897448
124,42,8.8835135e-05
125,42,0.00015376695
126,42,
127,42,
128,42,
129,42,
130,42,
131,42,
132,42,
133,42,0.00032983068
134,42,
135,42,0.0001307372
136,42,0.0008286638
137,42,0.0010083718
138,42,0.0005652774
139,42,0.00041549932
140,42,0.00061614905
141,42,0.0009382395
142,42,0.00058957096
143,42,0.00092136115
144,42,0.000739621
145,42,0.0014039837
146,42,0.00040476024
147,42,0.00059949234
148,42,0.0008837683
149,42,0.0008450737
150,42,0.001064349
151,42,0.0002976507
152,42,0.0008044122
153,42,0.0006477274
154,42,0.0009963783
155,42,0.0005769525
156,42,-0.00017074775
157,42,0.0009380644
158,42,0.0002470333
159,42,0.0008271206
160,42,0.00073915254
161,42,0.00075142644
162,42,0.000379649
163,42,0.00068821944
164,42,0.0011286801
165,42,0.00041883718
166,42,0.00081138685
167,42,0.00069529563
168,42,-0.0002150312
169,42,0.0001503937
170,42,0.00024280418
171,42,0.0005579218
172,42,1.3324432e-05
173,42,0.000108896755
174,42,0.00049701426
175,42,0.0002865009
176,42,0.0004914701
177,42,0.0012779683
178,42,0.0004373137
179,42,0.0004239455
180,42,0.00017144997
181,42,0.00081907026
182,42,0.00043293368
183,42,0.00042690523
184,42,0.00074577425
185,42,9.6235424e-05
186,42,0.0001623733
187,42,0.00077995844
188,42,0.0005912129
189,42,0.00013419054
190,42,-2.654083e-05
191,42,0.00031885784
192,42,0.00039007422
193,42,-7.315725e-05
194,42,0.0004935451
195,42,0.00070111826
196,42,0.00062544923
197,42,0.00044998713
198,42,0.00057642534
199,42,0.00040910486
200,42,0.00043043308
201,42,0.00047478173
202,42,0.0005509434
203,42,0.00051794853
204,42,0.00025023613
205,42,0.00073422585
206,42,0.00029513054
207,42,0.00024924893
208,42,0.0005187206
209,42,0.00068117864
210,42,0.0005142391
211,42,0.0005781725
212,42,0.00082843285
213,42,0.0006907871
214,42,0.0006540129
215,42,0.00028585643
216,42,0.0005247146
217,42,0.00046036858
218,42,0.0007924186
219,42,0.0005783569
220,42,0.00043106917
221,42,0.000351388
222,42,0.0005018851
223,42,0.00010999292
224,42,0.00027337018
225,42,0.00072514825
226,42,0.00046681426
227,42,0.0003194781
228,42,0.00018740166
229,42,0.00046816655
230,42,0.0005664099
231,42,-7.3934905e-05
232,42,0.0007598279
233,42,-0.000113326125
234,42,0.00088136643
235,42,0.00013723783
236,42,0.0009075394
237,42,0.00070626196
238,42,0.00018621422
239,42,0.0008507231
240,42,0.00073625334
241,42,0.00016092416
242,42,0.0010877512
243,42,0.0004820004
244,42,0.0005135033
245,42,0.000560659
246,42,0.0006208103
247,42,0.00018882658
248,42,0.00015179534
249,42,0.00044960715
250,42,0.00038314518
251,42,0.0005652718
252,42,0.0008182861
253,42,0.0005132556
254,42,0.00011237897
255,42,0.00088291336
256,42,0.00037718564
257,42,0.0004679989
258,42,0.0005790768
259,42,0.0005948525
260,42,0.00053050555
261,42,0.00065414794
262,42,0.0002543172
263,42,0.0001514433
264,42,0.00043670088
265,42,0.0005882634
266,42,0.0010593124
267,42,0.0005665021
268,42,0.0009236913
269,42,0.000491675
270,42,0.000827753
271,42,0.00066367723
272,42,0.0006611664
273,42,0.0008465722
274,42,0.0005504973
275,42,0.0005191341
276,42,0.0008052746
277,42,0.00028785504
278,42,0.00029429886
279,42,0.00020129327
280,42,0.00015841983
281,42,-9.866431e-06
282,42,-9.424519e-05
283,42,8.048676e-05
284,42,0.00034082215
285,42,0.0004157601
286,42,0.00024920423
287,42,-6.194413e-05
288,42,0.0003343029
289,42,0.00041736104
290,42,0.00042790174
291,42,0.00044748373
292,42,0.0004915586
293,42,0.00045992061
294,42,-0.00048129074
295,42,0.00069960114
296,42,7.289369e-05
297,42,0.00058660656
298,42,0.00017405674
299,42,0.0005151136
300,42,0.00017377827
301,42,0.00036030915
302,42,0.00037586316
303,42,0.0005789837
304,42,0.000695575
305,42,0.00017855596
306,42,0.0007530181
307,42,0.00055463426
308,42,0.00075709354
309,42,0.0006667664
310,42,0.0005565705
311,42,0.0009744065
312,42,0.00064350665
313,42,0.0006161658
314,42,0.0009018462
315,42,0.0013821591
316,42,0.00078365114
317,42,0.00037342403
318,42,0.0004345756
319,42,0.00033649802
320,42,0.00041424576
321,42,0.0010368638
322,42,0.00092358515
323,42,0.0004863916
324,42,0.00092553534
325,42,0.00084985234
326,42,5.007256e-05
327,42,0.00091965497
328,42,0.00019553024
329,42,0.00086210575
330,42,0.0005698912
331,42,0.00059198495
332,42,0.0006529195
333,42,0.0010845568
334,42,0.0006198855
335,42,0.00012850948
336,42,0.00013114326
337,42,1.9241124e-05
338,42,0.00047106761
339,42,0.0005603358
340,42,0.00095030665
341,42,0.00069208164
342,42,0.00040130876
343,42,0.00068952795
344,42,0.0008027926
345,42,0.0009819586
346,42,0.0008368576
347,42,0.00058471225
348,42,0.000529157
349,42,0.00045115035
350,42,0.00023586489
351,42,0.0005266331
352,42,0.000422813
353,42,0.0005984213
354,42,0.0009895964
355,42,0.00093579106
356,42,0.0003170818
357,42,0.00012944173
358,42,0.00030654762
359,42,0.00062291604
360,42,0.0005139634
361,42,0.001124084
362,42,0.0007933248
363,42,0.0009828089
364,42,0.00048121624
365,42,0.00045442116
366,42,0.0004928438
367,42,0.0003907159
368,42,0.0005107755
369,42,0.00010503363
370,42,0.00060907006
371,42,0.0008710623
372,42,0.00039706845
373,42,0.000704824
374,42,0.00087466463
375,42,0.00065680314
376,42,0.0005047815
377,42,0.0008046925
378,42,0.0008697277
379,42,0.0011376934
380,42,0.00040695257
381,42,0.00054477714
382,42,0.00040863268
383,42,0.00030789617
384,42,0.0005940208
385,42,0.00049968157
386,42,9.326078e-05
387,42,0.00048495736
388,42,0.00077757984
389,42,0.00018800516
390,42,0.0005066609
391,42,0.00085010845
392,42,0.000608556
393,42,4.2107888e-05
394,42,0.00068108086
395,42,0.00026883464
396,42,-0.00027855765
397,42,0.00084132235
398,42,0.00095018186
399,42,0.000680062
400,42,0.00026108418
401,42,0.00065165386
402,42,0.00073184446
403,42,0.00080362614
404,42,0.00042983145
405,42,0.00048043765
406,42,0.00019514933
407,42,0.00025557447
408,42,0.0004208302
409,42,0.00010656193
410,42,0.0004695505
411,42,0.00034477375
412,42,-6.202888e-05
413,42,0.0004638629
414,42,0.0003467761
415,42,0.00021912996
416,42,0.0004140148
417,42,0.0003776038
418,42,0.0005640667
419,42,0.00067632366
420,42,0.0009977594
421,42,0.00048764795
422,42,0.0009831656
423,42,0.00041567162
424,42,0.0011199936
425,42,0.00081438664
426,42,0.00047395378
427,42,0.00046854373
428,42,0.0012325682
429,42,0.0002886271
430,42,0.0005936669
431,42,0.0007006312
432,42,0.0009291889
433,42,0.00051692035
434,42,0.000771394
435,42,0.0004586866
436,42,6.298069e-05
437,42,0.0010001725
438,42,0.00084243994
439,42,0.0010793908
440,42,0.00090898015
441,42,0.00040232483
442,42,0.0009824606
443,42,0.00092172995
444,42,0.00042207632
445,42,0.0009482857
446,42,0.00050842855
447,42,0.00070641655
448,42,0.000712608
449,42,0.0009399187
450,42,0.0003779186
451,42,0.00035028718
452,42,0.00019571371
453,42,0.001053568
454,42,0.0008957777
455,42,0.0006175339
456,42,0.0004295325
457,42,0.0001179995
458,42,0.0007986631
459,42,0.0010900861
460,42,0.00053951144
461,42,0.00038202666
462,42,0.00042046607
463,42,0.0002980614
464,42,0.000756952
465,42,0.0004055295
466,42,0.0005996786
467,42,0.0006307978
468,42,0.0005679419
469,42,0.0004637437
470,42,0.0005917754
471,42,6.810669e-05
472,42,0.0009390218
473,42,0.00040183216
474,42,0.0005921768
475,42,0.0003857594
476,42,2.1947548e-05
477,42,0.00063943584
478,42,0.0003655348
479,42,0.0003013136
480,42,0.00064579584
481,42,0.0006738957
482,42,0.00043794326
483,42,0.0007272558
484,42,0.00063749775
485,42,0.00039185304
486,42,0.0008577863
487,42,0.0009315945
488,42,0.0005630981
489,42,0.000121298246
490,42,0.0008278778
491,42,0.00031960197
492,42,-0.0002486538
493,42,0.00033471454
494,42,0.0006001042
0,43,0.0006835619
1,43,0.0004916573
2,43,0.0009139618
3,43,0.00093884673
4,43,0.0011620764
5,43,0.0007239077
6,43,
7,43,
8,43,
9,43,
10,43,
11,43,
12,43,
13,43,
14,43,
15,43,
16,43,
17,43,
18,43,
19,43,
20,43,
21,43,
22,43,
23,43,
24,43,
25,43,
26,43,
27,43,
28,43,
29,43,
30,43,
31,43,0.0003168583
32,43,0.0006094342
33,43,0.00060128793
34,43,0.00012945011
35,43,0.00091780256
36,43,0.00041673612
37,43,0.00078453496
38,43,-0.000114726834
39,43,0.00094976276
40,43,0.0010180548
41,43,0.0008127745
42,43,0.00019389112
43,43,0.00025237724
44,43,0.000982685
45,43,0.00034032576
46,43,7.4617565e-05
47,43,0.0007725116
48,43,0.00010844972
49,43,-4.1057356e-05
50,43,0.00065549836
51,43,0.00062862784
52,43,0.00047818106
53,43,0.0006027166
54,43,0.0006321557
55,43,0.00055620633
56,43,0.0008449424
57,43,0.000873778
58,43,0.0006477041
59,43,0.00015426613
60,43,0.00065236446
61,43,0.000934978
62,43,0.00085297227
63,43,0.00076137297
64,43,0.00022283196
65,43,0.00045771617
66,43,0.00070429966
67,43,0.00066795386
68,43,0.00064738747
69,43,-0.00024492666
70,43,0.0005226638
71,43,0.00031804945
72,43,0.0011386601
73,43,0.00024182722
74,43,0.0002814615
75,43,0.0008276906
76,43,0.00040116347
77,43,0.00089136045
78,43,0.0008083768
79,43,0.00042470638
80,43,0.000848284
81,43,0.0005214941
82,43,0.0006552944
83,43,0.00049261283
84,43,0.00086774025
85,43,0.0005415082
86,43,0.00078149326
87,43,0.00044114143
88,43,0.0011483766
89,43,0.00028324965
90,43,
91,43,0.0008160621
92,43,0.0005304208
93,43,
94,43,0.00023300294
95,43,0.0006575994
96,43,0.00018969551
97,43,0.00028323848
98,43,0.00093544833
99,43,5.415734e-05
100,43,0.00010639615
101,43,0.00038628466
102,43,0.0008101668
103,43,
104,43,
105,43,
106,43,
107,43,
108,43,
109,43,
110,43,
111,43,
112,43,
113,43,
114,43,
115,43,0.000971308
116,43,0.00052202865
117,43,0.000292575
118,43,0.00014763046
119,43,0.00044685975
120,43,9.359885e-05
121,43,0.00077578705
122,43,0.00055953674
123,43,0.0008591153
124,43,0.0006034337
125,43,0.0012429385
126,43,
127,43,
128,43,
129,43,
130,43,
131,43,
132,43,
133,43,
134,43,
135,43,8.0955215e-05
136,43,0.00047369115
137,43,0.0005923966
138,43,0.0010607606
139,43,0.0004576901
140,43,0.0005474705
141,43,0.00063875876
142,43,0.0009567905
143,43,0.0007726606
144,43,0.0006724149
145,43,0.00097560696
146,43,0.00050073117
147,43,0.0011271946
148,43,0.0009113271
149,43,0.0003717197
150,43,0.00031616166
151,43,0.00040384196
152,43,0.00046690367
153,43,0.0005654199
154,43,0.00060760137
155,43,-7.3555857e-06
156,43,0.00015739538
157,43,0.0006293021
158,43,0.0011573536
159,43,0.00029116217
160,43,0.0002524536
161,43,0.0004961798
162,43,0.00015388243
163,43,0.00022415072
164,43,0.00040354487
165,43,7.2139315e-05
166,43,-0.00016496237
167,43,0.0012434162
168,43,-0.00016507134
169,43,0.0011230586
170,43,1.0350719e-05
171,43,0.0003449712
172,43,0.0006228518
173,43,0.00038077403
174,43,0.00018562097
175,43,-0.000120614655
176,43,0.00058166496
177,43,0.00034072716
178,43,0.00079422817
179,43,0.00017784256
180,43,0.00038657803
181,43,0.000344255
182,43,0.00040831044
183,43,-1.2796372e-05
184,43,2.0179898e-05
185,43,0.00079714507
186,43,0.0005009342
187,43,-6.0512684e-05
188,43,0.00054082274
189,43,0.00049544126
190,43,-6.2894076e-05
191,43,0.00010630209
192,43,-4.7036447e-05
193,43,0.0003766045
194,43,6.372761e-05
195,43,0.00018125866
196,43,0.000587997
197,43,0.0008130586
198,43,-0.00034607295
199,43,0.0005931435
200,43,0.0005884543
201,43,0.00049451645
202,43,0.0007313788
203,43,0.00022036675
204,43,8.04672e-05
205,43,0.00041525252
206,43,0.00023485534
207,43,0.00044916756
208,43,1.5073456e-05
209,43,0.00013308134
210,43,0.0005650604
211,43,0.00032350607
212,43,0.00061228964
213,43,0.00043021794
214,43,0.00061930344
215,43,0.00011921581
216,43,0.0005732933
217,43,0.00019633211
218,43,0.00016097538
219,43,0.0005077198
220,43,0.0005534189
221,43,0.0005636988
222,43,0.000718575
223,43,0.00039648544
224,43,0.0006518103
225,43,0.00063973386
226,43,0.0006608851
227,43,0.0003525354
228,43,0.00047725812
229,43,0.00033787824
230,43,0.00031427387
231,43,0.00062788464
232,43,-2.7471222e-05
233,43,0.00015852973
234,43,0.00028887577
235,43,0.0010054624
236,43,0.00019702502
237,43,0.00042431802
238,43,5.8900565e-05
239,43,0.00055675395
240,43,0.0007055262
241,43,0.00019204617
242,43,0.0008402411
243,43,0.0002585696
244,43,0.00046470482
245,43,0.00046643056
246,43,0.00068297796
247,43,0.00057376176
248,43,0.0005878657
249,43,0.0004821308
250,43,8.599553e-05
251,43,5.3624623e-05
252,43,1.4496967e-05
253,43,6.976724e-05
254,43,0.0003201738
255,43,7.800106e-05
256,43,0.00045558624
257,43,0.00024749618
258,43,0.00037188083
259,43,0.0009125313
260,43,0.00037247036
261,43,0.00035550352
262,43,0.00094999745
263,43,0.00071831234
264,43,0.00077559426
265,43,0.00030627847
266,43,0.00049098954
267,43,0.00051807985
268,43,0.0006464021
269,43,0.0006914502
270,43,0.000973681
271,43,0.0007392913
272,43,0.00086258724
273,43,0.00043949112
274,43,0.00039930642
275,43,0.00058863126
276,43,0.00045383442
277,43,0.00041408
278,43,-0.00027509127
279,43,0.0003920747
280,43,0.0008322904
281,43,0.00076221954
282,43,0.0004933616
283,43,5.432684e-05
284,43,0.00034051295
285,43,0.00016691815
286,43,0.0002587298
287,43,7.11875e-05
288,43,0.00031663943
289,43,0.00080956705
290,43,0.00061357487
291,43,0.0003532963
292,43,3.4844503e-05
293,43,0.000739716
294,43,0.00062825903
295,43,0.00036768615
296,43,0.000861099
297,43,0.00043263845
298,43,0.00026655663
299,43,0.0006519463
300,43,0.00085896254
301,43,0.00045101065
302,43,0.00073638745
303,43,0.00016023591
304,43,0.0010632612
305,43,0.00039636903
306,43,0.00035937037
307,43,0.0010572486
308,43,0.00044532493
309,43,0.0005332818
310,43,0.00043468736
311,43,0.00048655272
312,43,0.0009925505
313,43,0.00042329915
314,43,7.8758225e-05
315,43,0.0009453222
316,43,0.00022209063
317,43,0.0005622003
318,43,0.001321354
319,43,0.00026936457
320,43,0.00038800016
321,43,0.0006641317
322,43,0.00097151287
323,43,0.0005462598
324,43,0.0003964482
325,43,0.00074847974
326,43,0.0005775066
327,43,0.0006232951
328,43,0.0005855914
329,43,0.00081185624
330,43,0.00048303232
331,43,0.0006137155
332,43,0.00062608905
333,43,0.0005511828
334,43,0.00015355926
335,43,0.00016725622
336,43,0.00034940802
337,43,9.346381e-05
338,43,0.000489139
339,43,2.419576e-06
340,43,0.00078672543
341,43,0.00044419058
342,43,0.0007450003
343,43,0.0011413647
344,43,0.00046367478
345,43,0.0008144304
346,43,0.0005191546
347,43,0.0012357645
348,43,0.00079120696
349,43,0.00037284382
350,43,0.0003501773
351,43,0.0010419292
352,43,0.00048027094
353,43,0.00021115132
354,43,0.00064584706
355,43,0.00010607205
356,43,0.00089367013
357,43,0.0004909774
358,43,0.0009526154
359,43,0.0007793475
360,43,0.0008916687
361,43,0.0003236197
362,43,0.00094502605
363,43,0.00012859795
364,43,0.00067866314
365,43,0.0002161907
366,43,0.0007186672
367,43,0.00051642116
368,43,0.00053723715
369,43,0.0003787093
370,43,0.0005360348
371,43,0.00041046087
372,43,-0.0001461301
373,43,0.0010952158
374,43,0.00031870604
375,43,1.6634353e-05
376,43,0.0007704934
377,43,0.00066137966
378,43,0.00023875851
379,43,0.0007783286
380,43,0.00071807485
381,43,-0.00025673956
382,43,-4.10527e-05
383,43,0.0005184971
384,43,0.00091865566
385,43,0.00056471117
386,43,0.0007615872
387,43,0.0005355505
388,43,0.0010463512
389,43,0.00072915107
390,43,0.0004643146
391,43,0.0004946077
392,43,0.0007737642
393,43,0.00029599108
394,43,0.0007293159
395,43,-0.00010524783
396,43,0.0008587623
397,43,0.00071800686
398,43,3.8268976e-05
399,43,0.00063345674
400,43,0.00025756098
401,43,0.0007838281
402,43,0.00058269966
403,43,0.0007413123
404,43,0.00020406954
405,43,0.00023659784
406,43,0.00028864294
407,43,0.00017237291
408,43,0.0006190697
409,43,0.00033858512
410,43,-2.0989217e-05
411,43,-0.00030055083
412,43,0.00067440234
413,43,0.00060469937
414,43,0.00049833953
415,43,0.0005063042
416,43,0.0011527808
417,43,0.0007901089
418,43,0.0005874261
419,43,0.000319683
420,43,0.0010526935
421,43,0.0007663015
422,43,0.00060700625
423,43,0.0006704135
424,43,0.00067311525
425,43,0.00038743205
426,43,0.00083954073
427,43,0.0011031376
428,43,0.00018620957
429,43,0.0008265218
430,43,0.0005416488
431,43,8.925609e-05
432,43,0.0006384328
433,43,0.0009449152
434,43,0.0010029795
435,43,0.0005293144
436,43,0.00044925138
437,43,0.0006853631
438,43,0.0006039273
439,43,0.00035834126
440,43,0.001122606
441,43,0.0004145177
442,43,0.00067237765
443,43,0.00033011287
444,43,0.00023565441
445,43,0.00071306434
446,43,0.00020134635
447,43,0.00073261745
448,43,0.0008282764
449,43,0.0007520355
450,43,0.0008332655
451,43,0.00041433517
452,43,0.0009132577
453,43,0.0010248199
454,43,0.00039048493
455,43,0.00060143135
456,43,0.00070994813
457,43,0.0005572764
458,43,0.00063284487
459,43,0.0005286457
460,43,0.0006713215
461,43,0.00043941662
462,43,0.0011360608
463,43,0.00016251206
464,43,0.00042334665
465,43,0.00022537634
466,43,0.0007028673
467,43,0.0006275121
468,43,0.0002820054
469,43,0.0007389169
470,43,0.0004939195
471,43,0.0006427597
472,43,0.0010423204
473,43,7.350184e-05
474,43,0.00061936025
475,43,0.0007302221
476,43,0.0002786247
477,43,0.0005137352
478,43,-2.6509166e-05
479,43,0.00024596695
480,43,-0.0001544822
481,43,0.0004524095
482,43,0.00071731675
483,43,0.0008317176
484,43,0.0009760866
485,43,0.00039608218
486,43,-2.172403e-05
487,43,0.0005577281
488,43,0.0007768851
489,43,0.001148765
490,43,0.00035705045
491,43,0.00068992656
492,43,0.00025934726
493,43,0.0002550045
494,43,0.00020277686
0,44,0.0009303177
1,44,0.00028150063
2,44,0.0005680267
3,44,0.001048807
4,44,0.00045676902
5,44,
6,44,
7,44,
8,44,
9,44,
10,44,
11,44,
12,44,
13,44,
14,44,
15,44,
16,44,
17,44,
18,44,
19,44,
20,44,
21,44,
22,44,
23,44,
24,44,
25,44,
26,44,
27,44,
28,44,
29,44,
30,44,
31,44,0.0010651853
32,44,0.000631799
33,44,0.000751148
34,44,0.0005005328
35,44,0.0003613662
36,44,0.00034179445
37,44,0.0001839064
38,44,-3.7415884e-05
39,44,0.00039948616
40,44,-5.514361e-05
41,44,0.00077987835
42,44,0.00039171614
43,44,0.0004419256
44,44,0.0004889872
45,44,5.9233047e-05
46,44,0.00029107835
47,44,0.00068068784
48,44,0.0009543458
49,44,0.00037418865
50,44,0.00044393912
51,44,0.0003109593
52,44,0.00084168557
53,44,-9.026378e-06
54,44,0.0011091065
55,44,0.00044848956
56,44,0.00086671486
57,44,0.0006097844
58,44,0.0007162634
59,44,0.00042587426
60,44,0.00067689735
61,44,0.00092940126
62,44,0.00037252996
63,44,0.0005442789
64,44,0.00086509157
65,44,0.001054138
66,44,0.00080094393
67,44,0.0010722149
68,44,4.4551678e-05
69,44,0.00048186444
70,44,0.0009995075
71,44,0.00060226675
72,44,0.00022480171
73,44,0.0006370209
74,44,0.0006958805
75,44,0.00087708794
76,44,0.0005921703
77,44,0.00071622804
78,44,0.0012046844
79,44,0.0008029556
80,44,0.00027467497
81,44,0.00050467625
82,44,0.0007967772
83,44,0.0006863186
84,44,0.0008370299
85,44,0.00019213371
86,44,0.0006537661
87,44,0.00085715204
88,44,0.00027567986
89,44,0.00016727671
90,44,0.0003608223
91,44,
92,44,
93,44,
94,44,0.000622903
95,44,0.0001918748
96,44,0.00024642423
97,44,0.0009218408
98,44,0.0006797835
99,44,0.0003155768
100,44,0.0006096903
101,44,0.0007367963
102,44,0.000109290704
103,44,
104,44,
105,44,
106,44,0.00096211676
107,44,
108,44,
109,44,
110,44,
111,44,
112,44,
113,44,
114,44,
115,44,0.00013745297
116,44,0.000857695
117,44,0.00042582303
118,44,0.00024938956
119,44,0.00051531475
120,44,0.0006035082
121,44,0.00019061286
122,44,0.00030943938
123,44,0.0005033957
124,44,0.0005279118
125,44,0.0003502248
126,44,
127,44,
128,44,
129,44,
130,44,
131,44,
132,44,0.00045287795
133,44,
134,44,
135,44,
136,44,0.00048830267
137,44,0.0009787381
138,44,0.00038677268
139,44,0.0008099461
140,44,0.00054891594
141,44,0.0007254733
142,44,0.00082267914
143,44,0.0002913382
144,44,0.00070388895
145,44,9.9821016e-05
146,44,0.0009523183
147,44,0.0011015348
148,44,0.00068480615
149,44,0.000555302
150,44,0.00023566466
151,44,0.00022207107
152,44,0.0010153381
153,44,0.0003155945
154,44,0.000106213614
155,44,0.00076031033
156,44,0.0009880513
157,44,-7.004477e-06
158,44,0.00017052703
159,44,-0.00036636926
160,44,0.0004765354
161,44,-9.363983e-05
162,44,0.00030034967
163,44,-7.215701e-05
164,44,0.0011997148
165,44,0.0007145582
166,44,0.00052358024
167,44,0.00036803354
168,44,0.00044049136
169,44,0.0008423757
170,44,-8.961186e-06
171,44,0.00048221275
172,44,0.00046052504
173,44,0.00043634232
174,44,-2.9283576e-05
175,44,0.00016169809
176,44,0.0002558222
177,44,0.000592174
178,44,0.00010938756
179,44,0.0005280152
180,44,0.0001421459
181,44,0.0007635066
182,44,0.0004234016
183,44,-0.00025922153
184,44,-0.00014402345
185,44,0.00010501128
186,44,0.0003335895
187,44,0.00021394249
188,44,0.00010352023
189,44,0.0010201242
190,44,0.00030017365
191,44,0.00018289313
192,44,0.00025713816
193,44,0.00031688064
194,44,0.00019977707
195,44,0.00019926205
196,44,0.00035439245
197,44,0.0001624832
198,44,2.136454e-05
199,44,0.00043678097
200,44,-0.00015605427
201,44,0.00026590656
202,44,0.0005910294
203,44,0.0005574096
204,44,0.0003093388
205,44,0.0004166821
206,44,0.001090006
207,44,0.00014803838
208,44,-7.194374e-05
209,44,0.00040765852
210,44,0.00039559416
211,44,0.0004888419
212,44,0.00029109418
213,44,-0.00020830892
214,44,0.00032825768
215,44,0.0002730824
216,44,0.00033349078
217,44,0.0005926229
218,44,0.0003209263
219,44,0.0004958464
220,44,0.0009310134
221,44,0.0006182194
222,44,0.0004597921
223,44,0.00014418084
224,44,0.00025195815
225,44,0.0004218761
226,44,0.0006853491
227,44,0.0006067045
228,44,0.00034539867
229,44,0.00064210594
230,44,0.00026647002
231,44,0.0005409876
232,44,0.00015647803
233,44,0.0003723735
234,44,0.00022408552
235,44,0.00077168737
236,44,0.00023655873
237,44,0.000267677
238,44,0.0004266575
239,44,0.00022182893
240,44,0.00018480979
241,44,0.00014509726
242,44,0.0007368047
243,44,0.00026581343
244,44,0.0002912255
245,44,0.00021313503
246,44,0.0007461831
247,44,0.00071539916
248,44,0.00016736239
249,44,0.00036516506
250,44,0.00076431874
251,44,0.00039447937
252,44,0.00024510454
253,44,0.00030031241
254,44,0.00078987516
255,44,0.00052896515
256,44,0.00030972064
257,44,0.00033673365
258,44,0.00016821083
259,44,0.00059058424
260,44,0.0007427484
261,44,0.0008496437
262,44,0.00051132776
263,44,0.0005371198
264,44,0.000919356
265,44,0.00060813874
266,44,0.0006331187
267,44,0.0004239073
268,44,0.0002552066
269,44,-7.701479e-05
270,44,0.00037087686
271,44,0.00067492947
272,44,0.0004915241
273,44,0.0008228468
274,44,0.0003408771
275,44,0.00046157185
276,44,0.00061269384
277,44,-0.00011506211
278,44,0.0008256594
279,44,0.0002381634
280,44,0.0005564764
281,44,0.00023938995
282,44,0.00080421474
283,44,0.00019972306
284,44,0.00039653108
285,44,0.00016756915
286,44,0.000564483
287,44,0.00026587117
288,44,0.00040385313
289,44,0.0005659554
290,44,0.00043667108
291,44,0.00046536885
292,44,0.00019292999
293,44,0.0005061114
294,44,0.0004478749
295,44,0.0003105849
296,44,0.00029093586
297,44,0.0005464824
298,44,0.0007101223
299,44,0.00028110668
300,44,0.0004912643
301,44,0.00031793118
302,44,0.000209474
303,44,9.634998e-05
304,44,0.00071908906
305,44,0.0012796223
306,44,0.0007445868
307,44,-0.00014804862
308,44,0.0005128868
309,44,0.0008641388
310,44,0.0006818902
311,44,0.00061798654
312,44,0.001211131
313,44,0.00079344213
314,44,0.000995459
315,44,0.00076589175
316,44,0.0010882597
317,44,0.0006589927
318,44,0.00025543384
319,44,0.0002686903
320,44,0.0006277906
321,44,0.0011726907
322,44,0.000779802
323,44,0.0006152205
324,44,0.0007222071
325,44,0.00043285824
326,44,0.00030033477
327,44,0.0010221759
328,44,0.00062773377
329,44,0.0008404581
330,44,0.0007858053
331,44,0.00075359363
332,44,0.00041748956
333,44,0.00031610113
334,44,9.421352e-05
335,44,1.9391067e-05
336,44,0.00010614004
337,44,0.0003819205
338,44,0.0010453667
339,44,0.00084018335
340,44,0.00041310582
341,44,0.00011411961
342,44,0.0007549897
343,44,0.00038093235
344,44,0.00092702825
345,44,0.0005206689
346,44,0.0006544525
347,44,0.0007355651
348,44,0.00093025714
349,44,0.0003514057
350,44,0.000740719
351,44,0.00036640093
352,44,0.0003130082
353,44,0.0011605993
354,44,0.00070783496
355,44,0.0006470168
356,44,0.00042640045
357,44,-0.00011306442
358,44,0.0006140666
359,44,0.00032163225
360,44,0.00045586564
361,44,0.00012315251
362,44,0.0004430376
363,44,0.0002506189
364,44,0.0010757353
365,44,-2.6359223e-05
366,44,0.00033674762
367,44,0.0005061561
368,44,0.0009285165
369,44,0.00088066515
370,44,0.0001245588
371,44,0.0006709108
372,44,0.000101692975
373,44,0.0006123157
374,44,0.00043864734
375,44,0.0005112644
376,44,0.0004920801
377,44,0.000699942
378,44,0.00027908105
379,44,0.0002483353
380,44,0.0005767932
381,44,0.00046878494
382,44,0.00062112417
383,44,0.00050383713
384,44,0.00033055246
385,44,0.00095487013
386,44,0.0010450762
387,44,0.00045577064
388,44,0.0008747857
389,44,0.00054612383
390,44,0.00049029477
391,44,0.00044884253
392,44,0.000417782
393,44,0.000726453
394,44,4.5477413e-05
395,44,0.000994931
396,44,0.00064182654
397,44,0.0008885274
398,44,0.000567941
399,44,0.0006330777
400,44,0.00053829886
401,44,7.4737705e-05
402,44,-0.00019737799
403,44,0.00087157637
404,44,6.599352e-05
405,44,0.0010002675
406,44,0.00031606108
407,44,0.00077153556
408,44,0.00028691906
409,44,0.00012780353
410,44,0.00022205058
411,44,0.00081974175
412,44,0.00041373633
413,44,0.00039714947
414,44,0.00044791028
415,44,0.00015621912
416,44,0.00062366016
417,44,0.00052732695
418,44,0.0005730931
419,44,0.00038882717
420,44,0.00088942796
421,44,0.0007892577
422,44,0.0008258326
423,44,0.00073565356
424,44,0.00056855194
425,44,0.0006837053
426,44,0.0005863942
427,44,0.0005597323
428,44,0.0005747583
429,44,0.00066943094
430,44,0.0007706722
431,44,0.00055796
432,44,0.0010010898
433,44,0.00060254894
434,44,0.00084479526
435,44,0.0010549678
436,44,0.0005303053
437,44,0.001130864
438,44,0.001216434
439,44,0.0008176621
440,44,0.00046602078
441,44,0.00018348172
442,44,0.0005922057
443,44,0.0004507769
444,44,0.0005635405
445,44,0.0006448068
446,44,0.0005591195
447,44,0.00054681115
448,44,0.0006500799
449,44,0.00066640787
450,44,0.0008107349
451,44,0.0010003047
452,44,0.0005389899
453,44,0.0008204412
454,44,0.0008440744
455,44,0.000978115
456,44,0.00035090558
457,44,0.00069878995
458,44,0.0010768194
459,44,0.0004128553
460,44,0.0006857943
461,44,0.00055494066
462,44,0.00010884274
463,44,0.0008950643
464,44,0.00036479905
465,44,0.0003058249
466,44,-0.00023933686
467,44,0.0001860382
468,44,0.0015934333
469,44,0.0004799161
470,44,0.0006072186
471,44,0.0010544863
472,44,0.001026581
473,44,0.00071583875
474,44,9.138789e-05
475,44,0.00016529113
476,44,0.0003518276
477,44,0.0010404624
478,44,0.00074076094
479,44,0.00048353896
480,44,0.0006331708
481,44,-3.9810315e-05
482,44,0.0006553186
483,44,0.0012710616
484,44,0.0004918594
485,44,0.0004093349
486,44,0.00023313798
487,44,0.00074196514
488,44,0.000501452
489,44,0.0011212192
490,44,0.0004341239
491,44,0.00042276736
492,44,0.0006452203
493,44,0.00035548396
494,44,0.00049122423
0,45,0.0003946554
1,45,0.00073636323
2,45,0.0010321867
3,45,0.0010521039
4,45,0.001332527
5,45,0.0010679644
6,45,0.00091207493
7,45,
8,45,
9,45,
10,45,
11,45,
12,45,
13,45,
14,45,0.00079900026
15,45,
16,45,0.0009014886
17,45,
18,45,
19,45,
20,45,
21,45,
22,45,
23,45,
24,45,
25,45,
26,45,
27,45,
28,45,
29,45,
30,45,
31,45,
32,45,0.0009811278
33,45,0.0010490669
34,45,0.0006764
35,45,0.000452769
36,45,0.00059977453
37,45,0.00039852317
38,45,0.00038014725
39,45,0.00042546727
40,45,0.0005615372
41,45,0.0003569685
42,45,0.00045696553
43,45,0.00027245842
44,45,0.00035888795
45,45,-0.00019742269
46,45,0.0003776159
47,45,0.00038537476
48,45,0.00011396501
49,45,0.0006106114
50,45,0.00077399984
51,45,0.00046643522
52,45,0.00017650053
53,45,0.00030494574
54,45,0.0005490808
55,45,0.0005309023
56,45,-0.000104178675
57,45,0.0006190501
58,45,0.00051037874
59,45,0.0006980067
60,45,0.00061556976
61,45,0.00077878963
62,45,0.00071424246
63,45,0.0007561259
64,45,-0.00010929536
65,45,0.00043460913
66,45,0.00017028768
67,45,0.00033517927
68,45,0.0005183369
69,45,0.0006489577
70,45,0.00067489594
71,45,0.0008503115
72,45,0.00060017966
73,45,0.00031289365
74,45,0.000101178885
75,45,0.00048606284
76,45,0.00083048455
77,45,0.0005559344
78,45,0.0010663588
79,45,0.0008139489
80,45,0.0007991921
81,45,0.0007185899
82,45,0.0012739291
83,45,0.0009809649
84,45,0.00096976664
85,45,0.00032366905
86,45,0.0005641142
87,45,0.0008843802
88,45,0.00028143637
89,45,0.0005698921
90,45,0.00039843656
91,45,
92,45,
93,45,
94,45,
95,45,
96,45,
97,45,-0.0005124612
98,45,0.00084792264
99,45,4.925765e-06
100,45,0.00022419915
101,45,
102,45,
103,45,
104,45,
105,45,
106,45,
107,45,0.0006637657
108,45,
109,45,
110,45,
111,45,
112,45,
113,45,
114,45,3.5809353e-05
115,45,0.0006414708
116,45,0.00035717804
117,45,0.00069709215
118,45,0.00068503805
119,45,0.0002696328
120,45,0.0009312583
121,45,0.00011552218
122,45,0.00028782245
123,45,0.0005694544
124,45,0.00062321406
125,45,0.00012571085
126,45,0.0005068416
127,45,-0.000164669
128,45,
129,45,
130,45,
131,45,0.0006335331
132,45,
133,45,
134,45,
135,45,
136,45,0.00072292704
137,45,0.00048564188
138,45,0.00047535077
139,45,0.0008150134
140,45,0.0002223989
141,45,0.00028667971
142,45,0.0010367874
143,45,0.00088377483
144,45,0.0004258165
145,45,6.361492e-05
146,45,0.0003683716
147,45,0.0007017823
148,45,0.0007925611
149,45,0.0004417263
150,45,0.0008029463
151,45,0.0007687416
152,45,0.0012791362
153,45,0.0008151755
154,45,0.00021821167
155,45,0.00022732094
156,45,0.00037773792
157,45,0.0005804412
158,45,0.00031972956
159,45,0.00012222305
160,45,0.00041303877
161,45,0.00016315281
162,45,0.0008040443
163,45,0.00018836465
164,45,0.00027709268
165,45,0.00055876654
166,45,0.0004140688
167,45,0.00027397182
168,45,0.0003069453
169,45,0.001205137
170,45,0.0003091246
171,45,0.00068134815
172,45,0.00034867134
173,45,0.00080020353
174,45,0.00047088414
175,45,0.00016832724
176,45,0.0006271787
177,45,0.00059464574
178,45,0.0004914412
179,45,0.0006656293
180,45,0.00044817384
181,45,0.0004373556
182,45,7.7068806e-05
183,45,0.00042988732
184,45,2.266094e-05
185,45,0.0001432756
186,45,0.0002787672
187,45,0.00069580413
188,45,0.00015910435
189,45,0.0003830511
190,45,0.00074028596
191,45,0.00033906288
192,45,0.00017424487
193,45,0.00085649453
194,45,0.0004240563
195,45,0.00036356505
196,45,-0.00024935044
197,45,0.0009060623
198,45,0.0005435599
199,45,-3.819354e-05
200,45,0.00036996882
201,45,-2.6559457e-05
202,45,0.0002457779
203,45,0.0010088049
204,45,0.00039227027
205,45,0.00056565646
206,45,0.000759854
207,45,0.00044894684
208,45,0.0005372651
209,45,9.659957e-05
210,45,0.0004453007
211,45,0.0005451888
212,45,0.00038481876
213,45,0.000644763
214,45,0.0005366206
215,45,0.0005139522
216,45,0.00013143755
217,45,9.413995e-05
218,45,0.00030770805
219,45,0.00072273705
220,45,0.0006389618
221,45,0.000634511
222,45,0.0002776226
223,45,-1.2533739e-05
224,45,0.00031532627
225,45,0.00047733262
226,45,0.0004267078
227,45,0.00037481263
228,45,0.00029714778
229,45,0.0006788345
230,45,0.0007466972
231,45,0.00087098405
232,45,0.00063048396
233,45,0.000710384
234,45,0.0005133515
235,45,0.00035836268
236,45,0.00041085389
237,45,3.5449862e-05
238,45,0.00033095665
239,45,-0.00010382477
240,45,-0.00012995675
241,45,0.00037724338
242,45,0.00037935842
243,45,1.0184944e-05
244,45,0.00027730875
245,45,0.00045051984
246,45,0.0006880369
247,45,0.0004828293
248,45,0.0003605131
249,45,0.00045481045
250,45,0.00026149023
251,45,0.00036895927
252,45,9.181257e-05
253,45,0.0006534094
254,45,0.00047158636
255,45,0.0008723689
256,45,0.0004957793
257,45,-0.00024372153
258,45,0.00034201518
259,45,0.00055535696
260,45,0.00051008165
261,45,0.000466872
262,45,0.0005269544
263,45,0.0005827658
264,45,0.0007200865
265,45,0.0006468762
266,45,0.0005531404
267,45,0.00072138663
268,45,0.00067630224
269,45,0.00027532224
270,45,0.0005828105
271,45,0.000729844
272,45,0.0008088602
273,45,0.0012281314
274,45,8.552708e-05
275,45,0.00034029782
276,45,0.000140002
277,45,0.00020966865
278,45,0.0005645212
279,45,0.00013187807
280,45,0.0008367384
281,45,0.00025582034
282,45,0.00048070587
283,45,0.00025955867
284,45,0.00026233308
285,45,0.00096086133
286,45,0.00046280492
287,45,0.0003642626
288,45,-3.8184226e-07
289,45,0.0006772205
290,45,0.000818287
291,45,8.047093e-05
292,45,0.00048787426
293,45,0.0002756724
294,45,0.00013754051
295,45,0.0007349299
296,45,0.00057525
297,45,0.00041540526
298,45,0.00025804527
299,45,0.00031336956
300,45,0.00049649924
301,45,0.0009610653
302,45,9.787269e-06
303,45,0.00026507303
304,45,0.00014398154
305,45,0.00022441335
306,45,0.00014053006
307,45,9.466894e-06
308,45,0.00056176074
309,45,0.0008870913
310,45,4.5479275e-05
311,45,0.00047372654
312,45,0.0009885887
313,45,0.0009506112
314,45,0.00077749137
315,45,0.00032777525
316,45,0.00076926034
317,45,0.00073206704
318,45,0.0008919472
319,45,0.0006322004
320,45,0.00029057637
321,45,0.0005173469
322,45,0.0011295984
323,45,0.00013913028
324,45,0.00042273384
325,45,2.2133812e-05
326,45,0.00037888065
327,45,0.0005708514
328,45,0.00082063954
329,45,0.000699549
330,45,0.0013921121
331,45,0.0007986557
332,45,0.00061342213
333,45,0.00060254615
334,45,0.00056974776
335,45,0.00025762618
336,45,0.00032959878
337,45,0.0005005002
338,45,0.00011266675
339,45,0.0010415353
340,45,0.0007741181
341,45,0.00053685624
342,45,0.0005651368
343,45,0.0008280352
344,45,0.00020173937
345,45,0.0008599851
346,45,0.00037618354
347,45,0.0005736584
348,45,0.00054147
349,45,0.000632233
350,45,0.0004882142
351,45,0.00067010336
352,45,0.00043033063
353,45,0.0006421227
354,45,0.000658215
355,45,0.00038337056
356,45,0.00066439435
357,45,0.0011913367
358,45,0.000765888
359,45,0.00056809746
360,45,0.00085574295
361,45,6.5096654e-05
362,45,1.7173588e-05
363,45,0.0003166562
364,45,-0.00021244306
365,45,0.0006012786
366,45,0.00028333254
367,45,0.00030110404
368,45,0.0006914651
369,45,0.0002473658
370,45,0.00013564713
371,45,0.00038898923
372,45,0.00054233894
373,45,0.00046744756
374,45,0.0007350715
375,45,0.00054689404
376,45,0.00051182415
377,45,0.0003976291
378,45,0.0002926588
379,45,0.00031524152
380,45,0.00053746626
381,45,0.0007103374
382,45,0.00055991486
383,45,1.5833415e-05
384,45,0.00025188178
385,45,0.00061496254
386,45,0.00072119106
387,45,0.001242578
388,45,0.0005210927
389,45,0.00076610595
390,45,0.0006918693
391,45,0.0006001862
392,45,0.00060857553
393,45,0.0008269446
394,45,0.0009967936
395,45,0.00066044275
396,45,0.00089683663
397,45,-0.00013499614
398,45,0.00040599145
399,45,0.00026879832
400,45,0.00022982992
401,45,5.5297278e-05
402,45,0.0002069287
403,45,0.0005541276
404,45,0.00044396706
405,45,0.00042374153
406,45,0.0010307347
407,45,0.0007145349
408,45,0.0004471019
409,45,0.0009207623
410,45,0.0008115368
411,45,0.0010341508
412,45,0.00089632627
413,45,0.000295965
414,45,0.0010061106
415,45,0.00031944737
416,45,0.0010233838
417,45,0.0008169422
418,45,0.00082385074
419,45,0.00093348697
420,45,0.00042650104
421,45,0.00078945793
422,45,0.0010123691
423,45,0.0012681866
424,45,0.0006426107
425,45,0.0005356306
426,45,0.00054604094
427,45,0.00050723273
428,45,0.0005567465
429,45,0.0003801426
430,45,0.0002977997
431,45,0.0003883103
432,45,0.00058319606
433,45,0.00035144482
434,45,0.0005195383
435,45,0.00032947864
436,45,0.00037293695
437,45,0.00067180675
438,45,0.00091151614
439,45,0.0004066564
440,45,0.0006978009
441,45,0.000641454
442,45,0.0008407412
443,45,0.000698138
444,45,0.00050005596
445,45,0.00037971884
446,45,0.00038167462
447,45,0.0004881909
448,45,0.00048355944
449,45,0.0005067205
450,45,0.0003507072
451,45,0.0005441662
452,45,-5.0477684e-06
453,45,0.0005077962
454,45,0.00066561066
455,45,0.0006868718
456,45,0.0004910948
457,45,0.00048766192
458,45,0.0010913685
459,45,0.00057127886
460,45,0.0011280868
461,45,0.0005301414
462,45,0.0007023085
463,45,0.00019387435
464,45,0.00087616965
465,45,0.0010839347
466,45,0.00036631152
467,45,0.00056645554
468,45,0.0006124545
469,45,0.0008609034
470,45,0.0006881133
471,45,0.0010267776
472,45,0.00076277833
473,45,0.0010033799
474,45,0.0005440442
475,45,-3.2191165e-05
476,45,0.0002303049
477,45,0.0010747137
478,45,0.0007932149
479,45,0.00072376616
480,45,0.0010921964
481,45,0.00034001563
482,45,0.00039584562
483,45,0.00028634164
484,45,0.00056741387
485,45,0.00053823553
486,45,0.00038298778
487,45,0.0005586529
488,45,0.0005607419
489,45,0.0005610455
490,45,0.0010303017
491,45,0.00020427909
492,45,0.00039131287
493,45,0.0005089529
494,45,4.0028244e-05
0,46,0.0009933552
1,46,0.0005053133
2,46,0.0009770803
3,46,0.0011290172
4,46,0.0007411344
5,46,0.0003477214
6,46,
7,46,
8,46,
9,46,
10,46,
11,46,
12,46,
13,46,
14,46,
15,46,
16,46,
17,46,
18,46,
19,46,
20,46,
21,46,
22,46,
23,46,
24,46,
25,46,
26,46,
27,46,
28,46,
29,46,
30,46,
31,46,
32,46,
33,46,0.00026666
34,46,0.0005407734
35,46,0.0009944597
36,46,0.00016460195
37,46,0.0008813385
38,46,0.000697555
39,46,0.00046214554
40,46,0.00067254435
41,46,0.0006526755
42,46,5.6176446e-05
43,46,0.00056848396
44,46,0.0004794933
45,46,0.0008714078
46,46,0.00024582818
47,46,0.00062168203
48,46,0.0002545733
49,46,0.00022308156
50,46,0.00013951212
51,46,0.00055376533
52,46,0.00015945174
53,46,0.00013425667
54,46,0.0008467743
55,46,0.00032157265
56,46,0.00043316465
57,46,0.0006844094
58,46,0.0005872259
59,46,0.0011017555
60,46,0.0007389402
61,46,0.0007683486
62,46,0.000940186
63,46,0.0009889379
64,46,0.0005181795
65,46,0.00061840285
66,46,-0.000176928
67,46,1.566019e-05
68,46,0.00066635944
69,46,0.0007260656
70,46,0.0007957779
71,46,0.00081048254
72,46,0.000383663
73,46,0.0004275199
74,46,0.0006553782
75,46,0.00070252083
76,46,0.0010063229
77,46,-3.0986033e-05
78,46,0.00027245376
79,46,0.00030654855
80,46,0.0011128001
81,46,0.0008328557
82,46,0.0007183403
83,46,0.00059416145
84,46,0.00045252405
85,46,0.00044984277
86,46,0.0013543144
87,46,0.00057945587
88,46,0.0006419141
89,46,0.0003136117
90,46,0.001001995
91,46,
92,46,
93,46,
94,46,
95,46,
96,46,
97,46,
98,46,0.000489478
99,46,0.00077776425
100,46,
101,46,
102,46,0.00021006353
103,46,
104,46,
105,46,
106,46,
107,46,
108,46,
109,46,
110,46,
111,46,
112,46,
113,46,
114,46,0.00095783453
115,46,0.00091837905
116,46,0.00037358608
117,46,0.0008040974
118,46,0.0005203141
119,46,0.00038591772
120,46,0.0003537396
121,46,3.9290637e-05
122,46,-0.00022371393
123,46,0.0007355921
124,46,0.0005225614
125,46,0.0009703459
126,46,0.0004771985
127,46,0.0007310407
128,46,0.00083120074
129,46,
130,46,0.0004718285
131,46,
132,46,
133,46,
134,46,
135,46,
136,46,
137,46,0.0007114541
138,46,0.00047654472
139,46,0.00048544072
140,46,0.00018215086
141,46,0.0009143362
142,46,0.0006432701
143,46,0.00060340296
144,46,0.00038107112
145,46,0.0008696588
146,46,0.00045142137
147,46,0.00062071346
148,46,0.000624259
149,46,0.00065983087
150,46,0.00035020895
151,46,0.0009279484
152,46,0.00055314973
153,46,0.00088452734
154,46,0.00034315512
155,46,4.050508e-05
156,46,0.0001289621
157,46,0.00037396513
158,46,0.0005720742
159,46,0.00042545982
160,46,-0.00011239108
161,46,0.00012846291
162,46,0.00029736385
163,46,0.000101904385
164,46,0.00095518865
165,46,2.1239743e-05
166,46,0.00019101333
167,46,0.00021507125
168,46,0.00016500335
169,46,-0.00019272137
170,46,0.0003167428
171,46,0.00045408402
172,46,0.00021496043
173,46,0.0008827867
174,46,0.00056618545
175,46,0.0007391209
176,46,0.00020351354
177,46,0.00035083946
178,46,0.00029358082
179,46,0.0001552375
180,46,0.0006661201
181,46,0.0011398597
182,46,0.0007707607
183,46,0.00059104897
184,46,0.00023888052
185,46,0.0005638581
186,46,0.00036647543
187,46,0.0005636513
188,46,0.0006739991
189,46,0.0005247565
190,46,0.0005209558
191,46,0.0005317405
192,46,0.00039667264
193,46,0.00033583492
194,46,0.00038093515
195,46,0.0007164134
196,46,0.001144981
197,46,0.0005054716
198,46,0.00076645985
199,46,0.0007884223
200,46,0.0008150134
201,46,7.54036e-05
202,46,0.00014327746
203,46,0.0008640783
204,46,0.00047577824
205,46,0.00091469195
206,46,7.509068e-05
207,46,0.000584485
208,46,0.0006076265
209,46,0.00052099954
210,46,0.0007615769
211,46,0.00051553454
212,46,-0.00012893975
213,46,0.00039984006
214,46,0.00048099458
215,46,0.00048471428
216,46,0.00083920173
217,46,0.00065739546
218,46,0.00075533986
219,46,0.001131149
220,46,0.00070193876
221,46,0.000119558536
222,46,0.00046295673
223,46,0.00090362877
224,46,0.00034673885
225,46,-0.0001347689
226,46,0.0004223222
227,46,0.00076003
228,46,0.00044165552
229,46,0.0005003782
230,46,0.00025590044
231,46,0.000451006
232,46,0.00027453806
233,46,0.0005201986
234,46,-0.0001232
235,46,0.0004698746
236,46,0.0006165067
237,46,3.5128556e-05
238,46,0.00088541955
239,46,0.0004783217
240,46,0.00066349376
241,46,0.00031774305
242,46,0.00044340082
243,46,0.00030061696
244,46,0.0003429968
245,46,0.0005872818
246,46,8.477736e-05
247,46,0.00021614414
248,46,0.0008215271
249,46,-1.9284897e-05
250,46,0.00038357358
251,46,0.00058856606
252,46,0.0005965391
253,46,3.132969e-05
254,46,0.0009861989
255,46,0.0004473962
256,46,0.000278092
257,46,0.00057416596
258,46,0.00038253143
259,46,0.0009072311
260,46,0.00023364462
261,46,0.00036060158
262,46,0.0006282041
263,46,0.00071522035
264,46,0.0005677352
265,46,0.00011807401
266,46,0.00081145763
267,46,0.0008502435
268,46,0.00068051927
269,46,0.0006706482
270,46,0.0002140291
271,46,0.0011382923
272,46,0.0007329639
273,46,0.0004613595
274,46,0.00043528434
275,46,0.00074500777
276,46,0.00023092795
277,46,0.0007490143
278,46,0.00016508251
279,46,-5.279854e-05
280,46,0.00041580666
281,46,0.0004133284
282,46,0.00011898298
283,46,0.0005787173
284,46,0.00015010778
285,46,0.0002671741
286,46,0.00014928635
287,46,0.00040731765
288,46,-0.00010241661
289,46,0.00027339533
290,46,0.00019040518
291,46,0.0002700789
292,46,-7.035583e-05
293,46,0.00056319777
294,46,0.00047466718
295,46,0.0004680613
296,46,0.00031520613
297,46,8.64882e-05
298,46,0.0001757415
299,46,0.0002958374
300,46,0.0002600141
301,46,0.00042788684
302,46,0.00034418795
303,46,0.000590303
304,46,0.00061967596
305,46,0.0009381892
306,46,0.00044759177
307,46,0.0006233705
308,46,0.0007968992
309,46,0.000658161
310,46,0.0006511668
311,46,0.00027050637
312,46,0.00085226074
313,46,0.0007589366
314,46,0.0007567592
315,46,0.00093320385
316,46,0.0011426918
317,46,0.00074644014
318,46,-0.00014105253
319,46,0.0006500641
320,46,0.00061801355
321,46,0.00029912312
322,46,-0.00021069683
323,46,0.00049593206
324,46,0.00045007467
325,46,0.0004609041
326,46,0.0007689623
327,46,0.00011189468
328,46,0.00023929216
329,46,0.00048114453
330,46,0.00097594317
331,46,0.00019066595
332,46,0.00072603393
333,46,0.0002189707
334,46,0.00064141396
335,46,-7.543713e-05
336,46,0.0001639938
337,46,0.00077680685
338,46,-2.8376468e-05
339,46,0.00052531436
340,46,0.00042223372
341,46,0.0005747471
342,46,0.00022524502
343,46,0.0010390803
344,46,0.00083285104
345,46,9.338278e-05
346,46,0.00093043037
347,46,0.0007690741
348,46,0.00037316605
349,46,0.0006171018
350,46,0.00068715494
351,46,0.0008023847
352,46,0.001117575
353,46,0.00062628277
354,46,0.0004998753
355,46,0.0007618163
356,46,0.0006021736
357,46,0.0005738232
358,46,0.00053273514
359,46,0.0007686857
360,46,7.4991025e-05
361,46,0.00031221844
362,46,0.0007665679
363,46,4.495494e-05
364,46,-7.6829456e-05
365,46,0.00067477766
366,46,0.0010525668
367,46,0.00044230185
368,46,0.0005640127
369,46,0.0005581444
370,46,0.00062957034
371,46,0.0007316619
372,46,0.00035555754
373,46,6.213412e-05
374,46,0.0010753563
375,46,0.0006031459
376,46,0.00024157017
377,46,0.00074995495
378,46,0.00074077956
379,46,0.0006532511
380,46,0.00057627633
381,46,0.0007771943
382,46,0.0009268252
383,46,0.00015723053
384,46,0.0005231565
385,46,0.0008294657
386,46,0.00054752734
387,46,0.0010352805
388,46,0.00029237568
389,46,0.00044197496
390,46,0.0005424805
391,46,4.049577e-05
392,46,0.0005413955
393,46,0.00054969545
394,46,-1.688581e-05
395,46,0.0007539643
396,46,0.00040787924
397,46,0.000509982
398,46,0.00049319863
399,46,0.0006017452
400,46,0.0003008265
401,46,-0.00023683999
402,46,0.0006952435
403,46,0.0008257283
404,46,0.0007350398
405,46,0.00046434253
406,46,0.00080650114
407,46,0.0006638281
408,46,0.0003746096
409,46,0.0008029472
410,46,0.00040120445
411,46,0.00088672154
412,46,0.00030285027
413,46,0.00011100713
414,46,0.0006565098
415,46,0.0010489365
416,46,0.00034603477
417,46,0.00023523718
418,46,0.0006778147
419,46,0.0004249364
420,46,0.0006593615
421,46,0.00015393272
422,46,0.00040515792
423,46,0.00019885413
424,46,7.210206e-05
425,46,0.00063304324
426,46,0.0004767934
427,46,0.00028552674
428,46,0.00049746316
429,46,0.00068221055
430,46,0.0005709231
431,46,0.00095771905
432,46,0.00023510773
433,46,0.00020119734
434,46,0.00096250605
435,46,0.0002871286
436,46,0.0004154276
437,46,0.00073707104
438,46,0.00038013142
439,46,0.00091944076
440,46,0.0006989585
441,46,0.0011175722
442,46,0.0005657952
443,46,0.00088433176
444,46,0.00051260646
445,46,0.00036052056
446,46,0.00049316697
447,46,0.00045895297
448,46,0.00066643953
449,46,0.0006582886
450,46,0.0007735137
451,46,0.00064610783
452,46,0.00021608267
453,46,0.0006676689
454,46,0.0009659296
455,46,0.00039456878
456,46,0.00023608282
457,46,0.00067730993
458,46,0.00135695
459,46,0.00096819364
460,46,0.00054436736
461,46,0.0006978754
462,46,-0.00015676674
463,46,0.00027308054
464,46,0.0002872683
465,46,0.00012857001
466,46,0.0004967861
467,46,0.0008489322
468,46,0.0006111739
469,46,0.0009621745
470,46,0.00046941917
471,46,0.0009750426
472,46,0.00051515084
473,46,0.0006521223
474,46,0.0009834068
475,46,0.00087745395
476,46,0.00023395754
477,46,-8.862838e-05
478,46,0.00020215195
479,46,0.0003861664
480,46,0.0008197464
481,46,0.00013360567
482,46,0.00015405659
483,46,0.0003019236
484,46,0.00034077372
485,46,0.0005922094
486,46,0.0006976491
487,46,0.0002560038
488,46,0.00046981964
489,46,0.0005509453
490,46,0.00054493174
491,46,0.00027858466
492,46,0.00016189087
493,46,0.00040289573
494,46,-2.951175e-05
0,47,0.0008424986
1,47,0.00078517944
2,47,0.00048302114
3,47,0.0002729278
4,47,0.0005795751
5,47,0.0008123182
6,47,0.0005133385
7,47,
8,47,
9,47,
10,47,
11,47,
12,47,
13,47,
14,47,
15,47,
16,47,
17,47,
18,47,
19,47,
20,47,
21,47,
22,47,
23,47,
24,47,
25,47,
26,47,
27,47,
28,47,
29,47,
30,47,
31,47,
32,47,
33,47,0.0007105563
34,47,-3.1620264e-05
35,47,0.0002439376
36,47,0.00079628173
37,47,0.00029465277
38,47,0.00019465946
39,47,0.00055824686
40,47,0.00043814257
41,47,-0.00014133379
42,47,0.0003335504
43,47,0.0006167013
44,47,0.0005077645
45,47,0.0012755683
46,47,0.0003483668
47,47,8.966122e-05
48,47,0.00045973156
49,47,0.0005410379
50,47,0.00062454585
51,47,0.0004931241
52,47,0.00027926825
53,47,0.00043750554
54,47,0.0009997571
55,47,0.0009492971
56,47,0.00055345334
57,47,0.0005931398
58,47,0.0007026186
59,47,0.00044905487
60,47,0.00083683524
61,47,0.000101151876
62,47,0.0005005002
63,47,0.00053790864
64,47,0.0005243784
65,47,0.0010844404
66,47,0.0006931834
67,47,0.0006137127
68,47,0.00026546512
69,47,0.00056607835
70,47,0.0009045433
71,47,3.9478764e-05
72,47,0.0007536942
73,47,8.196104e-05
74,47,0.0010411292
75,47,0.00041199848
76,47,0.00041963533
77,47,0.0005726479
78,47,0.0009956891
79,47,0.00017299317
80,47,0.0005520843
81,47,0.00082532875
82,47,0.0007700855
83,47,0.0008037789
84,47,0.00074896216
85,47,0.0004583886
86,47,0.0005364185
87,47,0.0005728416
88,47,0.0004177345
89,47,0.00072135776
90,47,0.00090577453
91,47,
92,47,
93,47,
94,47,
95,47,0.0005215537
96,47,
97,47,
98,47,
99,47,0.00059769675
100,47,
101,47,
102,47,
103,47,
104,47,
105,47,
106,47,8.741673e-05
107,47,
108,47,
109,47,
110,47,0.00036078785
111,47,
112,47,-0.00011438783
113,47,
114,47,0.0008713873
115,47,0.00076548755
116,47,0.00043242984
117,47,0.00013810862
118,47,0.00040682591
119,47,0.0002901256
120,47,0.00029118825
121,47,0.0003190469
122,47,0.0003959816
123,47,-0.00045970734
124,47,0.00063137244
125,47,0.00036089215
126,47,0.00041861553
127,47,0.00049730856
128,47,4.1895546e-05
129,47,
130,47,
131,47,0.00083430763
132,47,
133,47,
134,47,
135,47,
136,47,
137,47,0.00022938475
138,47,0.0003483435
139,47,0.00064189266
140,47,0.0009371666
141,47,0.00079863146
142,47,0.00063683186
143,47,0.00043343753
144,47,0.0009075422
145,47,0.0006203046
146,47,0.0008232547
147,47,0.00050385017
148,47,0.00031523593
149,47,0.00080447365
150,47,0.00048800744
151,47,0.0006518541
152,47,0.00059964135
153,47,0.00017887913
154,47,0.0010827547
155,47,0.0006898446
156,47,0.0010808175
157,47,-1.8997118e-05
158,47,0.0005262811
159,47,0.00016490463
160,47,0.00052843615
161,47,0.00034288596
162,47,0.0006444212
163,47,-0.00012214482
164,47,0.00032659806
165,47,9.091012e-05
166,47,0.0005321074
167,47,0.00043232366
168,47,0.0006631743
169,47,0.00036464073
170,47,0.0008472614
171,47,0.00060261786
172,47,0.0010986198
173,47,0.0005186256
174,47,-0.00032245647
175,47,0.00020420551
176,47,0.00021857303
177,47,0.00054348074
178,47,0.00017424673
179,47,8.044671e-05
180,47,0.0006460734
181,47,0.00031567924
182,47,0.0011477461
183,47,0.00038849562
184,47,0.00023372844
185,47,0.0006503528
186,47,0.0007356303
187,47,0.00042662956
188,47,0.00059061404
189,47,0.00015922263
190,47,0.00029704627
191,47,0.00037386548
192,47,0.0005074814
193,47,0.0007173084
194,47,0.00029540993
195,47,0.00034741592
196,47,0.0005495399
197,47,9.3692914e-05
198,47,9.004399e-05
199,47,0.0008284664
200,47,0.0005686041
201,47,0.0002504643
202,47,-0.00036569592
203,47,0.00034209806
204,47,0.0005987426
205,47,-0.0001674993
206,47,0.00010812562
207,47,0.00065545645
208,47,-7.1217306e-05
209,47,0.00013350602
210,47,0.00069041643
211,47,0.0004882831
212,47,0.0002979841
213,47,0.000551885
214,47,0.0003986135
215,47,0.00016297866
216,47,0.0006325422
217,47,0.000121092424
218,47,0.00019768346
219,47,0.0011514667
220,47,0.00049071107
221,47,0.00048124418
222,47,0.0003120117
223,47,0.0007633511
224,47,0.0005452987
225,47,0.00054728426
226,47,0.0007469235
227,47,0.0003872933
228,47,0.00046839658
229,47,4.8112124e-06
230,47,-3.1663105e-05
231,47,0.00029042922
232,47,0.0002504047
233,47,0.0004460849
234,47,0.0007533403
235,47,0.00080133043
236,47,0.00033566728
237,47,0.00074259937
238,47,0.00063176267
239,47,0.00040138233
240,47,0.0005464768
241,47,0.0005316343
242,47,0.00036893878
243,47,0.000465543
244,47,0.00073065143
245,47,3.952626e-05
246,47,0.00044316798
247,47,0.00033355784
248,47,9.252597e-05
249,47,-4.044175e-05
250,47,0.0006750468
251,47,0.000536209
252,47,-1.2694858e-05
253,47,0.0004960289
254,47,0.00035917014
255,47,6.3139945e-05
256,47,0.00039473083
257,47,0.0011232384
258,47,0.00041144993
259,47,0.0006306097
260,47,0.00030986592
261,47,0.00069373753
262,47,0.000366034
263,47,0.00062673446
264,47,0.0006993506
265,47,0.00021297671
266,47,0.000539178
267,47,0.0007868754
268,47,0.00038682856
269,47,0.00054902583
270,47,0.00101157
271,47,0.0004426008
272,47,0.00044059008
273,47,0.00024672877
274,47,0.0010866588
275,47,0.00051799696
276,47,-2.9699877e-05
277,47,0.00024027936
278,47,-0.00026945304
279,47,0.0005751699
280,47,0.00084314775
281,47,0.00014910754
282,47,0.000612909
283,47,0.00061729643
284,47,0.00056420825
285,47,0.00089941453
286,47,0.00068064313
287,47,0.00054496527
288,47,9.228662e-05
289,47,0.00044872146
290,47,-4.304573e-05
291,47,0.00020005554
292,47,0.0005354397
293,47,0.0011358242
294,47,0.0005166605
295,47,0.00021513086
296,47,4.1360036e-05
297,47,0.00041154772
298,47,0.00041097775
299,47,0.00035294238
300,47,-0.00017954689
301,47,0.0003941888
302,47,0.00043219887
303,47,0.00036872085
304,47,-3.2324344e-05
305,47,0.00015780237
306,47,0.0005714977
307,47,0.00050066505
308,47,0.0008260375
309,47,0.0010375101
310,47,0.0007061325
311,47,0.00041353982
312,47,0.0006815437
313,47,0.0002582781
314,47,0.0002085967
315,47,0.0007842807
316,47,0.00067664497
317,47,0.0014537107
318,47,0.00062092673
319,47,0.0007151356
320,47,0.0009032618
321,47,0.0005930327
322,47,0.0006307289
323,47,0.00118847
324,47,0.00011940114
325,47,0.00053217635
326,47,
327,47,0.00051441044
328,47,0.0004208889
329,47,0.0009950045
330,47,0.0006050393
331,47,0.000881115
332,47,0.0004892349
333,47,0.00065648276
334,47,-4.949514e-05
335,47,0.0004803324
336,47,0.00059709325
337,47,0.00046746992
338,47,0.0007072007
339,47,0.00058029033
340,47,0.000628409
341,47,0.0008056676
342,47,0.00043917634
343,47,0.000482928
344,47,0.0005813241
345,47,0.0006616004
346,47,0.00097240787
347,47,0.00031274464
348,47,0.000600419
349,47,0.00036704168
350,47,0.00057238154
351,47,0.00072653126
352,47,0.0008715205
353,47,0.00033260603
354,47,0.00035922322
355,47,0.0006264914
356,47,0.00052405987
357,47,0.0006403709
358,47,0.00048496109
359,47,0.00043474138
360,47,0.00082819257
361,47,-4.8751943e-05
362,47,0.0004063351
363,47,-4.8572198e-05
364,47,0.0005928576
365,47,0.00031247456
366,47,0.00063315965
367,47,0.00081909634
368,47,0.00097606704
369,47,0.00046497583
370,47,0.00037661288
371,47,0.000536765
372,47,0.00065091625
373,47,0.00050633866
374,47,0.0005694255
375,47,0.00064774696
376,47,0.00018607453
377,47,0.0009671366
378,47,0.00026513543
379,47,0.00071250554
380,47,0.00061644986
381,47,0.0008927621
382,47,0.0004680641
383,47,0.00053158216
384,47,0.0011285972
385,47,0.00084495824
386,47,0.00019718055
387,47,0.0006798832
388,47,0.0003402736
389,47,0.0011093421
390,47,0.0005748486
391,47,0.0004321281
392,47,0.00053815544
393,47,0.00023405347
394,47,0.0012236461
395,47,0.0003654426
396,47,0.0009918753
397,47,0.000595998
398,47,0.00051757134
399,47,0.00039566774
400,47,0.00041331165
401,47,0.0005549956
402,47,0.00014248863
403,47,0.0005445201
404,47,0.00082804915
405,47,0.0011191936
406,47,0.00045127142
407,47,0.00071830023
408,47,0.0009464696
409,47,0.0004723249
410,47,0.00056216493
411,47,0.00076803565
412,47,0.0002860101
413,47,0.0004886063
414,47,0.00077933073
415,47,0.00051065255
416,47,0.0006782552
417,47,0.0008110758
418,47,0.0009003859
419,47,0.00061810575
420,47,0.0005919188
421,47,0.0011838609
422,47,0.0005812533
423,47,0.0007222658
424,47,0.00036644842
425,47,0.0003338335
426,47,0.00091884006
427,47,0.00047051255
428,47,0.00036504772
429,47,0.00023800414
430,47,0.00039515644
431,47,0.00040194392
432,47,0.0009790426
433,47,0.00087189116
434,47,0.0006837025
435,47,0.00077833515
436,47,0.0009918287
437,47,0.001094548
438,47,0.0005161138
439,47,0.0006266292
440,47,0.0004458055
441,47,0.00082359556
442,47,0.0008613048
443,47,0.0011245664
444,47,0.00056550186
445,47,0.0007978175
446,47,0.0006741518
447,47,9.139627e-05
448,47,0.00011697598
449,47,0.00044382643
450,47,0.00016244128
451,47,0.0010216217
452,47,0.0009787316
453,47,0.00038250536
454,47,0.0008036699
455,47,0.00043670647
456,47,0.0006520776
457,47,0.0010529384
458,47,0.00061300397
459,47,0.00074165873
460,47,0.00079810526
461,47,0.0001410637
462,47,0.0009507304
463,47,0.0006115241
464,47,0.00059988163
465,47,0.00017718412
466,47,0.00022800919
467,47,0.00085692387
468,47,0.00024182536
469,47,0.0001754146
470,47,0.0006927084
471,47,0.00039536506
472,47,0.0005815197
473,47,0.00068139285
474,47,0.0006148983
475,47,0.0006051995
476,47,0.0004912773
477,47,0.0002714321
478,47,0.00047870912
479,47,0.0004191799
480,47,0.00085411966
481,47,0.0002522152
482,47,0.00080289785
483,47,0.00033259857
484,47,0.0004170034
485,47,0.0006560441
486,47,0.00023410097
487,47,0.0008025458
488,47,0.0005995687
489,47,0.00021882355
490,47,-0.0002886979
491,47,0.00010840129
492,47,8.9835376e-05
493,47,0.0010882393
494,47,0.0005381843
0,48,0.0007465724
1,48,0.00077651814
2,48,0.0004965812
3,48,0.0002217032
4,48,0.0007247552
5,48,0.0005102344
6,48,
7,48,
8,48,
9,48,
10,48,
11,48,
12,48,
13,48,
14,48,
15,48,
16,48,
17,48,
18,48,
19,48,
20,48,
21,48,
22,48,
23,48,
24,48,
25,48,
26,48,
27,48,
28,48,
29,48,
30,48,
31,48,
32,48,
33,48,
34,48,
35,48,-8.574501e-05
36,48,0.00030454248
37,48,0.0002866527
38,48,0.00091719534
39,48,0.00061990693
40,48,0.0005366923
41,48,8.3653256e-05
42,48,0.00048815552
43,48,0.000858319
44,48,0.00023657735
45,48,2.3799017e-05
46,48,0.0008727405
47,48,0.00068133976
48,48,0.0003385283
49,48,0.0008727107
50,48,0.00097189937
51,48,0.0005235616
52,48,0.00065199286
53,48,0.00030453317
54,48,0.00047051162
55,48,0.00043408107
56,48,0.00082029775
57,48,0.00094433036
58,48,0.0012333076
59,48,0.0006164815
60,48,0.0007014768
61,48,5.3006224e-05
62,48,0.000896357
63,48,0.0003617797
64,48,9.747688e-05
65,48,0.0005876776
66,48,0.00033568777
67,48,0.0008422453
68,48,0.0006569
69,48,0.0005500065
70,48,0.00019547623
71,48,0.000173443
72,48,0.0005794503
73,48,0.00091427006
74,48,1.5551224e-05
75,48,0.00052744243
76,48,0.00044433586
77,48,0.00048715156
78,48,0.0005613277
79,48,0.00033964217
80,48,0.0012541423
81,48,0.0008588396
82,48,0.0005694311
83,48,0.0006068684
84,48,0.00087427534
85,48,0.0009483248
86,48,0.00037874375
87,48,0.00058417395
88,48,0.0007418003
89,48,0.00052334927
90,48,0.000598941
91,48,
92,48,
93,48,
94,48,
95,48,
96,48,
97,48,
98,48,
99,48,
100,48,
101,48,
102,48,
103,48,
104,48,
105,48,
106,48,
107,48,
108,48,
109,48,
110,48,
111,48,
112,48,
113,48,
114,48,0.0006822245
115,48,0.0004999619
116,48,0.00047896896
117,48,0.0005054567
118,48,0.00027383212
119,48,0.00023849867
120,48,0.00031298865
121,48,0.0005955575
122,48,0.0011474434
123,48,7.496495e-05
124,48,0.0005709538
125,48,0.00045220926
126,48,0.00062910654
127,48,0.0007647872
128,48,0.00036543608
129,48,0.00029182434
130,48,
131,48,
132,48,
133,48,
134,48,
135,48,
136,48,
137,48,0.00137717
138,48,0.00017346907
139,48,0.00018491223
140,48,0.00044542737
141,48,0.00068751257
142,48,0.0004785899
143,48,0.0006944649
144,48,0.0009486461
145,48,0.00069411844
146,48,0.0005053198
147,48,0.00037077162
148,48,0.0007916456
149,48,5.2020885e-05
150,48,0.0005600648
151,48,0.0007066829
152,48,0.0005877828
153,48,0.0004798351
154,48,0.000295626
155,48,0.0006149607
156,48,0.0004296787
157,48,0.0008517336
158,48,0.0004344005
159,48,0.0005856892
160,48,-3.4198165e-06
161,48,-0.00018696394
162,48,0.00027952343
163,48,0.0012651468
164,48,0.00040587224
165,48,0.0006189281
166,48,0.00044801552
167,48,0.00063349586
168,48,0.00039591733
169,48,0.000778622
170,48,0.00027727522
171,48,0.00030945893
172,48,0.0007888051
173,48,0.00043601356
174,48,0.00066879485
175,48,0.00026558153
176,48,0.00069476664
177,48,0.0007071933
178,48,0.0005256729
179,48,0.000704105
180,48,0.0007044794
181,48,0.00031401124
182,48,-6.311387e-05
183,48,-6.8604946e-05
184,48,0.0004030876
185,48,0.0006723087
186,48,0.0007998366
187,48,0.0003698012
188,48,0.0001277877
189,48,0.00041969307
190,48,-0.0001725778
191,48,0.0003224397
192,48,0.00022424385
193,48,0.0006301468
194,48,-0.00029110536
195,48,0.000265453
196,48,6.52913e-05
197,48,0.00033722632
198,48,0.00054834224
199,48,0.00039659534
200,48,0.0005639689
201,48,0.00063161366
202,48,0.000425376
203,48,0.00015093759
204,48,0.0006062519
205,48,0.00042316318
206,48,0.00054418575
207,48,0.00035353936
208,48,0.00056183897
209,48,0.0003004335
210,48,0.0004357472
211,48,0.0002973806
212,48,-8.010492e-05
213,48,4.6962872e-05
214,48,0.0010030335
215,48,0.00039306283
216,48,0.00020694733
217,48,0.0007357318
218,48,0.00057821255
219,48,-4.793331e-05
220,48,0.00024218671
221,48,0.00041450653
222,48,0.00038187485
223,48,0.0008019423
224,48,0.00039664004
225,48,0.00016109552
226,48,0.0005656453
227,48,0.00019611977
228,48,0.00057804305
229,48,0.0009388868
230,48,0.0006190371
231,48,0.00020150375
232,48,0.0008297125
233,48,0.00055518746
234,48,0.0005620327
235,48,0.00015055481
236,48,0.0005505206
237,48,0.00047481246
238,48,0.00019778032
239,48,6.195344e-05
240,48,-9.114668e-05
241,48,0.00025300402
242,48,0.00024706405
243,48,0.0003108373
244,48,0.00017570611
245,48,0.00078831334
246,48,0.0006687101
247,48,-0.00010832865
248,48,9.8108314e-05
249,48,0.0003018221
250,48,-6.1533414e-05
251,48,0.0006978484
252,48,0.00045395084
253,48,0.0005493518
254,48,0.00089578144
255,48,0.00063310936
256,48,0.0001973845
257,48,0.000691778
258,48,0.0005713664
259,48,0.00042313524
260,48,0.0007086741
261,48,0.00089382473
262,48,0.0005460931
263,48,0.00094570685
264,48,0.0004852293
265,48,0.00064761564
266,48,0.00083382707
267,48,0.00040852278
268,48,0.0003751954
269,48,0.00070669316
270,48,0.0005833991
271,48,0.0004853066
272,48,0.00039052963
273,48,0.00058069825
274,48,0.00023857784
275,48,0.0006956272
276,48,0.0006807195
277,48,0.0008312566
278,48,0.0009649247
279,48,0.0005483953
280,48,0.00043650623
281,48,0.0007289229
282,48,5.1656738e-05
283,48,0.0006610928
284,48,0.00023525581
285,48,4.411675e-06
286,48,0.0004328061
287,48,0.00031974353
288,48,0.0005694935
289,48,0.00028267782
290,48,0.0006036954
291,48,0.000764315
292,48,0.00091600325
293,48,2.9845163e-05
294,48,0.0004276689
295,48,0.00044492353
296,48,0.0008396832
297,48,0.00067786593
298,48,0.00078285486
299,48,0.0006463267
300,48,0.00066189
301,48,0.0005877139
302,48,7.240847e-05
303,48,0.00067188125
304,48,0.00074636936
305,48,0.00028792955
306,48,0.0007638559
307,48,0.0009828359
308,48,0.00038733054
309,48,0.0005838685
310,48,0.00045386236
311,48,0.0009244401
312,48,0.0002649119
313,48,0.00060181133
314,48,0.00031077676
315,48,0.00015018787
316,48,0.0005149627
317,48,0.00035538524
318,48,0.00016992539
319,48,0.00028226804
320,48,0.0005221963
321,48,0.0009298697
322,48,0.000543179
323,48,0.00056653563
324,48,0.00040366407
325,48,0.0012639118
326,48,0.00032848492
327,48,0.00070799515
328,48,0.00034514721
329,48,0.0004035402
330,48,0.00048777554
331,48,0.00035527814
332,48,9.255111e-05
333,48,0.00088868383
334,48,0.00070719887
335,48,0.00020835921
336,48,0.00034543313
337,48,0.0006075036
338,48,0.0006396668
339,48,0.00079066306
340,48,0.0005728472
341,48,0.00059489906
342,48,0.0008391952
343,48,0.0009123124
344,48,0.0009506196
345,48,0.00075453334
346,48,0.0005971594
347,48,0.00093843974
348,48,0.00072110724
349,48,0.00070318487
350,48,0.00048248284
351,48,0.00057303533
352,48,0.00081757735
353,48,0.0010572243
354,48,0.00061238464
355,48,0.0011196733
356,48,0.00040451717
357,48,0.0005678944
358,48,0.00044119358
359,48,0.00059964415
360,48,0.0009255968
361,48,0.0003946852
362,48,0.00030663516
363,48,0.0003843829
364,48,0.0004408555
365,48,0.001408441
366,48,0.0002586143
367,48,0.00016997568
368,48,0.0004276391
369,48,0.00042036735
370,48,-8.861255e-05
371,48,0.0005905451
372,48,0.0004443694
373,48,0.0008758614
374,48,-0.00015605148
375,48,0.0006840369
376,48,0.00091335084
377,48,0.0008585397
378,48,0.0006151255
379,48,-4.4936314e-05
380,48,0.0007003527
381,48,0.0009097867
382,48,0.0005782088
383,48,0.0003587855
384,48,0.0005263332
385,48,0.0006843433
386,48,-0.00012197811
387,48,0.00094592664
388,48,0.0005993983
389,48,0.00087896734
390,48,0.0005485723
391,48,0.00094453525
392,48,0.0009285221
393,48,0.00056994986
394,48,0.00072455686
395,48,0.0003696736
396,48,0.00041027367
397,48,0.0006338814
398,48,-1.1547469e-05
399,48,0.00034865364
400,48,0.00014203787
401,48,0.00038642064
402,48,0.0010006577
403,48,0.00046399422
404,48,0.00032405555
405,48,0.00028605945
406,48,0.0007378664
407,48,0.0011570146
408,48,0.00017014053
409,48,0.0007423181
410,48,0.00044986792
411,48,0.0005722884
412,48,0.00081333425
413,48,0.00052927714
414,48,0.00044261478
415,48,0.0011264402
416,48,0.0002449071
417,48,0.00040680636
418,48,0.00035323016
419,48,0.0003284365
420,48,0.0007165866
421,48,0.0007483419
422,48,7.7181496e-05
423,48,0.00039146375
424,48,0.000686354
425,48,0.0006731115
426,48,0.00033423118
427,48,0.00029902998
428,48,0.00038004387
429,48,0.0005169716
430,48,0.00034620706
431,48,0.00029363856
432,48,0.00078178383
433,48,-0.00015748385
434,48,0.00046397373
435,48,0.00067508314
436,48,0.0008670334
437,48,0.00053967256
438,48,0.0008459799
439,48,0.00063897856
440,48,0.0008501848
441,48,-1.8151477e-05
442,48,0.0006862236
443,48,0.0003434699
444,48,0.00059937406
445,48,0.00071583036
446,48,0.00048153102
447,48,0.0008524284
448,48,0.0010303007
449,48,0.00036208518
450,48,0.00062966533
451,48,0.00080370996
452,48,0.00073024817
453,48,0.0008677421
454,48,0.00045195594
455,48,0.00030900352
456,48,0.00072385184
457,48,0.0007887399
458,48,0.0006456878
459,48,0.0007563224
460,48,0.0010116855
461,48,0.00043389387
462,48,0.0005472079
463,48,0.00036224723
464,48,0.0005950248
465,48,0.00030149892
466,48,0.0007316228
467,48,0.00013297424
468,48,0.0011105491
469,48,0.00083900895
470,48,0.0009032879
471,48,0.00035909656
472,48,0.00094051287
473,48,0.0005807914
474,48,0.0009609042
475,48,0.00045802258
476,48,0.00017616525
477,48,0.0006276006
478,48,0.000109657645
479,48,0.00019497704
480,48,0.0010089204
481,48,-1.4115125e-05
482,48,0.00059171394
483,48,0.00058740564
484,48,0.0006649252
485,48,0.0003710175
486,48,0.0003281748
487,48,0.0006958358
488,48,0.00051461253
489,48,0.00015724916
490,48,0.0006025573
491,48,9.179488e-05
492,48,0.0010984316
493,48,0.0001638066
494,48,0.0004561264
0,49,0.0006576581
1,49,0.0008951118
2,49,0.0006277198
3,49,0.0008158311
4,49,0.00031131413
5,49,0.00057176594
6,49,0.00042733084
7,49,
8,49,
9,49,
10,49,
11,49,
12,49,
13,49,
14,49,
15,49,
16,49,
17,49,
18,49,
19,49,
20,49,
21,49,
22,49,
23,49,
24,49,
25,49,
26,49,
27,49,
28,49,
29,49,
30,49,
31,49,
32,49,
33,49,
34,49,
35,49,0.00017418806
36,49,0.0010759039
37,49,3.0118972e-05
38,49,0.0009476235
39,49,0.0009493856
40,49,0.0011739675
41,49,0.00039973855
42,49,0.00031898264
43,49,0.00035430305
44,49,0.00071130134
45,49,0.0004392024
46,49,0.0012973128
47,49,0.0004601758
48,49,0.00067572854
49,49,0.00047881063
50,49,0.00035621598
51,49,0.000455671
52,49,0.00021727104
53,49,0.000105383806
54,49,0.00019714981
55,49,0.00067435764
56,49,0.0010075774
57,49,0.0005093096
58,49,0.0005777832
59,49,0.0004258519
60,49,-2.8260052e-05
61,49,0.00056003407
62,49,0.001084093
63,49,0.0006708177
64,49,0.00058665965
65,49,0.0003989376
66,49,0.0008177459
67,49,0.00062263943
68,49,0.00088230614
69,49,0.0002654642
70,49,6.623939e-05
71,49,0.0004890738
72,49,-3.6790036e-05
73,49,-3.2375567e-05
74,49,0.0006423183
75,49,-9.07816e-05
76,49,0.000730427
77,49,-0.000165781
78,49,0.00088969246
79,49,0.0006629592
80,49,0.00043509062
81,49,0.0005108407
82,49,0.00045196712
83,49,0.00030373316
84,49,2.066046e-05
85,49,0.0003206348
86,49,0.0002546031
87,49,0.00012001116
88,49,0.00061775744
89,49,0.0012297407
90,49,0.00031853467
91,49,0.00057963654
92,49,
93,49,
94,49,
95,49,
96,49,
97,49,
98,49,
99,49,
100,49,
101,49,
102,49,
103,49,
104,49,
105,49,
106,49,
107,49,
108,49,
109,49,
110,49,
111,49,
112,49,
113,49,
114,49,0.00073098764
115,49,0.00026336033
116,49,0.00022194628
117,49,0.00030460302
118,49,0.0005181618
119,49,0.0009930003
120,49,0.00026125554
121,49,0.00015869923
122,49,0.00014244113
123,49,0.00049652904
124,49,0.0007018037
125,49,0.00049359817
126,49,
127,49,0.00052365754
128,49,0.00076714996
129,49,0.0009719711
130,49,0.00042585284
131,49,
132,49,
133,49,
134,49,0.0006518122
135,49,
136,49,
137,49,
138,49,
139,49,
140,49,0.00034443755
141,49,0.00047950912
142,49,0.0006565042
143,49,0.001039613
144,49,0.0006077364
145,49,0.00027240254
146,49,0.00061818585
147,49,0.00026271585
148,49,0.00058606267
149,49,0.0012190957
150,49,0.0007625297
151,49,0.00061616395
152,49,0.00055627245
153,49,0.00020199921
154,49,-0.00014347117
155,49,0.00044494309
156,49,0.0006833952
157,49,0.000538541
158,49,0.00091090985
159,49,0.00074590556
160,49,0.00013992935
161,49,0.00085558835
162,49,9.03327e-05
163,49,0.00037240237
164,49,0.00067102443
165,49,0.0003715828
166,49,0.00044378452
167,49,0.00035200175
168,49,0.0005899621
169,49,0.00087815523
170,49,0.0007434366
171,49,0.0008268645
172,49,0.00038661063
173,49,0.0005711261
174,49,0.00043042284
175,49,0.00037307292
176,49,0.00048304163
177,49,8.279085e-05
178,49,0.00020978786
179,49,0.0007618079
180,49,-5.096197e-06
181,49,0.0005525183
182,49,0.00040876959
183,49,0.00042838324
184,49,0.00069407374
185,49,0.0006770026
186,49,0.0009869542
187,49,0.00044567417
188,49,0.00017735921
189,49,0.00093098544
190,49,0.0006315969
191,49,8.544698e-05
192,49,0.0001654895
193,49,0.0005658874
194,49,0.0004266994
195,49,0.00036017504
196,49,0.000495445
197,49,0.00033375993
198,49,-3.7091784e-05
199,49,0.00027724728
200,49,0.0003661355
201,49,0.0006292984
202,49,0.0005013235
203,49,0.00050063804
204,49,0.00039844774
205,49,0.0008312175
206,49,7.568672e-05
207,49,0.00036949478
208,49,0.00043922756
209,49,0.00010709558
210,49,0.00055197533
211,49,0.00032912567
212,49,0.000523448
213,49,-0.00027078483
214,49,7.698964e-05
215,49,0.00063054636
216,49,0.00031609647
217,49,0.0002627531
218,49,0.0002584085
219,49,0.00029082038
220,49,-7.470604e-05
221,49,-0.0003684312
222,49,0.00019807182
223,49,0.0006164368
224,49,0.00080423057
225,49,0.0006700875
226,49,0.00034616608
227,49,0.0003615236
228,49,0.00041256007
229,49,0.0004805196
230,49,0.0005449522
231,49,0.0005305158
232,49,0.00033903122
233,49,0.0004745489
234,49,0.00031191576
235,49,0.0003917627
236,49,2.708938e-05
237,49,0.0009879824
238,49,-0.000120565295
239,49,0.00062065944
240,49,0.00041848794
241,49,0.00033766497
242,49,0.00047929678
243,49,0.0006893026
244,49,0.00052327476
245,49,0.00041175447
246,49,0.00047871377
247,49,0.0001794612
248,49,0.0008618152
249,49,0.00041760318
250,49,5.5767596e-05
251,49,0.0003482001
252,49,0.00068739615
253,49,0.00066896435
254,49,0.00022270996
255,49,0.0007071197
256,49,-0.00028208364
257,49,0.00034106337
258,49,-0.00026443228
259,49,0.0004228484
260,49,0.00021351408
261,49,0.00027067587
262,49,0.00060317107
263,49,0.0010350663
264,49,0.0011627227
265,49,0.0004435405
266,49,0.0007889578
267,49,0.0007797638
268,49,0.00058087613
269,49,0.00094686635
270,49,0.00019277725
271,49,0.0010539396
272,49,0.0007196516
273,49,0.00072625186
274,49,0.0005874159
275,49,0.0007010149
276,49,0.0004111221
277,49,0.00043124706
278,49,1.0070391e-05
279,49,0.00012379605
280,49,0.00044102408
281,49,0.00093534496
282,49,7.348694e-05
283,49,-4.165154e-05
284,49,0.00052067917
285,49,0.0005484717
286,49,9.134598e-05
287,49,0.00012597628
288,49,0.0005235914
289,49,0.0002188757
290,49,0.00051449053
291,49,0.0001260573
292,49,-0.00011400413
293,49,0.0002121441
294,49,0.00018059742
295,49,0.00053057726
296,49,0.0008865269
297,49,0.0006439686
298,49,-2.0455569e-05
299,49,0.0003279522
300,49,3.513228e-05
301,49,0.0007667551
302,49,0.00012279954
303,49,0.00012485869
304,49,0.00013053231
305,49,0.0005463008
306,49,0.0005574608
307,49,0.00063171145
308,49,9.993557e-05
309,49,0.00015617162
310,49,0.00061651226
311,49,0.0008245697
312,49,0.0006619664
313,49,0.00065436587
314,49,0.00063708704
315,49,0.0008396823
316,49,0.0009110002
317,49,0.0006324146
318,49,0.000356758
319,49,0.0005779648
320,49,0.00030399486
321,49,0.0004412569
322,49,0.0005910732
323,49,0.00037372392
324,49,0.0008589914
325,49,0.0008438891
326,49,0.0007617753
327,49,0.0005888874
328,49,0.00019667204
329,49,0.0005592555
330,49,0.00023318548
331,49,0.00039080158
332,49,0.00049784593
333,49,0.0005673971
334,49,0.0005939845
335,49,-0.00019768439
336,49,0.00081824977
337,49,0.00054164045
338,49,0.00067644473
339,49,8.1132166e-05
340,49,0.00035484135
341,49,0.0004892433
342,49,0.0008818116
343,49,0.0004884843
344,49,0.00038880482
345,49,0.00043877587
346,49,0.00012816582
347,49,0.0005042907
348,49,0.00071680825
349,49,0.00030795392
350,49,0.0010936819
351,49,0.00039666332
352,49,0.00031631347
353,49,0.0011565834
354,49,0.0008014925
355,49,0.00049290806
356,49,0.00052664056
357,49,0.0008373633
358,49,0.00031400472
359,49,0.00052575767
360,49,0.0004100036
361,49,0.0009251451
362,49,0.0007506488
363,49,0.00083275046
364,49,0.0002402626
365,49,0.00024809595
366,49,0.00028483476
367,49,0.00058034714
368,49,0.00024190452
369,49,0.00018327776
370,49,0.00011016708
371,49,0.0006386554
372,49,-0.00029786862
373,49,0.0003723465
374,49,0.00082923286
375,49,0.00070067216
376,49,0.0007804539
377,49,0.00026507583
378,49,0.000229951
379,49,0.00013660453
380,49,0.00079043116
381,49,7.03549e-05
382,49,0.0004532216
383,49,-9.092502e-05
384,49,0.0005879281
385,49,0.0011501927
386,49,0.00067877397
387,49,0.00069633033
388,49,0.0009236848
389,49,0.00016533956
390,49,0.0008791508
391,49,0.00046393555
392,49,0.00040635653
393,49,0.0006315466
394,49,0.00057263765
395,49,0.00065076724
396,49,0.00089740474
397,49,0.0007719826
398,49,0.0008661775
399,49,0.0006703986
400,49,0.0009714626
401,49,0.0007469198
402,49,-0.00021843798
403,49,0.00062881876
404,49,0.00063247234
405,49,0.00094949175
406,49,0.00078255124
407,49,0.00065178704
408,49,0.0005821865
409,49,0.0003399765
410,49,0.0006661378
411,49,0.00024143513
412,49,0.00076338276
413,49,0.0009368658
414,49,0.00045457296
415,49,0.0007152306
416,49,0.0010986049
417,49,0.001066057
418,49,0.00040911138
419,49,0.0005616974
420,49,0.0007739784
421,49,0.00045182928
422,49,0.0007334864
423,49,0.00028220192
424,49,0.00056537054
425,49,0.00047279615
426,49,0.0005540978
427,49,0.0011378238
428,49,0.00046180747
429,49,0.00064174924
430,49,0.00084305555
431,49,0.00064285565
432,49,0.00039543398
433,49,0.0010453127
434,49,0.0008367235
435,49,0.0006784806
436,49,0.0006175274
437,49,0.0010090033
438,49,0.00024140533
439,49,0.00080871955
440,49,0.00046773627
441,49,0.00043890905
442,49,0.0005287193
443,49,0.00038912334
444,49,0.0006646188
445,49,0.0007204851
446,49,0.00015331618
447,49,0.00076829735
448,49,0.0006414717
449,49,0.0007826071
450,49,0.0004978748
451,49,-0.00015497673
452,49,0.00025063008
453,49,0.0007150695
454,49,0.00025442708
455,49,0.0003757039
456,49,0.0006439276
457,49,0.0005518338
458,49,0.00022657774
459,49,0.0002327105
460,49,0.0009265272
461,49,0.0004605474
462,49,0.0006346032
463,49,0.00055643916
464,49,0.00030985568
465,49,0.00032980368
466,49,0.0011198223
467,49,0.00032404624
468,49,0.00079615694
469,49,0.0007606931
470,49,0.00074394885
471,49,-0.00022590812
472,49,0.0008084029
473,49,0.0005563507
474,49,0.00037123263
475,49,0.00059956685
476,49,0.000815887
477,49,0.00097197667
478,49,0.0006310027
479,49,0.00040415768
480,49,0.00022157002
481,49,0.0005720742
482,49,0.0011050832
483,49,0.0009609461
484,49,0.0007270146
485,49,0.0012843749
486,49,0.00055726245
487,49,0.0015737684
488,49,0.0005214978
489,49,0.0009947298
490,49,0.000365817
491,49,0.00025911257
492,49,0.0007069679
493,49,0.00022019818
494,49,0.0007678978
0,50,0.00054882467
1,50,0.0007405365
2,50,0.0008696057
3,50,0.0010019615
4,50,0.0008463664
5,50,0.00067551713
6,50,0.0006002635
7,50,
8,50,
9,50,
10,50,
11,50,
12,50,
13,50,
14,50,
15,50,
16,50,
17,50,
18,50,
19,50,
20,50,
21,50,
22,50,
23,50,
24,50,
25,50,
26,50,
27,50,
28,50,
29,50,
30,50,
31,50,
32,50,
33,50,
34,50,
35,50,0.0004809443
36,50,0.0012124553
37,50,0.00077751186
38,50,0.00052495673
39,50,0.0007860614
40,50,0.0005100947
41,50,0.0003335476
42,50,0.0004146453
43,50,0.00035771448
44,50,0.00045405515
45,50,0.0006405646
46,50,0.0010071173
47,50,8.547865e-05
48,50,0.00084071327
49,50,0.0004871264
50,50,0.0005229628
51,50,0.00041292328
52,50,0.0003538346
53,50,0.0007190518
54,50,7.945858e-05
55,50,0.0006322842
56,50,0.0011295173
57,50,0.0002135234
58,50,0.00041820854
59,50,0.0006218394
60,50,0.0008159736
61,50,0.000808361
62,50,0.00053921156
63,50,0.00024563074
64,50,0.0006610872
65,50,0.0003316747
66,50,0.00042466074
67,50,0.00020598341
68,50,0.0007608663
69,50,0.00011096429
70,50,0.00087018404
71,50,0.0009894092
72,50,0.00034839753
73,50,-6.4068474e-05
74,50,0.0009855153
75,50,0.0009934958
76,50,0.0005880203
77,50,7.179193e-05
78,50,0.0004600659
79,50,0.00058390386
80,50,0.00026970543
81,50,0.0009931689
82,50,0.0009156689
83,50,0.0007699607
84,50,0.00090163574
85,50,0.00026722625
86,50,0.0005304795
87,50,0.0005286597
88,50,0.000107456
89,50,0.0009835232
90,50,0.00092723593
91,50,0.00091580953
92,50,
93,50,
94,50,
95,50,
96,50,
97,50,
98,50,
99,50,
100,50,
101,50,
102,50,
103,50,
104,50,
105,50,
106,50,
107,50,
108,50,
109,50,
110,50,
111,50,
112,50,
113,50,
114,50,0.0010446617
115,50,0.00018636696
116,50,0.00016296282
117,50,0.00038499106
118,50,0.0003702715
119,50,0.00089031924
120,50,0.0011771536
121,50,0.00036229286
122,50,0.00015838537
123,50,0.00066308863
124,50,0.0008319393
125,50,
126,50,
127,50,0.00089330133
128,50,0.00080469996
129,50,-4.7557987e-05
130,50,-7.26264e-05
131,50,0.00030826125
132,50,
133,50,
134,50,
135,50,
136,50,
137,50,
138,50,
139,50,
140,50,
141,50,0.00068492256
142,50,0.0007231217
143,50,0.00061165914
144,50,0.0005978923
145,50,6.731413e-05
146,50,0.000735051
147,50,0.0006057918
148,50,0.0003235545
149,50,0.00073942356
150,50,0.0006952472
151,50,0.0001903344
152,50,0.00014742091
153,50,0.0005379636
154,50,0.0003257254
155,50,0.00069273356
156,50,-4.9015507e-06
157,50,0.00023735967
158,50,0.00019949395
159,50,0.0006677257
160,50,0.0005017333
161,50,0.00048382208
162,50,6.679539e-05
163,50,0.00064674206
164,50,0.00038717687
165,50,0.0003321413
166,50,0.0009146454
167,50,0.00053274725
168,50,-0.0003635222
169,50,-0.00024287216
170,50,0.0004786346
171,50,0.00056625716
172,50,0.00090083014
173,50,0.00058454275
174,50,0.00036330055
175,50,-0.00056059565
176,50,0.00038362667
177,50,0.00030114315
178,50,0.00022061169
179,50,0.00031331088
180,50,0.00035792496
181,50,0.00053386297
182,50,0.0006630691
183,50,0.0009322949
184,50,0.00048531406
185,50,0.0004427135
186,50,0.0005315421
187,50,0.00032932032
188,50,-0.00016812515
189,50,0.00070440024
190,50,0.00039375853
191,50,0.0003151428
192,50,0.0007486874
193,50,0.0005212845
194,50,0.0004018899
195,50,0.00030104537
196,50,0.000309336
197,50,0.00047121383
198,50,0.00031344872
199,50,0.00051303115
200,50,0.000598683
201,50,0.0007667495
202,50,0.0007595178
203,50,0.00012274273
204,50,-0.00017567724
205,50,0.00067637675
206,50,0.0007741004
207,50,0.0006363662
208,50,0.00043760706
209,50,0.0006075958
210,50,0.00028413348
211,50,0.00019253325
212,50,0.0006793747
213,50,0.00036120135
214,50,8.958392e-06
215,50,0.0002388116
216,50,0.00046339165
217,50,0.0005715769
218,50,0.0008970611
219,50,0.00081554987
220,50,0.000991961
221,50,0.00027130637
222,50,0.0007339474
223,50,0.00032518804
224,50,0.00027658697
225,50,0.0004369868
226,50,0.00053560734
227,50,5.1203184e-05
228,50,0.0009927945
229,50,0.00056080986
230,50,0.0002957387
231,50,0.0007051425
232,50,-4.072953e-05
233,50,0.0003850516
234,50,0.0004890142
235,50,0.0006775297
236,50,0.001029199
237,50,0.00045234524
238,50,-1.648441e-07
239,50,0.00043997914
240,50,0.0007909415
241,50,0.00042318087
242,50,0.00021161698
243,50,0.00015011616
244,50,0.00033260603
245,50,0.00043926667
246,50,0.0011647418
247,50,0.00078231096
248,50,0.00050654355
249,50,0.00031923875
250,50,-0.00014231447
251,50,2.668146e-05
252,50,0.0007358147
253,50,0.00024795532
254,50,0.00019608438
255,50,0.00067603774
256,50,0.0005607875
257,50,0.0005239658
258,50,0.00056722295
259,50,-0.00018753204
260,50,0.0003246637
261,50,0.0006163791
262,50,0.00017699786
263,50,0.00065629
264,50,0.0003677206
265,50,0.00071115606
266,50,0.0004069712
267,50,0.000705366
268,50,0.0012527201
269,50,-0.0002741227
270,50,0.0009371424
271,50,0.00071568415
272,50,0.0006963955
273,50,0.0005682176
274,50,0.00048730243
275,50,0.0006759772
276,50,-0.00017046556
277,50,0.00046514533
278,50,0.00012805313
279,50,0.00071732886
280,50,0.0001438167
281,50,0.00010755472
282,50,0.00014369562
283,50,0.00048800465
284,50,-8.3955936e-05
285,50,0.00046964549
286,50,0.0008274913
287,50,0.000791315
288,50,0.00029258244
289,50,-2.3880042e-05
290,50,-0.000119367614
291,50,0.0005358597
292,50,0.00058054086
293,50,0.0007249564
294,50,0.00038344692
295,50,0.000476541
296,50,8.6328015e-05
297,50,-0.00018081814
298,50,0.0006649392
299,50,0.000802679
300,50,0.0006024623
301,50,0.00033193827
302,50,0.00034183357
303,50,0.00055267196
304,50,-0.000246102
305,50,0.00094616506
306,50,0.0010876236
307,50,0.000514932
308,50,0.0007885257
309,50,0.0008204775
310,50,0.0006626295
311,50,0.0005423669
312,50,0.0010018777
313,50,0.00082396157
314,50,0.00092927925
315,50,0.000550298
316,50,0.00074823946
317,50,0.0011199471
318,50,0.0002566427
319,50,0.00021088403
320,50,0.0006555617
321,50,0.0001288196
322,50,0.0008844603
323,50,0.00026655942
324,50,0.00030465797
325,50,0.0006744042
326,50,0.0004821131
327,50,0.0003570821
328,50,0.00014195684
329,50,0.00083575025
330,50,0.00040238537
331,50,0.00018749479
332,50,0.00046048965
333,50,0.00028856844
334,50,7.3798e-05
335,50,0.00020293891
336,50,0.0009291405
337,50,8.574128e-05
338,50,0.00030626357
339,50,0.00045268517
340,50,0.0007372815
341,50,7.7299774e-05
342,50,0.00055470597
343,50,0.00036800746
344,50,0.0007761819
345,50,0.0006801514
346,50,0.00063173845
347,50,0.0005404232
348,50,0.00070032105
349,50,0.00052213296
350,50,0.00068489276
351,50,0.00019973237
352,50,0.000263948
353,50,0.00071519986
354,50,0.00049362425
355,50,0.0006941352
356,50,0.00055043865
357,50,0.0011035567
358,50,0.000658961
359,50,0.0007109726
360,50,0.0008735256
361,50,0.00016377214
362,50,0.00065728836
363,50,0.0004059393
364,50,0.00033117924
365,50,0.0010497728
366,50,0.0006788634
367,50,0.00035149045
368,50,0.00079367217
369,50,9.5122494e-05
370,50,0.0005343715
371,50,0.0005500689
372,50,0.00025831722
373,50,0.00065034255
374,50,-3.1432137e-05
375,50,0.00033846963
376,50,0.000588947
377,50,0.00042704027
378,50,0.0004546931
379,50,0.0009209281
380,50,0.000401007
381,50,0.0015028771
382,50,0.0003032852
383,50,0.0004283851
384,50,-6.666593e-05
385,50,0.0004973011
386,50,0.00014011655
387,50,0.00052591227
388,50,0.00075535104
389,50,0.0006251279
390,50,0.00030686893
391,50,0.00040134043
392,50,0.00047208276
393,50,0.0011046501
394,50,0.0010586241
395,50,0.000101615675
396,50,0.0005280413
397,50,0.00043681916
398,50,0.000744096
399,50,8.266512e-05
400,50,0.00038188323
401,50,0.0005293479
402,50,0.0007358892
403,50,4.5903027e-05
404,50,0.0005799355
405,50,0.0002373429
406,50,0.0003954945
407,50,0.00038525555
408,50,0.0006770957
409,50,0.0011356743
410,50,0.000421484
411,50,0.00058064517
412,50,0.00025081262
413,50,0.0009966008
414,50,0.0009484673
415,50,0.0010377029
416,50,0.00044746324
417,50,0.00051626004
418,50,0.0005859537
419,50,0.000473083
420,50,0.00071086735
421,50,0.0007772036
422,50,0.0005782638
423,50,0.00074831117
424,50,0.00065544154
425,50,0.000104552135
426,50,0.00042449124
427,50,0.00062464643
428,50,-5.8652833e-05
429,50,0.00013351813
430,50,0.00028003752
431,50,0.00075594336
432,50,0.0004137531
433,50,0.0008510351
434,50,0.000987146
435,50,0.00031558145
436,50,0.0008896524
437,50,0.0008409135
438,50,0.0003926158
439,50,0.00018553343
440,50,0.0011586789
441,50,0.00054527447
442,50,2.8510578e-05
443,50,0.00074029714
444,50,0.0008644117
445,50,0.0006779488
446,50,0.00036610756
447,50,0.0008071847
448,50,0.0009351382
449,50,0.00030524097
450,50,0.0012216307
451,50,0.00045906007
452,50,0.0008595977
453,50,0.0002266001
454,50,0.0002546478
455,50,0.00066502765
456,50,0.0005163895
457,50,0.0005406812
458,50,0.00041997805
459,50,0.0005418956
460,50,0.00040303357
461,50,0.00016661827
462,50,0.0010164678
463,50,0.0010972284
464,50,0.0005348809
465,50,0.0007074261
466,50,0.0005936008
467,50,0.00081616454
468,50,0.00032918155
469,50,0.0010298649
470,50,-1.1319295e-05
471,50,0.0013164803
472,50,0.00076564774
473,50,0.0007293774
474,50,0.0007195771
475,50,0.0004949281
476,50,7.917918e-05
477,50,0.0010027997
478,50,0.00023037009
479,50,0.00044656545
480,50,0.00072611123
481,50,0.00067863055
482,50,0.00075731985
483,50,0.00037064962
484,50,0.00039179064
485,50,0.00057352055
486,50,0.00014276244
487,50,0.00044139381
488,50,0.00052811205
489,50,0.0003119465
490,50,0.0007687006
491,50,0.00015044399
492,50,0.0008413512
493,50,0.0006660763
494,50,-0.00024715252
0,51,0.00035430677
1,51,0.00046321657
2,51,0.00074156467
3,51,0.0005750321
4,51,0.00049739704
5,51,0.0011386657
6,51,0.0007760748
7,51,
8,51,
9,51,
10,51,
11,51,
12,51,
13,51,
14,51,
15,51,
16,51,
17,51,
18,51,
19,51,
20,51,
21,51,
22,51,
23,51,
24,51,
25,51,
26,51,
27,51,
28,51,
29,51,
30,51,
31,51,
32,51,
33,51,
34,51,
35,51,0.0002773516
36,51,0.0005548196
37,51,0.00013514422
38,51,0.0008735992
39,51,0.00035533775
40,51,0.00040449202
41,51,0.0012763301
42,51,0.00035068672
43,51,0.0006614616
44,51,0.0008279206
45,51,0.00066894013
46,51,0.0001762798
47,51,0.00035080966
48,51,0.0002844045
49,51,0.0006590849
50,51,0.0003471095
51,51,6.430037e-05
52,51,0.00071331486
53,51,0.00044547115
54,51,0.0010143574
55,51,0.00021780655
56,51,0.0007754257
57,51,0.00050874613
58,51,0.00039112568
59,51,0.0010051839
60,51,0.0006013643
61,51,0.00071198586
62,51,0.0005974276
63,51,0.00052927714
64,51,0.0005214922
65,51,0.0008814372
66,51,0.0005839495
67,51,0.0007683709
68,51,-0.00033720676
69,51,-8.566305e-06
70,51,0.00084074866
71,51,0.000546244
72,51,0.000406228
73,51,0.0009837458
74,51,0.00032441132
75,51,0.00056532864
76,51,0.00015970133
77,51,0.00022529345
78,51,0.0007194467
79,51,0.0007103421
80,51,0.00030508172
81,51,0.00068178214
82,51,0.0003729174
83,51,0.0005962774
84,51,0.00051083416
85,51,0.00019253418
86,51,0.0013365177
87,51,0.0003105225
88,51,0.0005666921
89,51,0.0005658269
90,51,0.0012306636
91,51,0.000804306
92,51,
93,51,
94,51,0.0005006278
95,51,0.00066190865
96,51,
97,51,
98,51,
99,51,
100,51,
101,51,
102,51,
103,51,
104,51,
105,51,
106,51,
107,51,
108,51,
109,51,
110,51,
111,51,
112,51,
113,51,
114,51,
115,51,0.0008807443
116,51,0.0013103588
117,51,0.000827373
118,51,0.00028896052
119,51,0.0005530771
120,51,0.0008434588
121,51,-0.00012404099
122,51,-0.00028691627
123,51,0.00035119615
124,51,0.0013546767
125,51,
126,51,
127,51,0.0012243381
128,51,0.0012648627
129,51,0.0003013378
130,51,0.00085795764
131,51,0.0006239051
132,51,0.0005381871
133,51,
134,51,0.00039729849
135,51,
136,51,
137,51,
138,51,
139,51,
140,51,
141,51,0.0006428771
142,51,0.00055687316
143,51,0.0007336717
144,51,0.0006502494
145,51,0.00026450958
146,51,0.0005327966
147,51,0.0004288368
148,51,0.00076973625
149,51,0.00063118245
150,51,0.00084534474
151,51,0.00046116393
152,51,0.000547383
153,51,0.00040304568
154,51,0.0004854286
155,51,0.00029803067
156,51,0.00054326747
157,51,0.00081983116
158,51,0.0008474821
159,51,0.00010865182
160,51,0.0006624209
161,51,0.0003310172
162,51,0.0006268285
163,51,-0.0005506426
164,51,0.00016357936
165,51,0.0001481371
166,51,0.00012334157
167,51,0.0005572066
168,51,-0.00012737885
169,51,0.00014433451
170,51,-3.31169e-05
171,51,0.00010053534
172,51,0.0005344702
173,51,0.00040471088
174,51,0.00014464743
175,51,0.00043796562
176,51,0.00034979917
177,51,0.00034076162
178,51,0.0007085772
179,51,-5.4027885e-05
180,51,0.00038767047
181,51,0.0005637817
182,51,0.00013982691
183,51,0.0007387921
184,51,-8.93604e-06
185,51,0.0004922133
186,51,0.0005866643
187,51,0.00082999375
188,51,0.0002072677
189,51,0.0002468992
190,51,0.0007014647
191,51,0.00049681775
192,51,0.00031218585
193,51,0.00043447316
194,51,0.00026605558
195,51,0.0004285518
196,51,0.00019309111
197,51,0.0009617163
198,51,0.0005542841
199,51,0.00013640895
200,51,7.9955906e-05
201,51,0.0010797167
202,51,-0.00011985935
203,51,0.0005243784
204,51,0.0008285856
205,51,8.616503e-05
206,51,0.0005044658
207,51,0.0003897082
208,51,-0.0001708446
209,51,0.00016415771
210,51,0.00076532364
211,51,0.0003072312
212,51,-1.37500465e-05
213,51,0.00017788075
214,51,0.00070942193
215,51,-0.0003055809
216,51,0.00090640504
217,51,0.00022590067
218,51,0.0005649319
219,51,0.00064777397
220,51,0.00087537523
221,51,0.0010489319
222,51,0.0006876979
223,51,0.0007890258
224,51,0.00015557185
225,51,0.0006595226
226,51,0.00078800693
227,51,0.00082308985
228,51,0.00018285774
229,51,0.00033429638
230,51,0.0004945984
231,51,0.000668901
232,51,0.00017899834
233,51,0.0002825288
234,51,-0.00010839477
235,51,0.00021415018
236,51,-0.000101572834
237,51,0.00020718668
238,51,0.00034436304
239,51,0.00018722657
240,51,-0.0001372546
241,51,0.00042290054
242,51,0.0003010612
243,51,0.0003683269
244,51,0.0003979504
245,51,0.00034646783
246,51,0.0005330993
247,51,0.00037372112
248,51,0.000596256
249,51,8.1159174e-05
250,51,0.0004362734
251,51,0.00045331474
252,51,0.00029925536
253,51,0.0006067036
254,51,0.0002568951
255,51,0.00082750246
256,51,0.0005986942
257,51,0.00049900636
258,51,0.0006953869
259,51,0.00037967972
260,51,0.00048537925
261,51,0.00069397874
262,51,0.00064207055
263,51,0.0006450368
264,51,0.00039017852
265,51,0.0006038984
266,51,0.0007797498
267,51,0.00077270065
268,51,0.0009477027
269,51,0.00050610956
270,51,0.00052884035
271,51,0.0012211464
272,51,0.0006153416
273,51,0.0004886305
274,51,0.0008186959
275,51,0.0007849084
276,51,0.0012185527
277,51,0.00047268532
278,51,0.0005401969
279,51,0.00035787933
280,51,0.0001994893
281,51,7.712282e-05
282,51,0.00037044473
283,51,0.0010057595
284,51,0.0007879259
285,51,0.00031458866
286,51,1.30888075e-05
287,51,0.0008543618
288,51,0.0001761578
289,51,0.00035455637
290,51,4.4371e-05
291,51,0.0001267409
292,51,0.0005497951
293,51,-0.0003368687
294,51,0.00027777348
295,51,0.0007090485
296,51,0.0004765261
297,51,0.00045628566
298,51,0.00014325883
299,51,0.00026633032
300,51,0.00037059654
301,51,0.00018727034
302,51,0.00045108516
303,51,0.00047779456
304,51,0.00046721473
305,51,0.00048185885
306,51,0.0008574836
307,51,0.0006063301
308,51,0.00047666486
309,51,0.00014493894
310,51,0.00053982716
311,51,-0.00041176006
312,51,0.00059807394
313,51,0.00016113091
314,51,0.00033503398
315,51,0.00030502956
316,51,0.0008691028
317,51,0.00057197176
318,51,0.0010648593
319,51,0.0006454708
320,51,0.0006097276
321,51,0.0007921988
322,51,0.0008248603
323,51,0.0004492635
324,51,0.00034135394
325,51,0.00016109459
326,51,0.0010477342
327,51,0.0007187715
328,51,0.00028105266
329,51,0.0006348435
330,51,0.00013540499
331,51,0.0011682091
332,51,0.0005661119
333,51,-0.00019537099
334,51,0.00026658177
335,51,-3.5598874e-05
336,51,-0.000100341626
337,51,0.00056949444
338,51,0.0007661348
339,51,0.00030512363
340,51,0.0001325719
341,51,0.00044473913
342,51,0.0008581439
343,51,0.00045935437
344,51,0.00058238674
345,51,0.0010493128
346,51,0.00088723376
347,51,0.00046873372
348,51,0.00044165272
349,51,0.000843334
350,51,0.00043950044
351,51,0.0007996466
352,51,0.0004000077
353,51,0.0011173524
354,51,0.00049727503
355,51,0.00045562815
356,51,0.0008104574
357,51,0.0001878636
358,51,0.00067731645
359,51,0.00070749223
360,51,0.00049329177
361,51,0.000823183
362,51,0.0001695836
363,51,0.0005397387
364,51,0.000448782
365,51,0.00024555996
366,51,0.00044293143
367,51,0.0010528024
368,51,0.0010262337
369,51,0.00044335052
370,51,0.0002131518
371,51,0.00089080725
372,51,0.0005327184
373,51,0.00016728044
374,51,0.00065763015
375,51,0.00041687116
376,51,0.000345435
377,51,0.0006091893
378,51,-0.00012844708
379,51,0.00035085436
380,51,0.001028059
381,51,0.00042739976
382,51,0.0005849935
383,51,0.0005904678
384,51,0.0005961098
385,51,0.0004712101
386,51,0.00032345392
387,51,0.0008236505
388,51,0.00033353548
389,51,0.0005570678
390,51,0.0002804296
391,51,0.0007646959
392,51,0.00094228145
393,51,0.00059262663
394,51,0.00021676626
395,51,0.0005846061
396,51,0.00085063
397,51,0.0010733353
398,51,3.5859644e-05
399,51,0.001053255
400,51,0.0007371623
401,51,0.0007474944
402,51,0.00013643038
403,51,0.0007926021
404,51,0.0008701626
405,51,0.00055260584
406,51,0.000619974
407,51,0.00064428896
408,51,0.0005532857
409,51,0.00062657055
410,51,0.00051946566
411,51,0.000513169
412,51,0.0007837871
413,51,0.0011890475
414,51,0.00031162146
415,51,0.0007032342
416,51,0.000321405
417,51,0.0007829517
418,51,0.0004367754
419,51,0.0004220931
420,51,0.00062531605
421,51,0.0010121278
422,51,0.0004434185
423,51,0.0006272085
424,51,0.0010848902
425,51,0.0006994456
426,51,0.000490427
427,51,0.00017891545
428,51,0.0008861739
429,51,0.00016918965
430,51,0.00093844905
431,51,-5.592499e-05
432,51,0.0001702793
433,51,0.0005987091
434,51,0.000517576
435,51,0.0008249134
436,51,0.00060638506
437,51,0.00043006428
438,51,0.00039204862
439,51,0.0005463017
440,51,0.0010449206
441,51,0.0006052144
442,51,0.0006674873
443,51,0.0005323468
444,51,0.00061743706
445,51,0.00052264426
446,51,0.0007775519
447,51,0.0011199908
448,51,0.00049085636
449,51,0.0010768995
450,51,0.0012093801
451,51,0.0006950414
452,51,0.00051458273
453,51,0.00086200796
454,51,0.0012990674
455,51,0.0010812161
456,51,0.0009500785
457,51,0.00064910203
458,51,0.000648628
459,51,-6.1316416e-05
460,51,0.000909511
461,51,0.00074298494
462,51,0.0011393605
463,51,0.00079088844
464,51,0.00068173
465,51,0.0009026816
466,51,0.00089360774
467,51,0.00054346304
468,51,0.0006427942
469,51,0.00054882
470,51,0.0002651848
471,51,0.000315262
472,51,0.0006536767
473,51,0.00028947182
474,51,0.0011851462
475,51,0.00082488265
476,51,0.0004461985
477,51,0.00044116937
478,51,0.00078054424
479,51,0.0005235197
480,51,0.00015417673
481,51,0.00085298344
482,51,0.0008716844
483,51,0.0004391102
484,51,0.0008019693
485,51,0.0008283118
486,51,0.00017000455
487,51,9.1490336e-05
488,51,0.00037861615
489,51,0.0006682342
490,51,1.2023374e-05
491,51,0.00029842276
492,51,-6.212201e-05
493,51,0.0002929084
494,51,3.2704324e-05
0,52,0.00046610553
1,52,0.00043294672
2,52,0.0010213926
3,52,0.00090004876
4,52,0.001105478
5,52,0.0010856465
6,52,
7,52,
8,52,
9,52,
10,52,
11,52,
12,52,
13,52,
14,52,
15,52,
16,52,
17,52,
18,52,
19,52,
20,52,
21,52,
22,52,
23,52,
24,52,
25,52,
26,52,
27,52,
28,52,
29,52,
30,52,
31,52,
32,52,
33,52,
34,52,
35,52,0.0004909169
36,52,0.00019595679
37,52,0.001010594
38,52,0.00097183883
39,52,0.00051218923
40,52,0.0007906277
41,52,0.00020453148
42,52,0.0004683379
43,52,0.0003580982
44,52,4.2437576e-05
45,52,0.00014914852
46,52,0.0012978893
47,52,0.00045461673
48,52,0.00072187185
49,52,0.00059384294
50,52,0.00071471
51,52,0.00040856935
52,52,0.00034839846
53,52,0.00033206306
54,52,0.00054211076
55,52,7.551536e-05
56,52,0.00021516532
57,52,0.0004903823
58,52,0.00034349877
59,52,7.978268e-05
60,52,0.00022020936
61,52,0.00048255268
62,52,0.00053234305
63,52,0.0007967362
64,52,0.00052642263
65,52,0.00072452053
66,52,0.0004748972
67,52,0.00037599914
68,52,0.00081367046
69,52,0.0009844629
70,52,0.000778473
71,52,0.0003993474
72,52,0.0004902752
73,52,0.0005456107
74,52,0.00091679674
75,52,0.00063636526
76,52,0.0007465258
77,52,0.0012295898
78,52,0.00024751015
79,52,0.00057057943
80,52,0.00020883791
81,52,0.00054915063
82,52,0.000412222
83,52,0.0004558023
84,52,0.00066578854
85,52,0.0009845998
86,52,0.0003549885
87,52,0.0008997787
88,52,0.0010086233
89,52,9.892974e-05
90,52,0.0006510131
91,52,0.00090262294
92,52,
93,52,
94,52,0.0007364666
95,52,0.00052071735
96,52,0.00061334856
97,52,
98,52,
99,52,
100,52,
101,52,
102,52,
103,52,
104,52,
105,52,
106,52,
107,52,
108,52,
109,52,
110,52,
111,52,
112,52,
113,52,
114,52,
115,52,-0.00011757482
116,52,0.0007459605
117,52,0.00062008295
118,52,0.000384219
119,52,0.00082127936
120,52,0.000999514
121,52,0.0009740116
122,52,0.0009328313
123,52,0.00033875648
124,52,
125,52,
126,52,
127,52,
128,52,0.00013776682
129,52,0.00051532127
130,52,0.0006290097
131,52,0.0004183827
132,52,0.0010527698
133,52,
134,52,
135,52,
136,52,
137,52,
138,52,
139,52,0.0001597479
140,52,
141,52,
142,52,
143,52,
144,52,0.000101748854
145,52,0.00078827515
146,52,0.0007550102
147,52,0.0007469887
148,52,0.00032665208
149,52,0.0006880369
150,52,0.0011030361
151,52,0.00032301154
152,52,0.00060815085
153,52,0.00021399464
154,52,0.00036715344
155,52,0.0008450188
156,52,0.00018209964
157,52,0.0005822461
158,52,0.000610508
159,52,0.00059316773
160,52,0.0006129462
161,52,0.000870252
162,52,0.00023806281
163,52,-9.9264085e-05
164,52,0.00054695643
165,52,0.00021946616
166,52,0.0008927798
167,52,-6.64657e-05
168,52,0.00074429065
169,52,-0.00021476485
170,52,0.0005686544
171,52,0.00047399476
172,52,0.00064522587
173,52,0.0001314599
174,52,3.8241968e-05
175,52,-0.00023931079
176,52,0.00029505044
177,52,0.00047726557
178,52,0.00072551146
179,52,0.0003973581
180,52,0.00085647404
181,52,8.331612e-05
182,52,0.00033318996
183,52,0.00042882003
184,52,0.0005907612
185,52,0.00019296352
186,52,0.0008463338
187,52,0.00041725487
188,52,0.00040861592
189,52,0.00035292096
190,52,0.00021433178
191,52,0.00021057762
192,52,0.0009697098
193,52,0.00089622755
194,52,0.0002617184
195,52,0.0001527965
196,52,0.00054908916
197,52,0.00027789734
198,52,0.0001714006
199,52,0.0004440816
200,52,0.00031565502
201,52,0.00038786605
202,52,0.0005522445
203,52,0.00054771174
204,52,0.00037726108
205,52,0.00055081304
206,52,0.00024555996
207,52,0.0008914564
208,52,-6.8738125e-05
209,52,0.00027264748
210,52,0.00017911848
211,52,-0.000148491
212,52,0.00020053517
213,52,0.00090203434
214,52,0.00045967288
215,52,0.001084026
216,52,0.00036799163
217,52,0.0006736424
218,52,0.0004119752
219,52,0.0006858865
220,52,0.000110650435
221,52,0.00042837858
222,52,-0.00010248646
223,52,0.00019846484
224,52,1.7673708e-05
225,52,0.0002927063
226,52,0.0003885012
227,52,0.0006553149
228,52,0.0005271528
229,52,0.00022665039
230,52,6.242748e-05
231,52,0.00036209077
232,52,0.0007296642
233,52,0.00095019303
234,52,0.00022784993
235,52,0.00047103968
236,52,0.0008254908
237,52,0.000513657
238,52,0.00024981983
239,52,0.00082341116
240,52,0.00025979616
241,52,0.0005485546
242,52,0.00011148676
243,52,0.00036118645
244,52,0.00017591659
245,52,0.00062506367
246,52,-4.273746e-05
247,52,2.7880073e-05
248,52,0.00027519
249,52,0.00019818544
250,52,-0.00010743737
251,52,0.00010353979
252,52,0.0005218331
253,52,0.00015240815
254,52,0.00055698585
255,52,0.0010547675
256,52,0.0006441949
257,52,0.0006608721
258,52,0.0011956934
259,52,0.00039345678
260,52,0.00043953396
261,52,0.00082911924
262,52,0.0006289175
263,52,0.00037795026
264,52,0.0004032757
265,52,0.000529672
266,52,0.00046597142
267,52,0.00063294265
268,52,0.0006018365
269,52,0.00046903268
270,52,0.0006622197
271,52,0.0006046882
272,52,0.00056183524
273,52,0.00058405194
274,52,0.0007631453
275,52,0.0006770408
276,52,0.0001922641
277,52,0.0010195747
278,52,0.0007111756
279,52,0.0005673617
280,52,0.00035782717
281,52,0.00015136227
282,52,8.9053065e-05
283,52,0.00039120484
284,52,0.00035067648
285,52,0.00068869535
286,52,0.0006881179
287,52,0.00034291577
288,52,0.00033987686
289,52,0.00018342119
290,52,9.809621e-05
291,52,0.0007118229
292,52,0.00014986005
293,52,-1.5424564e-05
294,52,0.0003372915
295,52,0.000253818
296,52,-6.4866617e-06
297,52,5.7449564e-05
298,52,-0.00023039896
299,52,0.0003708601
300,52,-6.463565e-05
301,52,0.00017268024
302,52,0.00070026424
303,52,0.0013376893
304,52,0.0006700251
305,52,0.0003727628
306,52,-1.8658116e-05
307,52,2.0704232e-05
308,52,0.0005078465
309,52,0.00056678336
310,52,0.0007937867
311,52,-0.00028909277
312,52,0.0008509066
313,52,0.00028134137
314,52,0.000109587796
315,52,0.00039038807
316,52,0.00028512627
317,52,0.00048844796
318,52,8.329004e-05
319,52,0.00060884096
320,52,0.0013197223
321,52,0.00011118688
322,52,6.681029e-05
323,52,0.00077005755
324,52,0.00062133186
325,52,0.000119078904
326,52,0.0004323423
327,52,0.00073685683
328,52,0.00081048347
329,52,0.00086475816
330,52,0.0003854921
331,52,0.00020186696
332,52,0.0010175491
333,52,0.00042211358
334,52,9.457022e-05
335,52,-0.0001513632
336,52,0.00060387515
337,52,0.0008766968
338,52,0.00023727398
339,52,0.0008322112
340,52,0.00037321914
341,52,0.0010391409
342,52,2.7486123e-05
343,52,0.00067941565
344,52,0.0009049112
345,52,0.00092491135
346,52,0.00034276024
347,52,0.00087081175
348,52,0.00060669426
349,52,0.0010707593
350,52,0.0008037714
351,52,0.0009196056
352,52,0.0006223945
353,52,0.0005574543
354,52,0.0007999046
355,52,0.0009804368
356,52,0.0004109228
357,52,0.00042592082
358,52,0.0007241443
359,52,0.00028618425
360,52,0.00053787977
361,52,-0.00016979128
362,52,0.0011654804
363,52,0.00048399903
364,52,0.0005613938
365,52,0.00018395018
366,52,0.00074988324
367,52,0.00044172723
368,52,0.00040325988
369,52,0.0006179279
370,52,-9.4638206e-05
371,52,0.00030527357
372,52,0.0006773863
373,52,0.00037511904
374,52,0.00026424043
375,52,0.00015399512
376,52,0.00061398
377,52,0.000585014
378,52,0.00040475372
379,52,0.00045564584
380,52,0.00036667753
381,52,7.276144e-05
382,52,0.00033033267
383,52,0.0006210236
384,52,0.00039400905
385,52,4.3928623e-05
386,52,0.00025343057
387,52,0.00046522915
388,52,0.0007025935
389,52,0.00068948045
390,52,0.0006324155
391,52,0.0008714283
392,52,0.00047221687
393,52,0.00087312143
394,52,0.0012792768
395,52,0.00012568384
396,52,0.00045323744
397,52,0.0001940839
398,52,0.00033080298
399,52,0.00039185397
400,52,0.0010559829
401,52,0.0005018199
402,52,-9.0905465e-05
403,52,0.00070673414
404,52,0.0005215341
405,52,0.00015446637
406,52,0.0005872296
407,52,0.0009414535
408,52,0.00057174545
409,52,0.00029590074
410,52,0.00104356
411,52,0.00039421022
412,52,0.0004269341
413,52,0.000372638
414,52,0.0005878275
415,52,0.00063743815
416,52,0.0005907109
417,52,0.0008022031
418,52,0.0006392738
419,52,0.00048795622
420,52,0.00042748544
421,52,0.00034603756
422,52,0.00071110204
423,52,0.0008474095
424,52,0.00032106414
425,52,0.00067565497
426,52,0.00069877226
427,52,8.866005e-05
428,52,0.00038901065
429,52,-9.081326e-06
430,52,0.00035914406
431,52,0.00046822708
432,52,0.0005018413
433,52,0.0005466491
434,52,0.0001211185
435,52,0.0007372005
436,52,0.00081529655
437,52,0.0003935229
438,52,0.0005173106
439,52,0.0009187376
440,52,0.0005099671
441,52,0.0003356384
442,52,0.00050147343
443,52,0.00096281525
444,52,0.0006532697
445,52,0.0006601373
446,52,0.0005985461
447,52,0.00109162
448,52,0.0006242832
449,52,0.00074218307
450,52,0.0005491208
451,52,0.0010061469
452,52,0.0010446198
453,52,0.0006478941
454,52,0.00038700458
455,52,0.00046972
456,52,0.00033106282
457,52,0.00031100772
458,52,0.00018893369
459,52,0.0006018188
460,52,0.0004635062
461,52,0.0004106341
462,52,0.00016070344
463,52,0.00047962088
464,52,0.00031047408
465,52,0.00088982563
466,52,0.00043299608
467,52,0.0005394323
468,52,5.714968e-05
469,52,0.0010125618
470,52,0.0008663414
471,52,0.0007699048
472,52,0.0008861562
473,52,0.0012491494
474,52,0.0004558619
475,52,8.46386e-06
476,52,0.0005879197
477,52,0.0007195156
478,52,0.0007915953
479,52,0.0008384455
480,52,0.00017884653
481,52,0.00022431184
482,52,0.00029090885
483,52,0.00041090325
484,52,0.0006036479
485,52,0.00040728692
486,52,0.00076736603
487,52,0.0008009076
488,52,0.00032222457
489,52,0.0007061474
490,52,0.00018619467
491,52,0.00029397197
492,52,0.00041531678
493,52,6.3737854e-05
494,52,0.000740706
0,53,0.0009418363
1,53,0.0003448315
2,53,0.0006326679
3,53,0.0009973319
4,53,0.00090211537
5,53,0.0007226346
6,53,
7,53,
8,53,
9,53,
10,53,
11,53,
12,53,
13,53,
14,53,
15,53,
16,53,
17,53,
18,53,
19,53,
20,53,
21,53,
22,53,
23,53,
24,53,
25,53,
26,53,
27,53,
28,53,
29,53,
30,53,
31,53,
32,53,
33,53,
34,53,
35,53,0.00083107874
36,53,0.0002907319
37,53,0.0009259479
38,53,0.00050236285
39,53,0.00022787228
40,53,0.0007316917
41,53,0.0007413421
42,53,0.0006048726
43,53,9.532925e-05
44,53,0.0005463362
45,53,0.00015984848
46,53,0.0007405123
47,53,0.000659653
48,53,-7.382687e-05
49,53,0.00040475093
50,53,0.00065713376
51,53,0.00055465195
52,53,0.00030312408
53,53,0.0006078165
54,53,0.00046026986
55,53,-5.3895637e-06
56,53,0.00013045501
57,53,0.0005234033
58,53,0.00041161664
59,53,7.825531e-05
60,53,0.00028321147
61,53,0.000255242
62,53,0.00079732947
63,53,0.00043001585
64,53,0.0002992982
65,53,0.00050754845
66,53,0.00049375836
67,53,0.00077065267
68,53,5.0565228e-05
69,53,0.00033941492
70,53,0.00037276838
71,53,0.0006601196
72,53,0.00019533094
73,53,0.00068380125
74,53,0.0007668808
75,53,0.0006101923
76,53,0.00030025002
77,53,3.563147e-05
78,53,0.0011383472
79,53,0.00042159855
80,53,0.00062821247
81,53,0.0005373992
82,53,0.00044136215
83,53,0.0006570816
84,53,0.00033100415
85,53,0.00025729742
86,53,0.00061025284
87,53,0.0006198399
88,53,0.0007777093
89,53,-8.2645565e-06
90,53,0.0005548699
91,53,-0.0003663702
92,53,
93,53,
94,53,0.00048329495
95,53,0.00064035505
96,53,0.00042217877
97,53,
98,53,
99,53,
100,53,
101,53,
102,53,
103,53,
104,53,
105,53,
106,53,
107,53,
108,53,
109,53,
110,53,
111,53,
112,53,
113,53,
114,53,0.000819643
115,53,
116,53,0.0006176047
117,53,0.0003146883
118,53,0.00032237917
119,53,0.00088860746
120,53,0.00060097035
121,53,0.00065305457
122,53,
123,53,
124,53,
125,53,
126,53,
127,53,
128,53,
129,53,0.00057514943
130,53,3.776513e-05
131,53,0.00090850424
132,53,0.000691656
133,53,0.0006975364
134,53,
135,53,
136,53,
137,53,0.00031856634
138,53,
139,53,
140,53,
141,53,
142,53,
143,53,
144,53,
145,53,
146,53,0.0008489154
147,53,0.00088900607
148,53,0.00077678263
149,53,0.00061878655
150,53,0.00025237165
151,53,0.00018550176
152,53,0.0005404614
153,53,0.00063494034
154,53,0.0005853437
155,53,0.00041753333
156,53,0.0006356668
157,53,0.00093833916
158,53,0.00066153053
159,53,0.00014019478
160,53,0.00021467917
161,53,1.13621354e-07
162,53,0.00047853868
163,53,0.00036778953
164,53,0.00054340996
165,53,0.00033694785
166,53,0.0003573224
167,53,0.00038787816
168,53,4.0163286e-05
169,53,0.000497818
170,53,1.0609627e-05
171,53,0.00018290337
172,53,-9.373855e-05
173,53,0.000332715
174,53,0.00012773275
175,53,0.00010135304
176,53,0.0004521329
177,53,0.00019992702
178,53,0.0005895095
179,53,0.00025347434
180,53,0.00087203085
181,53,0.00051649567
182,53,-0.00016880967
183,53,0.0003036037
184,53,0.00064680446
185,53,0.000569785
186,53,0.00035604835
187,53,0.00091038086
188,53,0.00018536672
189,53,0.00010403991
190,53,-2.1084212e-05
191,53,0.00039216504
192,53,0.00035328697
193,53,0.00027824007
194,53,0.0008530421
195,53,0.00015066285
196,53,0.0008880552
197,53,-3.8629398e-05
198,53,0.00074192695
199,53,0.00047574285
200,53,-2.970174e-05
201,53,0.00010928884
202,53,0.0003051525
203,53,0.00025742128
204,53,0.0004335884
205,53,0.00049066637
206,53,0.0003989404
207,53,0.0006890604
208,53,0.0003526304
209,53,-8.60421e-05
210,53,0.00036454573
211,53,0.0011145798
212,53,-5.531404e-05
213,53,0.00018381886
214,53,0.00043066498
215,53,2.4511479e-05
216,53,0.00023808889
217,53,0.0005785478
218,53,0.0013232203
219,53,0.00039788894
220,53,0.0004328061
221,53,0.00054548867
222,53,-1.31465495e-05
223,53,0.00051886775
224,53,0.0002719974
225,53,0.000347225
226,53,0.00013597775
227,53,0.00061129127
228,53,0.00050944556
229,53,0.00069312565
230,53,0.0004915828
231,53,0.0001275558
232,53,0.0003221128
233,53,0.00047185924
234,53,0.00034350902
235,53,0.0009335885
236,53,0.0004142169
237,53,4.7252513e-05
238,53,9.553507e-06
239,53,-0.00013019238
240,53,0.0003161328
241,53,0.0005909689
242,53,0.00045629032
243,53,0.0005514873
244,53,0.0005455641
245,53,0.00029349327
246,53,0.00047157332
247,53,0.000363864
248,53,0.00028526876
249,53,0.00036955345
250,53,0.0006837519
251,53,0.00037423056
252,53,0.00017622393
253,53,0.00013942737
254,53,0.0003517177
255,53,0.00019651
256,53,0.00040795468
257,53,0.0007941397
258,53,0.00026398152
259,53,5.109422e-05
260,53,0.00055141374
261,53,0.0005675256
262,53,0.0005709529
263,53,0.00025679823
264,53,0.00047248788
265,53,0.00069847517
266,53,0.0004501175
267,53,0.00045511872
268,53,0.0005477555
269,53,0.00058988854
270,53,0.00036842842
271,53,0.00039299764
272,53,0.000679967
273,53,0.0005334923
274,53,0.00044569653
275,53,0.00048761908
276,53,0.0007400075
277,53,0.00050881505
278,53,0.00073287636
279,53,0.00044334587
280,53,0.0003491342
281,53,6.6617504e-05
282,53,1.9351952e-05
283,53,0.0007117074
284,53,8.2688406e-05
285,53,0.0003984524
286,53,0.0009852704
287,53,0.00013371836
288,53,0.0011655539
289,53,0.00044464786
290,53,0.00013893843
291,53,0.00024376903
292,53,0.00036689825
293,53,-4.1350722e-05
294,53,0.00050666835
295,53,-7.618219e-05
296,53,0.000100445934
297,53,0.00041554775
298,53,2.0818785e-05
299,53,9.7961165e-05
300,53,0.00063963607
301,53,0.0006467011
302,53,0.0002906965
303,53,0.0004886091
304,53,0.00024900213
305,53,0.00090213306
306,53,0.00071480684
307,53,0.0009132521
308,53,0.0003137216
309,53,0.0004601935
310,53,0.00012747571
311,53,0.0006531952
312,53,0.0008159485
313,53,0.0011100806
314,53,4.284084e-06
315,53,0.0010619732
316,53,0.0007521333
317,53,0.0009620879
318,53,0.0006653983
319,53,0.00036958698
320,53,0.0003474038
321,53,0.00011034217
322,53,-0.00024992228
323,53,0.00082682725
324,53,0.00038813613
325,53,0.00077602547
326,53,0.00083419774
327,53,0.00047443435
328,53,0.00045112427
329,53,0.00053926744
330,53,0.0003688112
331,53,0.00043102726
332,53,4.753191e-05
333,53,0.0003151577
334,53,0.00066820066
335,53,0.0003215475
336,53,0.00071558636
337,53,0.00080372207
338,53,0.00078549795
339,53,0.0006680973
340,53,0.000286635
341,53,0.0010122508
342,53,0.0013532676
343,53,0.00032869726
344,53,0.0006149225
345,53,0.00046740007
346,53,0.00068547763
347,53,0.00074230414
348,53,0.00086081587
349,53,0.00027853064
350,53,0.00034411624
351,53,0.00036697648
352,53,0.0007313052
353,53,0.00042431988
354,53,0.00047853868
355,53,0.0007476304
356,53,0.00034726318
357,53,0.0007966338
358,53,0.00031738635
359,53,0.0006732121
360,53,0.0010157805
361,53,0.0004596142
362,53,0.0006764848
363,53,0.00036566705
364,53,0.00033875555
365,53,0.00068543386
366,53,-7.655565e-05
367,53,-0.00016347226
368,53,0.00060626026
369,53,0.0006858194
370,53,0.00091941655
371,53,0.00027568173
372,53,0.00028856844
373,53,0.001295574
374,53,0.0010597389
375,53,0.0008404488
376,53,0.0002756724
377,53,0.00064562727
378,53,0.00021492504
379,53,0.00037945714
380,53,-0.00011155009
381,53,0.0004327763
382,53,0.0005956888
383,53,0.00056238007
384,53,0.0006178869
385,53,-5.2740797e-06
386,53,0.0002825437
387,53,0.00038833357
388,53,0.00072702393
389,53,0.00091258064
390,53,0.00028501637
391,53,0.00024743658
392,53,0.00039474107
393,53,0.0003445763
394,53,0.00026776828
395,53,0.0001472393
396,53,0.00081425067
397,53,0.0004931865
398,53,0.0014156289
399,53,0.0006720014
400,53,0.00033883285
401,53,0.0002814904
402,53,0.00055367313
403,53,0.0003343094
404,53,6.513111e-05
405,53,0.00057318714
406,53,0.00068305526
407,53,0.0006498117
408,53,0.000870212
409,53,0.0010800008
410,53,0.0005376786
411,53,0.0007524537
412,53,0.00069512613
413,53,0.00059313886
414,53,0.0006199349
415,53,0.00017166417
416,53,0.0003503468
417,53,0.0007340191
418,53,0.00048665144
419,53,0.00031731185
420,53,0.00025912002
421,53,0.00047437847
422,53,-5.5823475e-06
423,53,0.000449243
424,53,0.000662907
425,53,0.0009687841
426,53,0.00042690337
427,53,0.00037841778
428,53,0.00018130429
429,53,0.00060537923
430,53,0.00077182613
431,53,0.0012213672
432,53,0.00092106406
433,53,0.00081925467
434,53,0.001242321
435,53,0.00042661466
436,53,0.0005733585
437,53,0.00061454717
438,53,0.0005139727
439,53,0.00015214738
440,53,0.0008434728
441,53,0.00034840964
442,53,0.00078379456
443,53,0.0011412147
444,53,0.0010955557
445,53,0.00027826615
446,53,0.0005790526
447,53,0.0005216012
448,53,0.00033830572
449,53,0.0005102465
450,53,0.00096477475
451,53,0.0007203277
452,53,0.0009257337
453,53,0.001068932
454,53,0.0010597641
455,53,0.0005172007
456,53,0.0008832738
457,53,0.00064253993
458,53,0.0005244985
459,53,0.0005032271
460,53,0.0006463798
461,53,0.0006933203
462,53,0.00057852734
463,53,0.0008791974
464,53,0.0005927365
465,53,0.0007788902
466,53,0.00032407604
467,53,0.00081331655
468,53,0.00014474709
469,53,0.00076692645
470,53,0.000714154
471,53,4.2421743e-05
472,53,0.0006176736
473,53,6.361306e-05
474,53,0.0006488124
475,53,0.00076582376
476,53,0.00094794575
477,53,0.00042727496
478,53,0.00048093498
479,53,0.00085174385
480,53,0.000101855956
481,53,0.00038518757
482,53,7.849373e-05
483,53,0.00018693879
484,53,0.0001799576
485,53,0.00062037725
486,53,0.00080715865
487,53,0.00080056675
488,53,0.0005549509
489,53,0.00073340535
490,53,0.0002842741
491,53,0.0006515719
492,53,5.0269067e-05
493,53,0.0003001932
494,53,0.00047273468
0,54,0.0003840709
1,54,0.00076174457
2,54,0.0009615123
3,54,0.00040085427
4,54,0.00040000398
5,54,0.000590045
6,54,
7,54,
8,54,
9,54,
10,54,
11,54,
12,54,
13,54,
14,54,
15,54,
16,54,
17,54,
18,54,
19,54,
20,54,
21,54,
22,54,
23,54,
24,54,
25,54,
26,54,
27,54,
28,54,
29,54,
30,54,
31,54,
32,54,0.00049097184
33,54,
34,54,
35,54,0.00065761525
36,54,0.0006890893
37,54,0.0010801647
38,54,0.00080948975
39,54,0.0008156216
40,54,0.00031884294
41,54,0.00061987154
42,54,2.0218082e-05
43,54,0.00089843944
44,54,0.0007973509
45,54,0.00086646806
46,54,0.00028389692
47,54,0.00046743918
48,54,-7.120706e-05
49,54,0.0004628133
50,54,0.0007019546
51,54,0.0003738273
52,54,0.00054616947
53,54,0.0010962319
54,54,0.0004367726
55,54,0.00078782253
56,54,0.00024600513
57,54,0.00072577875
58,54,3.5893172e-05
59,54,0.0008984851
60,54,0.00086543243
61,54,0.0006570136
62,54,0.000986672
63,54,0.0005932916
64,54,0.0002317261
65,54,0.0004127454
66,54,0.00018988457
67,54,0.00034534745
68,54,0.0010242062
69,54,0.00051119644
70,54,0.0006873645
71,54,0.00094086677
72,54,6.805733e-05
73,54,0.0005268529
74,54,0.00059107225
75,54,0.0004332736
76,54,0.0008749664
77,54,0.00023675151
78,54,0.00013333466
79,54,0.0010477845
80,54,0.0004857313
81,54,0.000508138
82,54,5.829893e-05
83,54,0.000102967955
84,54,0.00019737612
85,54,0.0008728029
86,54,0.00053631235
87,54,0.0005568089
88,54,0.0005507488
89,54,0.0015595322
90,54,0.00062790513
91,54,0.0004738588
92,54,
93,54,
94,54,0.00026859995
95,54,-0.00016257446
96,54,
97,54,
98,54,
99,54,
100,54,
101,54,
102,54,
103,54,
104,54,
105,54,
106,54,
107,54,
108,54,
109,54,
110,54,
111,54,
112,54,
113,54,
114,54,
115,54,
116,54,
117,54,0.0010563321
118,54,0.0005703224
119,54,0.0006813146
120,54,2.1930784e-05
121,54,
122,54,
123,54,
124,54,
125,54,
126,54,
127,54,
128,54,
129,54,0.00016475841
130,54,0.00078273285
131,54,0.00017623417
132,54,0.0005097855
133,54,0.00088563934
134,54,
135,54,
136,54,
137,54,
138,54,
139,54,
140,54,
141,54,0.00027307216
142,54,
143,54,
144,54,
145,54,
146,54,
147,54,
148,54,0.0001655221
149,54,0.0006713467
150,54,0.0009381799
151,54,0.00074987765
152,54,0.0009970758
153,54,0.0011703512
154,54,0.00053772144
155,54,0.0003459286
156,54,0.0007571839
157,54,0.00033125002
158,54,0.0002733944
159,54,0.00032618828
160,54,0.000573596
161,54,0.00037925225
162,54,0.00018613227
163,54,0.0004350152
164,54,0.00051013194
165,54,0.00045402255
166,54,0.00095123425
167,54,-0.00014731009
168,54,0.00016255304
169,54,0.00083586853
170,54,2.9799528e-05
171,54,0.00021127332
172,54,0.00041708723
173,54,0.0008742567
174,54,0.0006191116
175,54,0.00017642789
176,54,0.00037374813
177,54,0.00026939716
178,54,0.00096498616
179,54,0.0005706288
180,54,0.001239731
181,54,0.00024901424
182,54,0.0008467445
183,54,-0.00043569505
184,54,0.00047125854
185,54,0.0009381529
186,54,0.00032880343
187,54,0.00080983713
188,54,0.00093998294
189,54,0.00021763332
190,54,0.00035295356
191,54,0.00048304815
192,54,0.00057813246
193,54,0.00089911
194,54,0.0007462576
195,54,0.00019566249
196,54,0.0005010795
197,54,0.0005332101
198,54,0.0006119739
199,54,0.00039179623
200,54,-0.00010962598
201,54,0.00052790064
202,54,0.00019731559
203,54,0.0005700011
204,54,0.00048363023
205,54,0.0003577387
206,54,3.3563003e-05
207,54,0.000102474354
208,54,0.00024994928
209,54,0.00026138686
210,54,0.0004157722
211,54,-5.591102e-05
212,54,0.0009260457
213,54,-0.00029437058
214,54,0.00020523276
215,54,0.00019392185
216,54,0.0005609635
217,54,0.0008114604
218,54,0.00025692862
219,54,0.00028540567
220,54,0.00075476617
221,54,0.0007191915
222,54,0.001055208
223,54,8.972362e-05
224,54,0.0008750409
225,54,0.0005860701
226,54,-0.00043911487
227,54,0.0003758939
228,54,0.0006331168
229,54,7.8898855e-05
230,54,0.0005670404
231,54,0.0006086547
232,54,-2.3580156e-05
233,54,0.00075397734
234,54,0.0004783459
235,54,0.0006101262
236,54,0.00024415646
237,54,0.0010828311
238,54,-5.2237883e-05
239,54,0.0003942242
240,54,0.0005062446
241,54,0.0005448554
242,54,0.000289673
243,54,-2.0556152e-05
244,54,0.0008813217
245,54,0.00039479882
246,54,0.0012631034
247,54,0.0006453851
248,54,0.00039252732
249,54,0.00032303855
250,54,0.0008037081
251,54,0.00052668154
252,54,0.00081149023
253,54,0.00066420157
254,54,0.00073007774
255,54,0.00082330965
256,54,0.00052015856
257,54,0.00047022197
258,54,0.00027917605
259,54,0.0005760584
260,54,0.00076665357
261,54,0.0006706044
262,54,0.00052259024
263,54,0.00060598366
264,54,0.0005282629
265,54,0.00024981145
266,54,0.0007197764
267,54,0.00046674814
268,54,0.0010512937
269,54,0.00089601707
270,54,0.00071605947
271,54,0.000515352
272,54,2.2170134e-05
273,54,0.00031730998
274,54,0.0005915072
275,54,0.0007189056
276,54,5.3606927e-06
277,54,0.00028493907
278,54,0.0006160978
279,54,-3.1776726e-06
280,54,0.00074858405
281,54,0.00027026236
282,54,0.0007706117
283,54,0.0010407958
284,54,0.000589611
285,54,0.0006831549
286,54,0.0005767029
287,54,0.00083302427
288,54,0.00038650353
289,54,0.0006155139
290,54,0.0007976657
291,54,0.0008619772
292,54,0.00043823943
293,54,0.0003315704
294,54,0.00030233804
295,54,0.00041509327
296,54,0.00036016013
297,54,0.0006071571
298,54,-0.0003097672
299,54,0.00010265317
300,54,0.00048159435
301,54,0.00049494393
302,54,0.0001632385
303,54,0.00049750414
304,54,6.8146735e-05
305,54,0.00066321436
306,54,0.00087447744
307,54,0.000518864
308,54,0.0008285679
309,54,0.00045578647
310,54,0.000111036934
311,54,0.000618984
312,54,0.0003807349
313,54,0.00082754623
314,54,0.000781158
315,54,0.00019533467
316,54,0.0006511882
317,54,0.0006990973
318,54,0.0004942259
319,54,0.0005251132
320,54,0.00010184944
321,54,0.0006356519
322,54,0.0010962915
323,54,0.00032747537
324,54,0.0008087382
325,54,0.0006089192
326,54,7.353723e-05
327,54,0.0010537114
328,54,0.00011932012
329,54,-0.00032177847
330,54,0.0005362276
331,54,0.00046700798
332,54,0.0002959678
333,54,0.00033589453
334,54,0.00082939304
335,54,-1.9713305e-05
336,54,0.0004587844
337,54,0.00048517622
338,54,0.00044145435
339,54,0.00010057818
340,54,0.00069046766
341,54,0.00050230976
342,54,0.00023408607
343,54,0.00035824906
344,54,0.00043411274
345,54,0.0002456177
346,54,8.354895e-05
347,54,0.0006243419
348,54,-1.6192906e-05
349,54,0.00040511042
350,54,0.00060853735
351,54,0.0005899146
352,54,0.0005304981
353,54,0.00068019517
354,54,0.00059282966
355,54,0.00042342767
356,54,0.0007995581
357,54,7.855799e-05
358,54,0.00037183054
359,54,0.0007945653
360,54,0.0005143732
361,54,0.0007906286
362,54,0.0005338248
363,54,0.00058008544
364,54,0.00038392562
365,54,0.00057894643
366,54,0.00066248886
367,54,9.257626e-05
368,54,0.0002569761
369,54,0.0005238382
370,54,0.0006491607
371,54,3.746152e-05
372,54,-7.804297e-05
373,54,0.00030712318
374,54,7.3300675e-05
375,54,0.00048756786
376,54,0.00083889905
377,54,0.0004827818
378,54,0.00037110224
379,54,0.0002441844
380,54,0.0005694926
381,54,0.00033036806
382,54,0.00067462027
383,54,0.00030428823
384,54,0.00018594135
385,54,0.0007311078
386,54,0.0011673989
387,54,0.00052058324
388,54,0.0006121043
389,54,0.00087985955
390,54,0.0011866139
391,54,0.00011751056
392,54,0.00046569854
393,54,0.00081573334
394,54,0.0003905408
395,54,0.00042487867
396,54,0.0007757414
397,54,6.250199e-05
398,54,0.00074702874
399,54,0.0002759425
400,54,0.000549742
401,54,0.00049634837
402,54,0.0007303618
403,54,0.00054843724
404,54,0.000404221
405,54,0.0009910567
406,54,0.00033295806
407,54,0.00067820866
408,54,0.00053764135
409,54,0.0010756785
410,54,0.0007013632
411,54,0.0003955867
412,54,0.0006793393
413,54,0.0005717315
414,54,0.00061573833
415,54,0.00029364508
416,54,0.0012389431
417,54,0.00037886947
418,54,0.00058485474
419,54,0.0007985858
420,54,0.00079683587
421,54,0.0002786601
422,54,0.0005654758
423,54,0.0006889198
424,54,0.00028397702
425,54,0.00032131188
426,54,0.0009127874
427,54,-3.0242838e-05
428,54,0.0008341111
429,54,0.00083865505
430,54,0.0005024681
431,54,0.00031895563
432,54,0.0006856136
433,54,0.0010135937
434,54,0.00018767174
435,54,0.0005020313
436,54,0.0005920753
437,54,0.0004820954
438,54,0.00097283535
439,54,0.00033750944
440,54,0.00077881385
441,54,0.00043601915
442,54,0.00087469444
443,54,0.00073003396
444,54,0.00047086366
445,54,0.00014609564
446,54,0.00042198598
447,54,-3.354624e-05
448,54,0.00066761766
449,54,0.00013087317
450,54,0.00058999564
451,54,0.00061282236
452,54,0.0007229289
453,54,0.00042666588
454,54,0.00035025738
455,54,0.000830736
456,54,0.0009551775
457,54,0.0007037921
458,54,0.00048475154
459,54,0.0009577833
460,54,0.0004449701
461,54,0.00035680737
462,54,0.00083506387
463,54,0.00045174826
464,54,0.0010296386
465,54,0.00059405435
466,54,0.000770241
467,54,0.0003879601
468,54,0.0008366434
469,54,0.00053729676
470,54,0.00086568575
471,54,0.0003759805
472,54,0.0007156953
473,54,0.0005545486
474,54,0.00021003932
475,54,0.00045963377
476,54,0.00072948635
477,54,0.0005869474
478,54,0.0005813958
479,54,0.0003560111
480,54,0.00022229459
481,54,0.00091569684
482,54,0.00027762353
483,54,0.00043432787
484,54,0.00014636852
485,54,-7.8722835e-05
486,54,0.00083677564
487,54,0.0007552104
488,54,4.983507e-05
489,54,-9.242445e-06
490,54,0.00074035116
491,54,0.00076036714
492,54,0.00024171825
493,54,0.0007714126
494,54,0.00050016213
0,55,0.0005707722
1,55,0.0008198023
2,55,0.00047819223
3,55,0.00091287866
4,55,0.0011489596
5,55,0.0006529493
6,55,
7,55,
8,55,
9,55,
10,55,
11,55,
12,55,
13,55,
14,55,
15,55,
16,55,
17,55,
18,55,
19,55,
20,55,
21,55,
22,55,
23,55,
24,55,
25,55,
26,55,
27,55,
28,55,
29,55,
30,55,
31,55,
32,55,
33,55,
34,55,
35,55,0.0006691739
36,55,0.0005689757
37,55,0.00082640816
38,55,0.0011149077
39,55,0.000504585
40,55,0.00032322295
41,55,0.00044777058
42,55,0.00061720144
43,55,0.00036551617
44,55,0.0005024085
45,55,0.0011460278
46,55,0.00034915376
47,55,0.00018600002
48,55,0.0002317857
49,55,0.000314923
50,55,0.0003934605
51,55,0.0002860697
52,55,0.0007111598
53,55,0.00022633094
54,55,0.00020736549
55,55,0.00081348326
56,55,0.0008393219
57,55,0.00036996976
58,55,0.0007670289
59,55,0.00050721783
60,55,0.00046398677
61,55,0.00068725366
62,55,0.0005305186
63,55,0.000808605
64,55,0.0006618472
65,55,0.0007571485
66,55,0.0008663982
67,55,0.00012165122
68,55,0.0005698949
69,55,0.00043162704
70,55,0.0003023725
71,55,-0.00012351852
72,55,-0.000100629404
73,55,0.00094638206
74,55,0.00046769436
75,55,0.0006925911
76,55,0.0006349981
77,55,0.0005762987
78,55,0.00021552108
79,55,5.23692e-05
80,55,0.00031950418
81,55,0.00028459728
82,55,0.00024332386
83,55,0.0004885085
84,55,0.0008613011
85,55,0.00036381
86,55,0.00012260024
87,55,0.00046911556
88,55,0.0011383276
89,55,0.00050544646
90,55,0.0009068269
91,55,0.0002735937
92,55,
93,55,
94,55,
95,55,0.00041764602
96,55,
97,55,0.0013808869
98,55,
99,55,
100,55,
101,55,
102,55,
103,55,
104,55,
105,55,
106,55,
107,55,
108,55,
109,55,
110,55,
111,55,
112,55,
113,55,
114,55,
115,55,
116,55,
117,55,
118,55,
119,55,0.0002703108
120,55,
121,55,
122,55,
123,55,
124,55,
125,55,
126,55,
127,55,
128,55,
129,55,
130,55,0.0007759407
131,55,0.00074817985
132,55,0.00024014805
133,55,0.001141415
134,55,0.00038320478
135,55,
136,55,
137,55,
138,55,0.00010142103
139,55,
140,55,0.0004560575
141,55,
142,55,
143,55,
144,55,
145,55,
146,55,
147,55,0.00142942
148,55,0.00025463663
149,55,-9.466335e-05
150,55,0.00047569443
151,55,0.0007167319
152,55,0.0003892472
153,55,0.0006455146
154,55,0.00019405689
155,55,0.0005946532
156,55,0.0007205261
157,55,0.00030562002
158,55,0.00040929858
159,55,0.0003524674
160,55,0.0005343659
161,55,0.00015005842
162,55,0.00042515434
163,55,0.00012684893
164,55,0.00048443396
165,55,-6.636046e-05
166,55,0.00038409606
167,55,0.00064298324
168,55,0.0005842028
169,55,0.0004425086
170,55,0.00034733675
171,55,-2.4860725e-05
172,55,0.00037427898
173,55,0.00060824305
174,55,-2.7161092e-05
175,55,0.0002157744
176,55,0.0005065771
177,55,0.00041619502
178,55,0.0006730566
179,55,8.124951e-05
180,55,0.00042509288
181,55,0.0002598185
182,55,0.00062689465
183,55,0.0007142527
184,55,0.0008457778
185,55,0.0006866371
186,55,0.0005419431
187,55,0.00091433246
188,55,0.0003406983
189,55,0.00044247042
190,55,0.000497099
191,55,0.00040078815
192,55,0.0006486755
193,55,0.00031786412
194,55,0.0006494224
195,55,0.00079490803
196,55,0.0005366765
197,55,0.00074519776
198,55,-0.00060596224
199,55,0.00011536945
200,55,0.000564686
201,55,0.0008776691
202,55,0.0003626356
203,55,0.0004402576
204,55,0.00021814276
205,55,0.00066745933
206,55,0.0007892158
207,55,0.0007610079
208,55,0.00037349388
209,55,0.00041949376
210,55,0.00047018938
211,55,-8.295663e-05
212,55,0.0005479455
213,55,0.0005656285
214,55,0.00037281495
215,55,0.0009887516
216,55,0.0008007949
217,55,0.00037146732
218,55,0.00066230353
219,55,0.0006643953
220,55,0.0001304578
221,55,0.00042017642
222,55,0.00028924458
223,55,0.00031673163
224,55,0.00012909528
225,55,0.00012241397
226,55,0.00024551246
227,55,0.00045507867
228,55,1.1044554e-05
229,55,0.00067230314
230,55,0.00066169444
231,55,0.0005031051
232,55,0.00072375126
233,55,0.00012191944
234,55,0.00061062444
235,55,0.00015185215
236,55,0.0007442124
237,55,0.000119128264
238,55,8.720905e-06
239,55,0.0009960793
240,55,-0.0003699772
241,55,0.0003641937
242,55,0.0008211415
243,55,0.00034119748
244,55,0.0008247476
245,55,0.0007702615
246,55,0.00018319208
247,55,0.0006487034
248,55,0.00061187986
249,55,0.0002570618
250,55,0.0002765134
251,55,0.0003811568
252,55,0.00050016586
253,55,0.0003826348
254,55,0.0010198522
255,55,0.00043416023
256,55,0.00030256994
257,55,0.0006391434
258,55,0.00037613977
259,55,0.00011660345
260,55,0.0006159665
261,55,0.00075186696
262,55,0.0003337292
263,55,0.0007118145
264,55,0.0005655894
265,55,0.0005013738
266,55,0.00059889257
267,55,0.00031965878
268,55,0.0011080783
269,55,0.00088019203
270,55,0.00058161095
271,55,0.00046202913
272,55,0.0005576154
273,55,0.00030416716
274,55,0.00040354393
275,55,0.0007381309
276,55,-0.00012721866
277,55,0.00037664268
278,55,0.00025770813
279,55,0.00088767987
280,55,0.0002946956
281,55,0.0008642394
282,55,0.0006981287
283,55,0.00023883488
284,55,8.059107e-05
285,55,0.00025167875
286,55,0.0005212873
287,55,0.00024354178
288,55,0.00020755269
289,55,0.00018440187
290,55,0.00061685406
291,55,0.00078507327
292,55,0.0001410814
293,55,0.00066080317
294,55,0.00032676756
295,55,9.748153e-06
296,55,0.00064880494
297,55,3.795512e-05
298,55,3.9682724e-05
299,55,0.0002044877
300,55,8.1905164e-05
301,55,6.4554624e-05
302,55,0.0006071236
303,55,0.0005812412
304,55,0.0005272869
305,55,0.00058490783
306,55,0.0005603507
307,55,0.0004314175
308,55,0.00036538206
309,55,0.0006967867
310,55,0.00073240884
311,55,0.00046695583
312,55,0.00044407975
313,55,0.00074259285
314,55,0.0010889145
315,55,0.00039601512
316,55,0.00018454064
317,55,0.00052074715
318,55,0.00017919671
319,55,0.00061449595
320,55,0.0007724762
321,55,0.0005931584
322,55,0.00044100918
323,55,0.000110741705
324,55,0.0001715254
325,55,0.00036623515
326,55,0.000640925
327,55,0.00039793923
328,55,0.00038016867
329,55,0.00049242843
330,55,0.0005837837
331,55,0.0006391788
332,55,0.0008135792
333,55,0.00061875116
334,55,-4.3047592e-05
335,55,0.00039616134
336,55,0.0002681138
337,55,0.0005057929
338,55,0.0007588314
339,55,0.00071860943
340,55,0.00045930315
341,55,0.0011418872
342,55,0.00089506246
343,55,0.00056526065
344,55,0.00055401586
345,55,0.00034116954
346,55,0.00027568266
347,55,0.0012255432
348,55,0.00035890192
349,55,0.00045502186
350,55,0.00064591784
351,55,0.0003139628
352,55,0.00018977746
353,55,0.00040483102
354,55,0.00073901936
355,55,0.0007405104
356,55,0.00012501888
357,55,0.00044011045
358,55,0.001009577
359,55,0.00030446053
360,55,0.0005222317
361,55,4.5887195e-05
362,55,0.00075828936
363,55,0.001004491
364,55,-5.5330805e-05
365,55,0.0005259318
366,55,0.0006790152
367,55,0.00016705226
368,55,6.540958e-05
369,55,0.00084764883
370,55,0.00077347923
371,55,-0.00013808347
372,55,0.00040602777
373,55,0.000652574
374,55,0.0003836695
375,55,0.0002680393
376,55,0.00044590887
377,55,0.000129411
378,55,0.00060317013
379,55,0.0005237367
380,55,0.0006693397
381,55,1.6631559e-05
382,55,0.000607172
383,55,0.001160522
384,55,0.00066765305
385,55,0.0006208457
386,55,0.00039684214
387,55,0.00040595792
388,55,0.0005350746
389,55,-2.6475638e-05
390,55,0.00038824975
391,55,-6.275717e-05
392,55,0.00081907026
393,55,0.0008115666
394,55,0.00032996945
395,55,0.00046611857
396,55,0.00055631436
397,55,0.00028892327
398,55,0.00049614534
399,55,0.001053405
400,55,-0.00014378503
401,55,0.00036388822
402,55,0.00092493277
403,55,0.0007055681
404,55,0.00028596632
405,55,0.00032942556
406,55,0.00070831366
407,55,0.00079091266
408,55,0.0004731221
409,55,0.00020195358
410,55,0.00061275996
411,55,0.00079456903
412,55,0.0005548848
413,55,0.00044372957
414,55,0.0010225708
415,55,0.00047935266
416,55,0.0007974114
417,55,0.0007172134
418,55,0.00088418275
419,55,0.00034034345
420,55,0.00041758083
421,55,0.0006804755
422,55,0.0009653615
423,55,0.00029051024
424,55,0.0008561602
425,55,0.00014936365
426,55,0.00047558453
427,55,0.00013638288
428,55,0.0011629257
429,55,0.00032089557
430,55,0.0008162856
431,55,8.260831e-07
432,55,0.00081176404
433,55,0.0008716108
434,55,0.00075855665
435,55,5.6901015e-05
436,55,0.000463916
437,55,0.00078288186
438,55,0.00053949654
439,55,0.000595442
440,55,0.0009901961
441,55,0.0006636409
442,55,0.0007041283
443,55,0.00053319614
444,55,0.00079532247
445,55,0.00010335073
446,55,0.0007342519
447,55,0.000258659
448,55,0.0008706022
449,55,0.0007608272
450,55,0.0008411128
451,55,0.00044975616
452,55,0.0005959645
453,55,0.00047271512
454,55,0.0008870838
455,55,0.0003365986
456,55,0.00057327934
457,55,0.00090460293
458,55,0.00052065495
459,55,0.00083945785
460,55,0.0005427683
461,55,0.0011961181
462,55,0.0007626703
463,55,0.0004577227
464,55,0.00072200503
465,55,0.0009505721
466,55,0.0010510059
467,55,0.00052121375
468,55,0.0006967131
469,55,0.0002776403
470,55,0.00028211903
471,55,0.00019574258
472,55,0.00058824755
473,55,0.00016852561
474,55,0.0002787551
475,55,0.0003671199
476,55,0.00073870644
477,55,0.00045796484
478,55,0.0005407231
479,55,0.0010167845
480,55,0.0005907994
481,55,0.00029168092
482,55,0.0005384106
483,55,0.0012903847
484,55,0.00061007123
485,55,0.0006716065
486,55,0.00035659224
487,55,0.00017488375
488,55,0.00048774667
489,55,0.0006839428
490,55,0.0006100079
491,55,0.0001583146
492,55,0.00072903
493,55,0.0003941292
494,55,0.00046920218
0,56,0.0010378826
1,56,0.0013141967
2,56,0.00047994778
3,56,0.00075874384
4,56,0.0007831231
5,56,0.0005681608
6,56,
7,56,
8,56,
9,56,
10,56,
11,56,
12,56,
13,56,
14,56,
15,56,
16,56,
17,56,
18,56,
19,56,
20,56,
21,56,
22,56,
23,56,
24,56,
25,56,
26,56,
27,56,
28,56,
29,56,
30,56,
31,56,
32,56,
33,56,
34,56,
35,56,0.00084849633
36,56,0.00036722887
37,56,0.0010157162
38,56,0.00054002367
39,56,0.0004977491
40,56,0.0009299433
41,56,-1.29099935e-05
42,56,0.0011606524
43,56,0.00037459936
44,56,0.0003236346
45,56,-5.3553842e-05
46,56,0.0006386172
47,56,0.00037093274
48,56,0.0011415286
49,56,0.0006303042
50,56,0.00064449664
51,56,0.0009142449
52,56,0.0007190937
53,56,4.876405e-05
54,56,4.950352e-05
55,56,0.00048157293
56,56,0.00068926625
57,56,7.646065e-05
58,56,0.0005641617
59,56,3.6915764e-05
60,56,0.00037332159
61,56,0.0004405789
62,56,0.0010604104
63,56,0.00045902003
64,56,0.0002399832
65,56,0.00072461925
66,56,0.00026019104
67,56,0.0004760269
68,56,0.0005399026
69,56,0.00039144605
70,56,0.0005376553
71,56,0.000566246
72,56,0.0005464703
73,56,0.00068130344
74,56,0.0008213362
75,56,0.00043955725
76,56,0.00059640035
77,56,0.0005137678
78,56,0.0005021589
79,56,0.0011054678
80,56,0.0008159876
81,56,0.0005906308
82,56,0.0005300958
83,56,0.00092457514
84,56,0.0002887044
85,56,0.00040140934
86,56,0.0006349152
87,56,0.00044002663
88,56,0.0004036473
89,56,0.000637535
90,56,0.0007190816
91,56,0.00060568564
92,56,1.853425e-05
93,56,
94,56,
95,56,
96,56,
97,56,
98,56,
99,56,
100,56,
101,56,
102,56,
103,56,
104,56,
105,56,
106,56,
107,56,
108,56,
109,56,
110,56,
111,56,
112,56,
113,56,
114,56,
115,56,
116,56,
117,56,0.0004010219
118,56,0.00019387528
119,56,
120,56,
121,56,
122,56,
123,56,
124,56,
125,56,
126,56,
127,56,
128,56,
129,56,
130,56,
131,56,0.0003157584
132,56,0.00082318205
133,56,0.0009732302
134,56,0.0002296688
135,56,
136,56,
137,56,
138,56,0.0004925681
139,56,
140,56,0.0010634409
141,56,
142,56,
143,56,
144,56,
145,56,
146,56,
147,56,
148,56,3.4950674e-05
149,56,0.0006832164
150,56,0.00032892916
151,56,0.0006664749
152,56,2.3151748e-05
153,56,0.00039848965
154,56,0.00047225226
155,56,-0.00017831661
156,56,0.00072430074
157,56,0.00026118942
158,56,0.00025977567
159,56,-0.00032155588
160,56,0.00023867562
161,56,0.0008959947
162,56,0.0011094492
163,56,-0.00017257687
164,56,0.0003996389
165,56,0.00011459738
166,56,0.00038756616
167,56,0.00043093786
168,56,0.00058663916
169,56,0.0003314931
170,56,0.00031322427
171,56,0.0005089622
172,56,0.0006236788
173,56,0.00039675273
174,56,0.00067700446
175,56,0.0007465929
176,56,0.0006541852
177,56,0.00047565624
178,56,-0.0002816245
179,56,0.0007163277
180,56,0.00042557716
181,56,0.00040120818
182,56,0.00018351246
183,56,5.069189e-06
184,56,0.00070313644
185,56,0.00026832055
186,56,0.0007016687
187,56,0.00029961485
188,56,0.00086444616
189,56,0.00086930674
190,56,0.00045278948
191,56,-0.00020001736
192,56,-6.210152e-05
193,56,0.00010527205
194,56,0.00043377373
195,56,0.0007582633
196,56,0.00070583634
197,56,-0.00024201535
198,56,0.000309051
199,56,0.00017532706
200,56,0.00034150947
201,56,0.000467306
202,56,0.00090806745
203,56,0.0003916975
204,56,0.0007813405
205,56,0.00020396616
206,56,3.0865893e-05
207,56,0.00032495428
208,56,0.00044827908
209,56,0.00031638052
210,56,0.00014002807
211,56,0.0007503433
212,56,0.00055651553
213,56,0.00032299943
214,56,0.00061047357
215,56,0.0001801392
216,56,0.000120487064
217,56,0.0008552596
218,56,0.0005575884
219,56,0.00018110406
220,56,0.00026295427
221,56,0.000398919
222,56,0.0005467953
223,56,7.6969154e-05
224,56,0.000179586
225,56,0.0009183455
226,56,-8.2653016e-05
227,56,0.0008168705
228,56,0.00056310743
229,56,0.00025139004
230,56,0.0008286573
231,56,0.00092674233
232,56,0.0003164662
233,56,0.00035531074
234,56,0.0004448034
235,56,0.0007216111
236,56,0.00079904497
237,56,0.00014294963
238,56,0.00090149976
239,56,0.00077051204
240,56,0.0002867924
241,56,-0.0002492899
242,56,0.0005055545
243,56,8.369703e-05
244,56,0.00044844858
245,56,0.00019424222
246,56,0.00010197703
247,56,0.00081611145
248,56,4.418101e-05
249,56,4.3887645e-05
250,56,0.00032927282
251,56,0.00018642843
252,56,0.00080786087
253,56,0.00078458246
254,56,0.00038513076
255,56,0.00035624765
256,56,0.0006986782
257,56,0.0008204561
258,56,0.00042623933
259,56,0.0003433507
260,56,0.0007699607
261,56,0.0004010154
262,56,0.0005096039
263,56,0.0009330604
264,56,0.00042288378
265,56,0.00034049246
266,56,0.00048107095
267,56,0.00090268627
268,56,0.00085649453
269,56,0.0004604524
270,56,0.0008825315
271,56,0.00054557994
272,56,0.0007120045
273,56,0.00012285076
274,56,0.00058368593
275,56,0.00045270193
276,56,0.0005458072
277,56,0.0003794171
278,56,0.00016605109
279,56,0.0005187895
280,56,0.0011349125
281,56,0.00013376959
282,56,0.00080018025
283,56,0.00019823387
284,56,0.0007324014
285,56,0.00028941967
286,56,0.00037367828
287,56,0.0007198034
288,56,0.00096419174
289,56,0.00057610776
290,56,0.00050827675
291,56,0.0004449049
292,56,0.00089379307
293,56,0.000232975
294,56,0.00062371977
295,56,0.00040305872
296,56,0.0005588047
297,56,0.00052770134
298,56,0.00057261996
299,56,0.0005096784
300,56,0.00021287613
301,56,0.00037392136
302,56,0.00047652796
303,56,0.00047142338
304,56,0.0009856317
305,56,0.0004462758
306,56,0.00023396034
307,56,0.00074021146
308,56,-0.00016199425
309,56,0.0006363038
310,56,0.0010141917
311,56,0.00012926012
312,56,0.0003871573
313,56,0.00066101644
314,56,0.0012705671
315,56,0.00028391276
316,56,0.00063524954
317,56,0.0005601272
318,56,0.00076836906
319,56,0.00028503966
320,56,0.0004920969
321,56,0.00034897495
322,56,0.00025026314
323,56,0.00053886883
324,56,6.0142018e-05
325,56,0.000668345
326,56,0.00029754732
327,56,0.00090673845
328,56,0.00052802265
329,56,0.0005467003
330,56,0.00039762165
331,56,0.00063738134
332,56,0.00044771656
333,56,0.0011068285
334,56,0.00064377394
335,56,0.00013073534
336,56,0.00032149628
337,56,0.0007211827
338,56,0.0005276799
339,56,1.7634593e-05
340,56,0.00031966064
341,56,0.00071484596
342,56,0.00013579428
343,56,0.0006148089
344,56,0.00059558917
345,56,0.0007470045
346,56,0.0007972326
347,56,0.00046194997
348,56,0.00019249879
349,56,0.00046471413
350,56,0.00059302524
351,56,0.0007405253
352,56,1.6312115e-05
353,56,0.00065512303
354,56,0.0007011844
355,56,0.00030080974
356,56,0.00018789712
357,56,0.00031063985
358,56,0.00035175215
359,56,0.00032321736
360,56,0.0009416519
361,56,0.00018511806
362,56,0.0005668383
363,56,0.00018885825
364,56,9.741634e-05
365,56,0.00059683435
366,56,0.00077758543
367,56,0.00076827966
368,56,0.00012736954
369,56,0.00014530681
370,56,0.0010366058
371,56,0.00042614806
372,56,0.00048381835
373,56,0.0003403658
374,56,0.00029689446
375,56,0.00010584202
376,56,0.000721056
377,56,0.00015270896
378,56,0.00024761073
379,56,0.0008468814
380,56,0.0006350931
381,56,0.0005176924
382,56,0.0005447706
383,56,0.0008636806
384,56,0.00043446664
385,56,0.0004668068
386,56,0.0005307589
387,56,0.00055952463
388,56,0.00048598554
389,56,0.00034608506
390,56,0.00031367596
391,56,0.00070087146
392,56,0.00029481016
393,56,0.0005417168
394,56,0.00059860107
395,56,-5.90235e-05
396,56,0.00034598913
397,56,0.0004459601
398,56,0.00076103583
399,56,0.00046240073
400,56,0.00042113103
401,56,0.00030844845
402,56,0.00041591935
403,56,0.00018788781
404,56,0.00017211773
405,56,0.0009131953
406,56,-8.650683e-05
407,56,8.0314465e-05
408,56,8.081179e-05
409,56,0.0012533162
410,56,7.085968e-05
411,56,0.0005336441
412,56,0.0004047919
413,56,0.00059759803
414,56,9.535346e-05
415,56,0.00066030305
416,56,0.00057856645
417,56,0.00035233982
418,56,0.00048963167
419,56,0.0009313859
420,56,0.0007569026
421,56,0.00035080966
422,56,0.00067268126
423,56,0.00049596746
424,56,0.0008072369
425,56,0.0006971909
426,56,0.0006033778
427,56,0.00055665616
428,56,0.00079916045
429,56,0.0002730973
430,56,0.00058862753
431,56,0.00045822188
432,56,0.00058386754
433,56,0.00090358127
434,56,0.0003098771
435,56,0.00049314275
436,56,0.0006628698
437,56,0.00039914344
438,56,8.1512146e-05
439,56,0.000565703
440,56,0.0006871894
441,56,0.0009965869
442,56,0.00039554946
443,56,0.0002994556
444,56,0.00069681555
445,56,0.00065815076
446,56,0.00037473906
447,56,0.0009122649
448,56,0.00038398243
449,56,0.0011240542
450,56,0.00046086684
451,56,3.975723e-05
452,56,0.001107716
453,56,0.0005152337
454,56,0.00064274203
455,56,0.000775259
456,56,0.00034283195
457,56,0.0009152042
458,56,0.00058373064
459,56,0.0005859304
460,56,0.00031014904
461,56,0.0004045982
462,56,0.00077253114
463,56,0.0006358437
464,56,0.00012696628
465,56,0.00036306586
466,56,0.00061334204
467,56,0.00020798855
468,56,0.00019621756
469,56,0.0008089198
470,56,0.0008003162
471,56,0.0007030638
472,56,0.00032915268
473,56,0.00052664056
474,56,0.00045137666
475,56,0.00051949825
476,56,0.00038032886
477,56,0.00053878594
478,56,0.0005982984
479,56,0.0005774358
480,56,0.001268086
481,56,0.00088415947
482,56,0.00022834726
483,56,0.0004086187
484,56,0.0006595468
485,56,0.00028397422
486,56,0.0008434262
487,56,0.0006558867
488,56,0.00089436304
489,56,0.0007314924
490,56,0.00047692843
491,56,0.00092186406
492,56,0.0003943462
493,56,0.00047394447
494,56,0.0006502457
0,57,0.00060016755
1,57,0.0007580733
2,57,0.0008740965
3,57,0.0006381171
4,57,0.0010324242
5,57,0.001044319
6,57,
7,57,
8,57,
9,57,
10,57,
11,57,
12,57,
13,57,
14,57,
15,57,
16,57,0.00048616622
17,57,
18,57,
19,57,
20,57,
21,57,
22,57,
23,57,
24,57,
25,57,
26,57,
27,57,
28,57,
29,57,
30,57,
31,57,
32,57,0.0009067068
33,57,
34,57,0.0007581003
35,57,
36,57,0.000669918
37,57,0.00013027061
38,57,0.0005621249
39,57,0.00053611957
40,57,0.0011605686
41,57,0.0005375631
42,57,0.0005299067
43,57,0.00027507823
44,57,0.00027675182
45,57,0.0005737571
46,57,0.0010706829
47,57,0.0010041827
48,57,0.0002434142
49,57,0.0006589815
50,57,0.0004993202
51,57,0.0004654741
52,57,-6.9138594e-05
53,57,-2.9794872e-05
54,57,0.00080395304
55,57,0.00037665945
56,57,-9.3566254e-05
57,57,0.00031043775
58,57,0.0004389314
59,57,9.472575e-05
60,57,0.00042304955
61,57,0.0006703073
62,57,0.00014009234
63,57,-2.5222078e-05
64,57,0.00025949348
65,57,0.00069524255
66,57,0.00031798705
67,57,0.00055917446
68,57,0.0007929057
69,57,0.0004969472
70,57,0.00040539354
71,57,0.0005877875
72,57,0.0003809631
73,57,0.0004417561
74,57,0.00062413514
75,57,9.2032366e-05
76,57,0.0006870972
77,57,0.000369614
78,57,0.00045112148
79,57,0.00033668522
80,57,8.653104e-05
81,57,0.00038831774
82,57,0.00041013863
83,57,0.0002895696
84,57,0.0009797476
85,57,0.00028786808
86,57,-1.706183e-06
87,57,0.00022158399
88,57,0.00044278707
89,57,0.00031085592
90,57,0.00086341426
91,57,0.00026394427
92,57,0.0005956525
93,57,-0.00014896691
94,57,
95,57,
96,57,
97,57,
98,57,
99,57,
100,57,
101,57,
102,57,
103,57,
104,57,
105,57,
106,57,
107,57,
108,57,
109,57,
110,57,
111,57,
112,57,
113,57,
114,57,
115,57,
116,57,0.00058353506
117,57,0.000439913
118,57,
119,57,
120,57,
121,57,
122,57,
123,57,
124,57,
125,57,
126,57,
127,57,
128,57,
129,57,
130,57,
131,57,
132,57,-0.0001949761
133,57,-0.00014886353
134,57,0.0004218202
135,57,-0.00017190538
136,57,
137,57,
138,57,
139,57,
140,57,
141,57,
142,57,
143,57,
144,57,
145,57,
146,57,
147,57,
148,57,
149,57,0.0006012004
150,57,8.060597e-05
151,57,0.00037216954
152,57,0.00047816057
153,57,0.00063175894
154,57,0.000628992
155,57,0.0010190718
156,57,-0.00023750588
157,57,0.00014878437
158,57,0.0006970605
159,57,0.0006282311
160,57,0.00022912677
161,57,8.0314465e-05
162,57,0.0010424154
163,57,0.00018783566
164,57,1.7819926e-05
165,57,0.0004369039
166,57,0.0007229531
167,57,0.00021106657
168,57,0.00075411145
169,57,0.00014071167
170,57,0.00047081616
171,57,0.00034220517
172,57,0.0003307741
173,57,0.00034234393
174,57,0.0006449763
175,57,-0.00010125153
176,57,0.00027939118
177,57,0.00062980317
178,57,0.00051841233
179,57,5.082134e-05
180,57,0.00011189375
181,57,0.00015349593
182,57,0.00011895411
183,57,0.0009982008
184,57,0.00073050056
185,57,0.00055414345
186,57,0.0005095126
187,57,0.00032962672
188,57,0.00064666476
189,57,0.00028796308
190,57,0.0004920615
191,57,0.00027434155
192,57,-0.000105193816
193,57,-0.00022109691
194,57,-0.00013891794
195,57,9.051617e-05
196,57,0.0004905714
197,57,0.00069115404
198,57,0.0005676076
199,57,0.00052594487
200,57,0.0011378564
201,57,0.0010026069
202,57,-0.00013050996
203,57,0.00054307
204,57,0.00014251843
205,57,0.00041615684
206,57,0.0007765023
207,57,4.1508116e-05
208,57,0.00033191312
209,57,0.00073361397
210,57,0.00046223216
211,57,0.00076489244
212,57,0.00019671302
213,57,0.00015737396
214,57,0.00024529733
215,57,0.00011480972
216,57,0.00030206516
217,57,0.00037927553
218,57,0.00047840364
219,57,0.00027017016
220,57,0.00096760504
221,57,0.0007972745
222,57,0.00039415155
223,57,0.00035748817
224,57,0.0003632484
225,57,0.00018976163
226,57,8.3814375e-05
227,57,0.0005447604
228,57,-2.1398067e-05
229,57,0.0005404353
230,57,0.00057473406
231,57,0.00096880086
232,57,0.0003972333
233,57,0.0006545661
234,57,2.4361536e-05
235,57,0.00025102962
236,57,0.00078877993
237,57,0.00019676331
238,57,0.000420372
239,57,0.00041003525
240,57,0.00021897163
241,57,0.0007615546
242,57,3.076438e-05
243,57,0.00020716432
244,57,0.0005876543
245,57,0.0004236931
246,57,0.00047983788
247,57,0.00073238276
248,57,0.00066273473
249,57,6.979052e-05
250,57,0.00046559796
251,57,0.00065410417
252,57,0.0005181674
253,57,0.0007026261
254,57,0.0005098814
255,57,0.00090449303
256,57,0.00055978727
257,57,0.0008897288
258,57,0.00013967045
259,57,0.00072862953
260,57,0.0008745203
261,57,0.0005169017
262,57,0.00096502155
263,57,0.00060587004
264,57,0.0006222911
265,57,0.00049492344
266,57,0.000592106
267,57,0.00036527403
268,57,0.0007616561
269,57,0.00081099663
270,57,0.00084627885
271,57,0.00064196065
272,57,0.0008840449
273,57,0.0007655192
274,57,0.0011578677
275,57,0.00047061685
276,57,0.000821474
277,57,0.0005697794
278,57,0.00046743732
279,57,0.00037868228
280,57,0.0007436769
281,57,0.00014322996
282,57,0.00064567477
283,57,0.00034340564
284,57,0.0004291674
285,57,0.0007036608
286,57,0.00023450982
287,57,3.735721e-05
288,57,0.00067179
289,57,0.00015356205
290,57,0.0006890334
291,57,0.000598114
292,57,0.00063573755
293,57,0.00031119678
294,57,0.00021674205
295,57,-7.716846e-05
296,57,0.0003579259
297,57,0.00048701745
298,57,0.0008072108
299,57,0.0007585548
300,57,0.00021611247
301,57,0.0007333392
302,57,0.0009986619
303,57,0.0006383648
304,57,0.00044081174
305,57,0.0001912089
306,57,0.0002556229
307,57,0.00027876068
308,57,1.7032959e-05
309,57,0.00011925399
310,57,0.00049929786
311,57,0.00014184508
312,57,0.0003743777
313,57,0.00026520994
314,57,0.0007026652
315,57,4.5670196e-05
316,57,0.000113698654
317,57,3.9281324e-05
318,57,0.0004643919
319,57,0.00073099975
320,57,0.00065467414
321,57,0.00045333337
322,57,0.0003011115
323,57,0.00069559086
324,57,0.00043614302
325,57,0.0011896063
326,57,0.0004055649
327,57,0.0005860543
328,57,0.00011338107
329,57,0.0005298406
330,57,0.0005175993
331,57,8.63187e-05
332,57,0.0004734248
333,57,9.639189e-06
334,57,0.00045599975
335,57,0.00017373264
336,57,0.00062261894
337,57,0.00035859086
338,57,4.5457855e-06
339,57,0.0005286271
340,57,0.0003977837
341,57,0.00028619543
342,57,0.0002573151
343,57,0.0006852299
344,57,0.0002552746
345,57,0.000526187
346,57,0.0006281482
347,57,0.00080498867
348,57,0.00011513289
349,57,0.0012043715
350,57,0.0004895795
351,57,0.00032225996
352,57,9.4813295e-05
353,57,0.00022867788
354,57,0.0002792701
355,57,0.00042430125
356,57,0.0004548775
357,57,0.0011328021
358,57,0.0003346298
359,57,0.00075429864
360,57,0.00025679637
361,57,0.00038069952
362,57,0.00017279293
363,57,0.0005399203
364,57,0.0009940565
365,57,0.0004205024
366,57,7.978827e-05
367,57,0.00067062303
368,57,0.0005515544
369,57,-3.9653853e-05
370,57,0.00016033836
371,57,0.00075128116
372,57,-9.886455e-05
373,57,0.00020403694
374,57,0.0004114518
375,57,0.0004943693
376,57,0.0005466994
377,57,0.00022650883
378,57,0.00086948276
379,57,3.8605183e-05
380,57,0.00064318255
381,57,0.000845111
382,57,0.00057700183
383,57,0.0007270491
384,57,0.0009001577
385,57,0.00029524416
386,57,0.00046788715
387,57,0.0007114783
388,57,0.0005809134
389,57,0.0003416855
390,57,0.0013539651
391,57,0.0004089428
392,57,0.00035038777
393,57,0.00092697423
394,57,0.0006022565
395,57,0.00012243818
396,57,0.0005392842
397,57,0.0002301652
398,57,0.00076881703
399,57,0.0006337315
400,57,0.00019756425
401,57,0.0004158402
402,57,0.00019296817
403,57,-0.0001361249
404,57,0.0008090995
405,57,0.0005768845
406,57,0.00095530413
407,57,0.0002211472
408,57,0.0005999068
409,57,0.0009745201
410,57,0.0005376693
411,57,0.0004315013
412,57,0.00052655675
413,57,0.00082546286
414,57,0.00076749455
415,57,0.00025147106
416,57,0.00024192221
417,57,0.00032295845
418,57,0.0012706649
419,57,0.00044285785
420,57,0.0005422598
421,57,0.00042927358
422,57,0.00061555393
423,57,0.00047485996
424,57,0.000926381
425,57,0.0006801905
426,57,0.00070213154
427,57,0.0007125726
428,57,0.0010489142
429,57,0.000273332
430,57,0.00060812384
431,57,-3.906805e-05
432,57,0.0009038951
433,57,0.0006445963
434,57,0.00017607678
435,57,0.00042173453
436,57,0.00027278252
437,57,0.00028023962
438,57,0.0006712675
439,57,0.00029788166
440,57,0.00046416838
441,57,0.0004647104
442,57,0.0006883163
443,57,0.0008892007
444,57,0.000628856
445,57,0.00044761784
446,57,0.00072811265
447,57,0.00037011039
448,57,0.0008297246
449,57,0.00090974383
450,57,0.0003163023
451,57,0.00039857812
452,57,0.00012955349
453,57,0.0006316183
454,57,0.0007252302
455,57,0.00056076143
456,57,0.00043482706
457,57,0.00085229054
458,57,0.0012693116
459,57,0.0008013053
460,57,0.00045172032
461,57,0.00047742948
462,57,0.00051804073
463,57,0.00048813317
464,57,0.0008347621
465,57,0.00084568094
466,57,0.00044613704
467,57,-5.6930818e-05
468,57,0.00040343404
469,57,0.00038662087
470,57,0.000847579
471,57,0.00077740196
472,57,0.00030769221
473,57,0.00045153964
474,57,0.00071070995
475,57,0.00063032657
476,57,0.0006833337
477,57,0.00080570206
478,57,0.0006043557
479,57,0.00040727574
480,57,0.00064140745
481,57,0.00075416267
482,57,0.00074661896
483,57,0.00049139
484,57,0.0005435236
485,57,0.0006908616
486,57,0.00024255365
487,57,0.0005617542
488,57,0.0009114733
489,57,0.00037625432
490,57,0.00041653216
491,57,0.00052292924
492,57,0.0010691406
493,57,0.0008115815
494,57,0.0007569082
0,58,0.00043022726
1,58,0.00096010417
2,58,0.0006097192
3,58,0.0005495334
4,58,0.0009217672
5,58,
6,58,
7,58,
8,58,
9,58,
10,58,
11,58,
12,58,
13,58,
14,58,
15,58,
16,58,
17,58,
18,58,
19,58,
20,58,
21,58,
22,58,
23,58,
24,58,
25,58,
26,58,
27,58,
28,58,
29,58,
30,58,
31,58,
32,58,0.0010766257
33,58,0.00036540627
34,58,
35,58,
36,58,0.0006773053
37,58,0.0012175776
38,58,0.0010330286
39,58,0.00024941284
40,58,0.0003555417
41,58,0.0010446329
42,58,0.00010995846
43,58,-0.00014184229
44,58,0.00022564922
45,58,0.00018155016
46,58,0.00069143344
47,58,0.00035605766
48,58,0.0007679388
49,58,0.00049441867
50,58,-0.0002331622
51,58,0.00031884853
52,58,0.00043264776
53,58,0.0008052308
54,58,0.0005912613
55,58,0.0010266183
56,58,0.0008292869
57,58,0.0010082526
58,58,0.0011601234
59,58,0.00018016901
60,58,0.0006982442
61,58,0.0005656043
62,58,0.0011542775
63,58,0.0005667191
64,58,0.00073552504
65,58,0.0005475767
66,58,0.0008017635
67,58,0.00039913878
68,58,0.0006417297
69,58,2.6013702e-05
70,58,0.0005658213
71,58,0.00047408417
72,58,0.0007059239
73,58,0.00034264103
74,58,0.0009208955
75,58,-9.367522e-05
76,58,0.00084940717
77,58,0.00062419847
78,58,0.0004963819
79,58,0.0005108854
80,58,0.0007204432
81,58,0.00017062668
82,58,0.00044541433
83,58,0.00059264246
84,58,0.000559737
85,58,5.8344565e-05
86,58,0.0005279407
87,58,0.0008924678
88,58,0.00063959695
89,58,0.0010301629
90,58,0.00033275504
91,58,0.0002716668
92,58,0.00016919803
93,58,0.00059715565
94,58,
95,58,
96,58,0.000105988234
97,58,
98,58,
99,58,
100,58,
101,58,
102,58,
103,58,0.00042320695
104,58,
105,58,
106,58,
107,58,
108,58,
109,58,
110,58,
111,58,
112,58,
113,58,
114,58,
115,58,
116,58,0.0005349256
117,58,0.00042419508
118,58,0.0003207028
119,58,
120,58,
121,58,
122,58,
123,58,
124,58,
125,58,
126,58,0.00023895968
127,58,
128,58,
129,58,
130,58,
131,58,
132,58,0.00019091554
133,58,0.0006673001
134,58,0.00019585714
135,58,0.00013814867
136,58,0.0005080374
137,58,
138,58,
139,58,
140,58,
141,58,0.0007909918
142,58,
143,58,
144,58,
145,58,
146,58,
147,58,
148,58,
149,58,0.00039448775
150,58,0.0008404171
151,58,0.0004778523
152,58,0.00030867942
153,58,0.00037921313
154,58,0.00059800874
155,58,0.00064897165
156,58,0.0006586453
157,58,0.00067854766
158,58,0.0005144989
159,58,0.00082773715
160,58,-2.6207417e-06
161,58,0.00046288036
162,58,0.000121142715
163,58,0.00022852235
164,58,0.0005427776
165,58,0.00041094795
166,58,0.0005550394
167,58,0.00022520497
168,58,0.000105242245
169,58,0.0006304225
170,58,0.00040130038
171,58,0.0004919963
172,58,0.0006460417
173,58,0.0002886774
174,58,9.7792596e-05
175,58,0.00032529235
176,58,-0.00014827214
177,58,0.0007271189
178,58,-0.0002104817
179,58,0.0006670961
180,58,0.001084703
181,58,0.00039713643
182,58,-0.00011764094
183,58,0.0005367249
184,58,0.00035583042
185,58,0.0001571998
186,58,2.666004e-05
187,58,0.00069303624
188,58,0.0004074173
189,58,0.0005275449
190,58,7.748045e-05
191,58,0.00035115704
192,58,0.00061609875
193,58,0.0006753942
194,58,0.00021406077
195,58,0.0007483987
196,58,0.00039950013
197,58,0.00039614365
198,58,-0.00022948999
199,58,-1.4683232e-05
200,58,0.0008730758
201,58,0.00031162985
202,58,0.00047864486
203,58,0.00037703756
204,58,0.00027860608
205,58,0.0005275337
206,58,0.0007450171
207,58,8.474104e-06
208,58,-0.00014689751
209,58,-8.2398765e-05
210,58,0.000770865
211,58,-0.00017096289
212,58,-0.00011092331
213,58,0.00093274843
214,58,0.000194096
215,58,0.00072371773
216,58,0.00047797896
217,58,0.00065470394
218,58,0.00028175302
219,58,0.0001549283
220,58,0.00048961863
221,58,0.00050293095
222,58,3.6368147e-06
223,58,0.00022220984
224,58,0.00022248086
225,58,0.0004889779
226,58,0.00017633382
227,58,0.0010558888
228,58,0.00051147025
229,58,0.0005679419
230,58,0.0006195465
231,58,0.00047660526
232,58,0.0003958717
233,58,0.0002048742
234,58,0.0006869491
235,58,0.00017189328
236,58,0.00029640924
237,58,-0.0002569994
238,58,0.0004455652
239,58,0.0005353028
240,58,0.00073839165
241,58,0.00022768509
242,58,0.00029050373
243,58,0.0005004145
244,58,0.00023482367
245,58,0.0002977103
246,58,-2.3846515e-05
247,58,-0.00015974604
248,58,0.00057363417
249,58,0.00016403291
250,58,0.00017138384
251,58,-4.6959147e-05
252,58,0.0007864181
253,58,0.00026527327
254,58,0.00065371115
255,58,0.0005720388
256,58,0.0008613169
257,58,0.00050959736
258,58,0.00036333594
259,58,0.0002623899
260,58,0.000676034
261,58,0.00066635385
262,58,0.00072081946
263,58,0.00066011027
264,58,0.0004906226
265,58,0.0007885797
266,58,0.00020849705
267,58,0.00045703817
268,58,0.00036005862
269,58,0.0005154945
270,58,0.00044757966
271,58,0.00017424952
272,58,0.0007931208
273,58,-8.961093e-05
274,58,0.00075547677
275,58,0.00079420675
276,58,0.0006278772
277,58,0.0007159328
278,58,0.00039886124
279,58,0.000216607
280,58,0.0005082255
281,58,0.0004805969
282,58,-0.00015476067
283,58,-1.9872561e-05
284,58,0.00081794057
285,58,-0.00019825622
286,58,0.0007319944
287,58,0.00025819335
288,58,0.0004341593
289,58,0.0005419394
290,58,0.00083192904
291,58,0.00034649018
292,58,0.00041859876
293,58,0.00046192016
294,58,0.00035382062
295,58,0.0006069718
296,58,0.00043707062
297,58,0.0010673273
298,58,0.00028600078
299,58,0.0003734855
300,58,0.00033951085
301,58,0.00050073676
302,58,0.0005468633
303,58,0.00036628824
304,58,0.0005033193
305,58,0.00037294906
306,58,0.00046399888
307,58,8.435547e-05
308,58,-8.323975e-05
309,58,0.00040321797
310,58,0.00024690665
311,58,0.0007026354
312,58,0.000397332
313,58,0.00041375868
314,58,0.00031527318
315,58,0.00044551026
316,58,0.00037182216
317,58,0.0002892129
318,58,-0.00033437274
319,58,0.00026347954
320,58,-0.00036578905
321,58,0.00035847165
322,58,0.0004923297
323,58,0.0005827481
324,58,0.00044860225
325,58,0.00085529126
326,58,0.00045515783
327,58,-0.0001489399
328,58,0.00033838954
329,58,0.00038679503
330,58,0.00054150075
331,58,0.00014620088
332,58,0.0005303072
333,58,0.00023208465
334,58,0.0005062949
335,58,0.0008901097
336,58,0.00011979509
337,58,0.0003679404
338,58,0.0006192336
339,58,9.2284754e-05
340,58,0.0007445412
341,58,0.00054710824
342,58,9.262934e-05
343,58,0.00078295264
344,58,0.00073659886
345,58,0.00036576856
346,58,0.00022406038
347,58,0.0003819894
348,58,0.00043328851
349,58,0.00021097437
350,58,0.00056369975
351,58,4.936196e-05
352,58,0.000145345
353,58,0.0002597235
354,58,7.900782e-05
355,58,0.00050362013
356,58,0.0007071458
357,58,0.00042098388
358,58,0.00052600726
359,58,0.0001007868
360,58,0.00049590226
361,58,0.00063861813
362,58,-0.00015825499
363,58,0.0011012163
364,58,0.00011406094
365,58,0.00051197875
366,58,0.0006493842
367,58,0.0006915452
368,58,0.000844839
369,58,-4.2829663e-05
370,58,0.00023351237
371,58,0.00054198876
372,58,0.00045425072
373,58,0.00092905946
374,58,0.00033309497
375,58,0.0010813605
376,58,0.00065810326
377,58,0.0005710805
378,58,0.00029358733
379,58,0.00041130278
380,58,0.00069179013
381,58,0.0010710042
382,58,0.00060434174
383,58,0.000532547
384,58,0.0008970108
385,58,0.0011835815
386,58,0.0008847397
387,58,0.00062021427
388,58,0.00036012754
389,58,0.0008760644
390,58,0.00050886534
391,58,0.0006099753
392,58,0.0004627835
393,58,0.0009421976
394,58,0.00017585512
395,58,0.00072753616
396,58,0.0010488881
397,58,0.000472744
398,58,0.0005203886
399,58,0.00033699255
400,58,0.0007765712
401,58,0.0007381104
402,58,0.00018835347
403,58,0.0005175192
404,58,0.00056108646
405,58,0.0006093411
406,58,0.00012497511
407,58,-4.7639012e-05
408,58,7.5632706e-05
409,58,0.00042983703
410,58,0.0004489869
411,58,0.000565744
412,58,0.00034042075
413,58,0.00037642661
414,58,6.8696216e-05
415,58,0.0007142257
416,58,0.00079585705
417,58,8.61492e-05
418,58,0.00046302378
419,58,0.00028128736
420,58,0.00036910176
421,58,0.0010265345
422,58,0.0006841002
423,58,0.0012865784
424,58,0.00078589655
425,58,0.0007541012
426,58,0.0003515361
427,58,0.0010124473
428,58,0.0004985705
429,58,0.0005138377
430,58,0.00056627113
431,58,0.0006190594
432,58,0.0004414888
433,58,0.0012807939
434,58,0.0005456833
435,58,0.00047667604
436,58,0.00066621695
437,58,0.0005390486
438,58,0.000830587
439,58,0.0005578501
440,58,0.0006942246
441,58,0.0006017303
442,58,0.00069739297
443,58,0.00034986064
444,58,0.000891923
445,58,0.00029939227
446,58,0.00042870827
447,58,0.00064911507
448,58,0.0011913404
449,58,0.0004954273
450,58,0.00021630246
451,58,0.00043477677
452,58,0.00064980425
453,58,0.000766119
454,58,0.00077235047
455,58,9.273086e-05
456,58,0.00044232793
457,58,0.00035280362
458,58,0.00073297136
459,58,0.00050441176
460,58,0.00054749567
461,58,0.00031217746
462,58,0.00058949273
463,58,0.0008077761
464,58,0.00091593806
465,58,0.0005742926
466,58,0.00087730493
467,58,-0.0001498824
468,58,0.00030963775
469,58,0.00091486424
470,58,0.0003712261
471,58,0.0007677078
472,58,0.00070744194
473,58,0.0008309288
474,58,0.00084384345
475,58,0.00044744834
476,58,0.00027174223
477,58,0.00016997848
478,58,0.0008788062
479,58,0.000409103
480,58,0.00062668324
481,58,-1.6286038e-05
482,58,0.0008218307
483,58,0.0005618371
484,58,0.0002087485
485,58,0.00090023596
486,58,0.00042593665
487,58,0.0010791086
488,58,0.00032953732
489,58,0.0004813522
490,58,0.00059935823
491,58,0.0004282929
492,58,0.0008197157
493,58,0.00072306115
494,58,0.00054570567
0,59,0.00038040616
1,59,0.0011312012
2,59,0.0007106634
3,59,0.00074836425
4,59,0.0012855083
5,59,
6,59,
7,59,
8,59,
9,59,
10,59,
11,59,
12,59,
13,59,
14,59,
15,59,
16,59,
17,59,
18,59,
19,59,
20,59,
21,59,
22,59,
23,59,
24,59,
25,59,
26,59,
27,59,
28,59,
29,59,
30,59,
31,59,
32,59,
33,59,0.0010935469
34,59,0.00051020365
35,59,0.0001900876
36,59,
37,59,0.00035813265
38,59,0.00028857496
39,59,0.0006160233
40,59,0.0002926644
41,59,0.0008723438
42,59,0.0002832394
43,59,0.0009804256
44,59,0.000883393
45,59,0.000348581
46,59,0.00061248615
47,59,0.0010145362
48,59,0.00026936736
49,59,0.00091737136
50,59,0.00013789441
51,59,0.00072121806
52,59,0.00056766905
53,59,0.00053136237
54,59,0.00029630493
55,59,0.0011029709
56,59,0.00078632776
57,59,0.0007404946
58,59,0.00031211507
59,59,0.00093759503
60,59,0.0006022807
61,59,0.00024462584
62,59,0.00066931173
63,59,0.00031771977
64,59,0.0008904906
65,59,0.00077045616
66,59,0.000465611
67,59,0.0002054302
68,59,0.0003756024
69,59,1.15484e-06
70,59,0.0005162563
71,59,0.00090402924
72,59,0.00095836073
73,59,-0.00012837537
74,59,0.0005084872
75,59,0.00069600344
76,59,0.0007994054
77,59,0.0004375279
78,59,0.0007582139
79,59,0.000112122856
80,59,9.641051e-05
81,59,0.00087701064
82,59,0.00090557244
83,59,0.0002430249
84,59,0.0006973827
85,59,0.0010367762
86,59,0.0002889866
87,59,0.00019561313
88,59,0.00055892114
89,59,0.00056416076
90,59,0.0004074322
91,59,0.00062372163
92,59,0.000101960264
93,59,0.0003134515
94,59,-3.9076433e-05
95,59,
96,59,
97,59,
98,59,
99,59,
100,59,
101,59,
102,59,
103,59,
104,59,
105,59,
106,59,
107,59,
108,59,
109,59,
110,59,
111,59,
112,59,
113,59,
114,59,
115,59,
116,59,
117,59,0.0009424882
118,59,0.0005551707
119,59,
120,59,
121,59,
122,59,
123,59,
124,59,
125,59,
126,59,
127,59,
128,59,
129,59,
130,59,
131,59,
132,59,
133,59,0.0003901925
134,59,0.0008526044
135,59,0.00028925668
136,59,0.0003035795
137,59,
138,59,
139,59,
140,59,
141,59,
142,59,
143,59,0.00019028783
144,59,
145,59,
146,59,
147,59,
148,59,
149,59,-0.00019139983
150,59,0.0005443869
151,59,0.00067260955
152,59,0.00019753538
153,59,0.00040554255
154,59,0.0011473084
155,59,0.00018264353
156,59,0.00026433356
157,59,0.0007919753
158,59,7.4710697e-06
159,59,0.00038629305
160,59,0.00055370014
161,59,0.00037971046
162,59,0.0007887734
163,59,0.0006656144
164,59,0.00069477316
165,59,0.00018121488
166,59,0.0008098269
167,59,0.00061408244
168,59,0.0004701931
169,59,-0.000100158155
170,59,0.00028603338
171,59,0.0005194731
172,59,0.00032923184
173,59,0.00071884785
174,59,0.00015533902
175,59,0.0001297472
176,59,0.00084922276
177,59,0.0007775752
178,59,0.0003821086
179,59,0.0008561108
180,59,0.0003124876
181,59,-0.0003090361
182,59,-2.1017157e-05
183,59,0.00078017823
184,59,0.00054274686
185,59,-0.00024118274
186,59,0.000563574
187,59,-0.00016477704
188,59,0.00017509703
189,59,0.00028072763
190,59,0.00014363788
191,59,0.00014772452
192,59,-7.899199e-05
193,59,0.00039971434
194,59,0.00020520482
195,59,0.00053879805
196,59,0.00022820663
197,59,0.0003296286
198,59,0.00043208618
199,59,0.00046250317
200,59,7.191859e-05
201,59,0.00012688711
202,59,0.0004228847
203,59,0.00022915751
204,59,0.000653293
205,59,0.000180793
206,59,0.0005369568
207,59,2.4895184e-05
208,59,0.00046956725
209,59,0.0008979123
210,59,0.0004798919
211,59,0.00074661244
212,59,0.00038613006
213,59,0.00087196194
214,59,0.0005476177
215,59,0.0005645901
216,59,0.00010195095
217,59,0.0006955508
218,59,7.016957e-05
219,59,0.00046255346
220,59,0.00062928535
221,59,0.00024127401
222,59,0.00028197654
223,59,0.0006722715
224,59,0.0004054578
225,59,0.00040460564
226,59,0.0008528568
227,59,0.00035306998
228,59,0.0006925091
229,59,0.00048342347
230,59,0.00051234756
231,59,0.00052501913
232,59,0.00028863363
233,59,9.6622854e-05
234,59,-0.000108798034
235,59,0.00029975642
236,59,0.0007781638
237,59,0.0001563793
238,59,0.00046909973
239,59,0.00062619615
240,59,0.00068323035
241,59,0.00051322393
242,59,0.00047168508
243,59,0.0004839152
244,59,0.00013774075
245,59,0.0008364897
246,59,0.0004389258
247,59,0.00071177166
248,59,0.00045351312
249,59,0.00023525115
250,59,0.000929961
251,59,0.0006401269
252,59,0.0006565936
253,59,0.0008676946
254,59,-6.080605e-05
255,59,0.0003049262
256,59,0.0007319283
257,59,0.00026669167
258,59,0.00012398325
259,59,0.0005879877
260,59,0.00046501588
261,59,0.00056161545
262,59,0.00034069363
263,59,0.0003805533
264,59,0.0004358422
265,59,0.0001715552
266,59,0.00021519791
267,59,0.00014073215
268,59,2.8520823e-05
269,59,0.00047539826
270,59,0.00055566337
271,59,0.00096234307
272,59,0.0004489636
273,59,0.00027859025
274,59,0.00055575836
275,59,0.00048736949
276,59,0.00059502386
277,59,0.00050545484
278,59,0.00037412532
279,59,0.0006627161
280,59,0.0011826605
281,59,0.00056844763
282,59,0.00019667763
283,59,0.00046288967
284,59,0.0007064603
285,59,0.00024375971
286,59,0.0005806023
287,59,0.00031703338
288,59,0.00043830648
289,59,0.000182366
290,59,0.000569934
291,59,0.00060452335
292,59,0.00062965974
293,59,6.484054e-05
294,59,0.00063386187
295,59,0.0007387372
296,59,0.0005044108
297,59,0.00039193965
298,59,0.00020256173
299,59,0.0004995223
300,59,0.0005185446
301,59,0.00032065064
302,59,0.00083444174
303,59,0.0002798559
304,59,0.00015479326
305,59,0.00020554848
306,59,0.00040745363
307,59,0.0007730443
308,59,0.0006859051
309,59,0.00045487098
310,59,0.00075818785
311,59,0.00038176496
312,59,0.00055631064
313,59,0.00058544986
314,59,0.00037467014
315,59,0.00050176214
316,59,0.00068362337
317,59,0.00038681552
318,59,0.00063942187
319,59,0.00064040534
320,59,-0.000110713765
321,59,0.00059407577
322,59,0.0009969221
323,59,0.00084233005
324,59,0.000287381
325,59,0.00040062517
326,59,0.0005630199
327,59,0.00054499134
328,59,0.0008085072
329,59,0.0006677648
330,59,0.0005532438
331,59,0.000106974505
332,59,0.00023435801
333,59,0.00074250624
334,59,0.00022851024
335,59,0.0006690221
336,59,0.00077573117
337,59,0.00060398877
338,59,0.00032005366
339,59,0.00023299176
340,59,6.620027e-05
341,59,0.0007417975
342,59,0.00021101907
343,59,0.0007024305
344,59,0.0004675174
345,59,-7.338356e-05
346,59,0.00012087822
347,59,0.0010339171
348,59,0.0007755058
349,59,0.00034993514
350,59,0.0004338054
351,59,0.00079112966
352,59,0.000852718
353,59,2.2456981e-05
354,59,0.00042877905
355,59,0.000902473
356,59,6.994326e-05
357,59,0.0005357275
358,59,-4.61312e-05
359,59,0.00015233457
360,59,0.00066714827
361,59,0.00095441006
362,59,0.0004987102
363,59,0.00048255734
364,59,0.00030320138
365,59,0.00031887367
366,59,0.000777618
367,59,0.0010129092
368,59,0.00065009017
369,59,0.0006822869
370,59,0.00082516205
371,59,0.00014592148
372,59,0.0008829888
373,59,0.00051410217
374,59,0.0004432015
375,59,0.00081001595
376,59,0.00078983605
377,59,0.0005443506
378,59,0.00027788896
379,59,0.0007009823
380,59,0.00020697713
381,59,0.00011720508
382,59,-0.000100397505
383,59,9.9996105e-06
384,59,0.0003101863
385,59,0.0008558864
386,59,0.0008099247
387,59,0.0006685555
388,59,0.0008915588
389,59,0.0003082389
390,59,0.0003101658
391,59,-1.9750558e-05
392,59,0.0005830927
393,59,0.0004665088
394,59,0.000626076
395,59,0.00059583597
396,59,0.0008536689
397,59,0.0010193456
398,59,0.0005207667
399,59,0.0006832201
400,59,0.0011018328
401,59,0.00034709927
402,59,-0.00012546498
403,59,0.00088503957
404,59,-2.5827438e-05
405,59,0.0007631611
406,59,0.00033921748
407,59,0.00073242094
408,59,0.00040904526
409,59,0.00042022206
410,59,0.00015515368
411,59,0.00042240229
412,59,0.0006690249
413,59,0.00029377453
414,59,9.830762e-05
415,59,0.0006443579
416,59,0.0009967368
417,59,0.00057204254
418,59,0.00046085566
419,59,0.0010604681
420,59,0.00050935894
421,59,0.0005380772
422,59,0.00072049163
423,59,0.00023958273
424,59,0.0007042214
425,59,0.0008179536
426,59,0.00055544917
427,59,3.0422583e-05
428,59,0.0006525954
429,59,0.0005500112
430,59,0.00051921327
431,59,0.00011342112
432,59,0.0007240074
433,59,0.00037797727
434,59,0.00051013194
435,59,0.00070136227
436,59,0.0007174276
437,59,0.0009548487
438,59,9.582192e-05
439,59,0.0006906763
440,59,0.0012202319
441,59,0.0003216518
442,59,0.0005183704
443,59,0.000489017
444,59,0.00058728736
445,59,0.0010709036
446,59,0.001124193
447,59,0.00065120123
448,59,0.00071092974
449,59,0.0013590725
450,59,0.00076321606
451,59,0.0005335603
452,59,0.00028772652
453,59,0.0009973934
454,59,0.0008895593
455,59,0.00066805724
456,59,0.0005305214
457,59,0.0009935116
458,59,0.0010007126
459,59,0.00091113616
460,59,0.0004827557
461,59,0.00027615298
462,59,0.00035076588
463,59,0.0005046418
464,59,0.00043671392
465,59,0.00071037095
466,59,0.00041844975
467,59,0.00031652488
468,59,8.921884e-05
469,59,0.00094584376
470,59,0.0009940537
471,59,0.0003828546
472,59,0.00052243564
473,59,0.0005585449
474,59,0.00051952805
475,59,0.0005502766
476,59,0.0008885199
477,59,0.0008142656
478,59,0.0007658899
479,59,0.00064956397
480,59,0.0008965051
481,59,0.0007925611
482,59,0.0003047753
483,59,0.0005066348
484,59,0.00070436485
485,59,0.00074902456
486,59,0.0006586248
487,59,0.0002435688
488,59,0.0007289015
489,59,-0.00019852538
490,59,0.00058077276
491,59,0.0010468755
492,59,0.00010135677
493,59,0.0007586051
494,59,0.0010769805
0,60,0.001114374
1,60,0.0003724564
2,60,0.00073280744
3,60,0.0009523146
4,60,0.0008057235
5,60,
6,60,
7,60,
8,60,
9,60,
10,60,
11,60,
12,60,
13,60,
14,60,
15,60,
16,60,
17,60,
18,60,
19,60,
20,60,
21,60,
22,60,
23,60,
24,60,
25,60,
26,60,
27,60,
28,60,
29,60,
30,60,
31,60,0.0004648352
32,60,0.0003729416
33,60,0.0007667998
34,60,0.00049543753
35,60,0.00021942705
36,60,0.00036171544
37,60,
38,60,0.00023244787
39,60,0.0007100189
40,60,0.00023790635
41,60,0.0013299026
42,60,0.0005322192
43,60,0.00024169497
44,60,0.00023511238
45,60,-0.00018402562
46,60,0.00088649243
47,60,0.00092448946
48,60,8.223578e-06
49,60,0.00067278557
50,60,0.00071647204
51,60,0.0005965447
52,60,0.00012687407
53,60,0.0002890164
54,60,-0.00019874237
55,60,0.0010392386
56,60,0.0003003059
57,60,6.418768e-05
58,60,0.0005646944
59,60,0.00064404774
60,60,0.0004371591
61,60,0.0002864767
62,60,0.0008261008
63,60,0.0003019739
64,60,0.00073098205
65,60,0.00058497954
66,60,0.0010682289
67,60,0.0009321654
68,60,0.0005377
69,60,0.00064780563
70,60,0.00051898323
71,60,0.0005666977
72,60,0.00039908476
73,60,0.0002139369
74,60,0.0009982726
75,60,0.0010066219
76,60,0.00050279964
77,60,0.00070311036
78,60,0.00012355763
79,60,0.00067679584
80,60,0.0006205905
81,60,0.00028760824
82,60,0.00077775586
83,60,0.0004218649
84,60,0.00073075574
85,60,0.00043062586
86,60,0.0006432133
87,60,0.0009871349
88,60,0.0006275587
89,60,0.00032060035
90,60,0.0004267404
91,60,0.0004419312
92,60,0.0002873391
93,60,9.859353e-05
94,60,2.447702e-05
95,60,
96,60,
97,60,
98,60,
99,60,
100,60,
101,60,
102,60,
103,60,
104,60,
105,60,
106,60,
107,60,0.0008423934
108,60,0.0006033424
109,60,0.00020290352
110,60,
111,60,
112,60,
113,60,
114,60,
115,60,
116,60,
117,60,0.00036652293
118,60,0.00071091484
119,60,0.0006596502
120,60,
121,60,
122,60,
123,60,
124,60,
125,60,
126,60,
127,60,
128,60,
129,60,
130,60,
131,60,
132,60,
133,60,0.00042728428
134,60,0.00067894906
135,60,0.0011176923
136,60,0.0002478985
137,60,0.0010483805
138,60,
139,60,
140,60,
141,60,
142,60,
143,60,
144,60,
145,60,
146,60,
147,60,
148,60,
149,60,
150,60,0.0005732635
151,60,0.00048378203
152,60,0.00042957906
153,60,0.00046303868
154,60,0.00042496528
155,60,0.001021632
156,60,0.0006506648
157,60,0.00010718126
158,60,0.0005408013
159,60,0.001191305
160,60,0.00035741366
161,60,0.00047722273
162,60,0.00083319657
163,60,0.00023790635
164,60,0.0010406589
165,60,0.00038520247
166,60,0.00069854595
167,60,0.00035569258
168,60,0.00030335132
169,60,-0.00025334023
170,60,-0.00013456214
171,60,0.00022674166
172,60,0.00018415041
173,60,-1.622364e-05
174,60,0.00045473874
175,60,0.0007441072
176,60,0.00034193695
177,60,0.00061316043
178,60,-0.0005451059
179,60,0.0005189404
180,60,0.00022075325
181,60,6.1512925e-05
182,60,0.0006859638
183,60,0.0010093711
184,60,0.0008497136
185,60,0.0004821727
186,60,0.00027925614
187,60,0.0005925745
188,60,0.0003516134
189,60,0.0010472359
190,60,0.0009303326
191,60,0.00019169971
192,60,0.00019015372
193,60,0.00026059896
194,60,0.00023465883
195,60,0.0002913773
196,60,0.0006177258
197,60,0.00020188093
198,60,0.00026706234
199,60,0.00018649176
200,60,0.00041868538
201,60,0.0008601984
202,60,0.0006418014
203,60,0.00077898335
204,60,1.7515384e-05
205,60,0.0004414562
206,60,0.00016348809
207,60,0.00059839524
208,60,8.833781e-05
209,60,0.00029962324
210,60,0.0007248847
211,60,0.00027928594
212,60,0.00088601
213,60,0.00016923528
214,60,0.0005917214
215,60,0.00015161466
216,60,0.00057232194
217,60,0.0005077962
218,60,0.0003324831
219,60,0.00041082036
220,60,8.519646e-05
221,60,0.00021712575
222,60,0.00040304475
223,60,0.00032334868
224,60,0.000462085
225,60,0.00024536904
226,60,0.00032379478
227,60,0.00051304884
228,60,6.9251284e-05
229,60,0.0002178587
230,60,0.00028326176
231,60,0.00067900773
232,60,0.0006061774
233,60,0.00031384174
234,60,0.00037298165
235,60,-0.0001813136
236,60,0.0003853459
237,60,0.0006087925
238,60,0.000396627
239,60,0.00016584713
240,60,0.0005916003
241,60,0.000274756
242,60,0.00025693607
243,60,0.00055851415
244,60,0.00019534584
245,60,0.00027621165
246,60,0.0005791113
247,60,0.00018064678
248,60,0.0003196597
249,60,0.00059049577
250,60,0.00044250675
251,60,0.000396505
252,60,-3.7022866e-05
253,60,0.00036926102
254,60,0.0009232797
255,60,0.00042049307
256,60,0.00045190938
257,60,0.00020448118
258,60,0.00083498936
259,60,0.00078458525
260,60,0.00064897723
261,60,0.00067020673
262,60,0.00064788666
263,60,0.0011736453
264,60,0.00026599225
265,60,0.0006138496
266,60,0.0005451003
267,60,0.00059641525
268,60,0.00061904825
269,60,0.0006278651
270,60,0.0007755896
271,60,0.00082386564
272,60,0.0003286926
273,60,0.0005445443
274,60,0.0010743551
275,60,0.00012813974
276,60,0.00073535834
277,60,0.0005573211
278,60,0.00022638217
279,60,0.0006138189
280,60,0.00050502736
281,60,0.0004197806
282,60,0.00059859455
283,60,0.00069462135
284,60,0.00032391492
285,60,0.0008029556
286,60,1.9140542e-05
287,60,0.000383473
288,60,-9.881891e-05
289,60,0.00035529118
290,60,0.0005793916
291,60,0.00027858466
292,60,0.0001396481
293,60,0.0007469049
294,60,0.00040331483
295,60,-2.7203932e-05
296,60,0.00018984638
297,60,-0.00013531465
298,60,0.00089614186
299,60,0.0005283104
300,60,0.0006349813
301,60,0.00064072385
302,60,0.00039234664
303,60,0.00019138213
304,60,0.0003291713
305,60,0.0009881211
306,60,0.00082429405
307,60,0.0002409406
308,60,-6.7526475e-05
309,60,0.00081744045
310,60,0.0005933093
311,60,0.00016737636
312,60,9.539351e-05
313,60,8.7871216e-05
314,60,0.00069080386
315,60,0.00048535503
316,60,0.0008326862
317,60,0.0003146734
318,60,0.0007865848
319,60,0.0007345099
320,60,0.0007378515
321,60,0.0001255041
322,60,0.0001467811
323,60,-3.2691285e-05
324,60,0.00079556275
325,60,0.0005582776
326,60,0.0004970366
327,60,0.00021559
328,60,0.00014360342
329,60,0.00055845827
330,60,0.00021350477
331,60,1.3091601e-05
332,60,0.00011159293
333,60,9.2159025e-05
334,60,0.0003801016
335,60,0.000505344
336,60,0.00031905994
337,60,0.0006423127
338,60,0.0009912206
339,60,0.00040373486
340,60,0.0006428519
341,60,0.0006852122
342,60,0.0002474552
343,60,0.0007569054
344,60,0.00032910611
345,60,0.0007339837
346,60,0.00032484625
347,60,0.000364108
348,60,0.00039198622
349,60,0.0008255318
350,60,0.00079097506
351,60,0.0007627867
352,60,0.0010199454
353,60,0.0003107451
354,60,0.00044326205
355,60,0.0004500039
356,60,0.00022924505
357,60,0.0004948508
358,60,0.0003690701
359,60,0.00060679484
360,60,0.0005159788
361,60,0.00023682788
362,60,0.0005079163
363,60,0.0007180618
364,60,0.0009358544
365,60,0.0006389329
366,60,0.00076682214
367,60,0.0007832227
368,60,0.00047959853
369,60,0.0006826045
370,60,0.0009918977
371,60,0.0002101576
372,60,0.00033998117
373,60,0.0008327011
374,60,9.431597e-05
375,60,0.00072645023
376,60,0.0010199938
377,60,0.00042572804
378,60,0.00030630268
379,60,0.00038328208
380,60,0.0003190972
381,60,0.00041489303
382,60,0.0002570739
383,60,0.0005762968
384,60,0.00094071776
385,60,0.0002343664
386,60,0.0006817784
387,60,0.0004560966
388,60,0.00083987415
389,60,0.0006659599
390,60,0.00026358664
391,60,0.0007648198
392,60,0.0009055864
393,60,0.00036256202
394,60,0.00026460458
395,60,0.0005660914
396,60,0.0002909312
397,60,0.0006271647
398,60,0.00038452726
399,60,0.0002036253
400,60,0.00052937586
401,60,0.0006303219
402,60,0.00012123585
403,60,0.00042744167
404,60,-2.1354295e-05
405,60,0.00057949405
406,60,3.2226555e-05
407,60,0.0003746329
408,60,0.00035427604
409,60,0.0007469263
410,60,0.00066831335
411,60,0.00048289634
412,60,0.000802774
413,60,0.001000057
414,60,0.00086669624
415,60,0.000787965
416,60,0.00075197034
417,60,0.00053806417
418,60,0.000283299
419,60,0.0004714327
420,60,0.0004745107
421,60,0.000922014
422,60,0.0007645497
423,60,0.00040035788
424,60,0.001012818
425,60,0.00029725395
426,60,0.00068384036
427,60,0.00036908314
428,60,0.00029865466
429,60,0.0007342221
430,60,0.00043442845
431,60,0.0005310774
432,60,0.0004906375
433,60,0.0005205432
434,60,0.0009453278
435,60,0.0013204906
436,60,0.00075107627
437,60,0.0010129148
438,60,0.00022558589
439,60,2.719555e-05
440,60,0.00073109474
441,60,0.00051161647
442,60,0.0006350735
443,60,0.00048422534
444,60,0.00027245004
445,60,0.0008102376
446,60,0.0010689674
447,60,0.0004079817
448,60,0.00069096964
449,60,0.0009197658
450,60,0.0008070031
451,60,0.0005511837
452,60,0.0010818215
453,60,0.00075948425
454,60,0.0007314328
455,60,0.00033449195
456,60,0.0008592047
457,60,0.00038815103
458,60,0.0008431962
459,60,5.1119365e-05
460,60,0.0005829511
461,60,0.001023151
462,60,0.00028869882
463,60,0.0004629558
464,60,0.0009938302
465,60,0.0007041218
466,60,0.00069607235
467,60,0.00024207775
468,60,0.00047538802
469,60,0.0008023055
470,60,0.00069098733
471,60,0.0005858857
472,60,0.0009864848
473,60,0.0002222145
474,60,0.00054257736
475,60,0.0005842084
476,60,0.00032437313
477,60,0.0010013329
478,60,0.00091255736
479,60,0.0007747393
480,60,0.0003900472
481,60,0.000440469
482,60,0.00081349816
483,60,0.00075864047
484,60,0.00073135085
485,60,0.00033601187
486,60,0.00039713643
487,60,0.0003652349
488,60,0.00036264863
489,60,-3.580749e-05
490,60,0.0010311222
491,60,0.000727321
492,60,0.00049376953
493,60,0.00034063403
494,60,0.0004880866
0,61,0.0007688934
1,61,0.00073598884
2,61,0.00074642245
3,61,0.00083070993
4,61,0.0010643248
5,61,0.0006961869
6,61,
7,61,
8,61,
9,61,
10,61,
11,61,
12,61,
13,61,
14,61,
15,61,
16,61,
17,61,
18,61,
19,61,
20,61,
21,61,
22,61,
23,61,
24,61,
25,61,
26,61,
27,61,
28,61,
29,61,
30,61,
31,61,
32,61,0.000112080015
33,61,0.0009191884
34,61,0.0006431956
35,61,0.00081086345
36,61,0.00054233056
37,61,
38,61,0.00011950731
39,61,-0.0001398176
40,61,0.00069098454
41,61,0.0007097088
42,61,0.00041517336
43,61,0.000895543
44,61,0.00018749945
45,61,-0.0002623098
46,61,0.00036933552
47,61,0.0008293446
48,61,0.000993331
49,61,0.00067267567
50,61,4.6230853e-05
51,61,0.00079308543
52,61,0.00013471395
53,61,0.00017571077
54,61,0.0005294746
55,61,0.00056918897
56,61,0.00045875087
57,61,0.00047356822
58,61,0.00040194113
59,61,0.00022194814
60,61,0.00037910417
61,61,0.00017519016
62,61,0.0008765282
63,61,0.00075032935
64,61,0.0007978482
65,61,0.0008068159
66,61,0.00051449984
67,61,0.00041158777
68,61,0.0003269948
69,61,0.0008535646
70,61,0.0011077803
71,61,0.00033399835
72,61,0.0007809391
73,61,0.00020502787
74,61,8.37408e-05
75,61,0.0003067227
76,61,0.00023143087
77,61,0.0006604148
78,61,0.0005873395
79,61,0.00087337755
80,61,0.000600148
81,61,0.0006902432
82,61,0.0009027561
83,61,0.00096309464
84,61,0.00065735076
85,61,0.0003154697
86,61,0.0007169368
87,61,0.0005854443
88,61,0.0006403625
89,61,-8.760393e-05
90,61,0.0004043514
91,61,3.7620775e-05
92,61,0.0011668215
93,61,0.0005064234
94,61,-4.9352646e-05
95,61,0.0005588373
96,61,
97,61,
98,61,
99,61,
100,61,
101,61,
102,61,
103,61,
104,61,
105,61,
106,61,0.0005011447
107,61,0.00038509257
108,61,0.0008157743
109,61,0.00022561941
110,61,0.0010636663
111,61,
112,61,-8.6406246e-05
113,61,0.0008533038
114,61,0.00012383424
115,61,
116,61,
117,61,0.0007221205
118,61,0.00055174343
119,61,
120,61,
121,61,
122,61,
123,61,
124,61,
125,61,
126,61,
127,61,
128,61,
129,61,
130,61,
131,61,
132,61,
133,61,
134,61,0.00053469185
135,61,3.111083e-05
136,61,0.00033004023
137,61,0.0010048226
138,61,
139,61,
140,61,
141,61,
142,61,
143,61,
144,61,
145,61,
146,61,
147,61,
148,61,
149,61,
150,61,0.000706275
151,61,0.0004416015
152,61,0.0007306505
153,61,0.00084533077
154,61,0.0008152146
155,61,0.00026980136
156,61,0.00080611464
157,61,0.0007219203
158,61,0.00075847004
159,61,0.00047978386
160,61,0.00039932132
161,61,0.00054360833
162,61,0.0001360476
163,61,0.0006932933
164,61,4.3699518e-05
165,61,0.00044813752
166,61,-1.8761493e-05
167,61,-0.00028680544
168,61,0.00056766625
169,61,-2.4485402e-05
170,61,3.6599115e-05
171,61,0.00018291268
172,61,0.00027492084
173,61,-0.00037781522
174,61,0.0002986351
175,61,-2.9119663e-05
176,61,-4.0604733e-05
177,61,0.00052206684
178,61,2.6459806e-05
179,61,0.00036759768
180,61,0.00029827282
181,61,0.00064055435
182,61,-0.00021144003
183,61,0.0006891368
184,61,-5.2772462e-05
185,61,0.00035349187
186,61,0.00031117257
187,61,0.00037133694
188,61,0.00018229522
189,61,0.0005054837
190,61,-9.9426135e-05
191,61,0.00034629367
192,61,8.4088184e-05
193,61,0.0002959352
194,61,0.0007071672
195,61,0.0006682398
196,61,0.00033764914
197,61,-7.487461e-05
198,61,3.4092925e-05
199,61,5.3984113e-05
200,61,0.00019645225
201,61,0.00038190186
202,61,0.00041274354
203,61,0.0009294804
204,61,-8.191727e-05
205,61,9.208452e-05
206,61,0.00053811073
207,61,-4.1591004e-05
208,61,0.00030540582
209,61,7.1637332e-06
210,61,0.0006994605
211,61,4.2301603e-05
212,61,0.00043764804
213,61,0.0003157882
214,61,0.00013187155
215,61,0.0003041234
216,61,0.0007306943
217,61,0.000807764
218,61,0.00046926644
219,61,0.00030676462
220,61,0.0006489828
221,61,0.0003060177
222,61,0.0009283209
223,61,0.00068868324
224,61,0.0002438249
225,61,0.00012584683
226,61,0.0007337015
227,61,0.00034074113
228,61,0.0003634747
229,61,0.00074802805
230,61,0.00035504624
231,61,0.00027774274
232,61,0.00025160145
233,61,0.00040608086
234,61,0.0007194141
235,61,-0.00027676858
236,61,0.00018038042
237,61,0.00051204674
238,61,0.000818504
239,61,0.00035344996
240,61,0.00094663724
241,61,0.00060001947
242,61,0.00042865146
243,61,0.0006133206
244,61,-0.00010567717
245,61,0.00031468086
246,61,0.00023007486
247,61,0.0010287734
248,61,0.0005456628
249,61,0.00075822975
250,61,0.00036829617
251,61,0.00085533597
252,61,0.00083600916
253,61,0.0008285418
254,61,0.00085140206
255,61,0.0008680271
256,61,0.0009949906
257,61,0.0005807476
258,61,0.0010075904
259,61,0.00071521755
260,61,0.00041553285
261,61,0.00037839916
262,61,0.0008676024
263,61,0.00025598053
264,61,0.0005967412
265,61,0.0005313335
266,61,0.00035599153
267,61,0.0006792294
268,61,0.00075014867
269,61,0.00042075012
270,61,0.0004004864
271,61,0.000597734
272,61,0.0005003717
273,61,0.0005647009
274,61,0.0008127149
275,61,0.00041669328
276,61,0.0007414501
277,61,0.00048245303
278,61,0.0009308625
279,61,0.00077415723
280,61,0.00043624174
281,61,0.0007214816
282,61,0.0005224012
283,61,0.0003683325
284,61,0.00033659022
285,61,0.0003880374
286,61,0.00023543742
287,61,0.0003425302
288,61,0.00026425347
289,61,-0.00013164058
290,61,0.00028745178
291,61,0.00062232465
292,61,0.00068573747
293,61,0.0005253274
294,61,0.00035569072
295,61,0.00054360554
296,61,0.0009712195
297,61,0.0007042
298,61,-2.7263537e-05
299,61,0.00064778887
300,61,0.000859024
301,61,0.0007693367
302,61,0.00011067279
303,61,0.00023155287
304,61,0.00035761017
305,61,0.0009947568
306,61,0.0006752936
307,61,0.0007928144
308,61,0.000402553
309,61,0.00057217944
310,61,0.00070443936
311,61,0.0003058873
312,61,0.0005828086
313,61,0.0005074283
314,61,0.00064037554
315,61,0.00016433932
316,61,0.00066801254
317,61,0.00086097326
318,61,0.00070725195
319,61,-0.00051764864
320,61,0.0005440181
321,61,0.00030366424
322,61,0.00043353345
323,61,0.0006026365
324,61,0.001038692
325,61,0.00067450665
326,61,0.00019889139
327,61,0.00018082187
328,61,0.0006906092
329,61,0.0006560292
330,61,0.00032770727
331,61,0.00026960112
332,61,0.000442232
333,61,0.00056927186
334,61,0.0003421437
335,61,0.000566517
336,61,0.00064606126
337,61,0.0007387586
338,61,0.00057847984
339,61,0.00058636814
340,61,0.0006301049
341,61,0.0008467892
342,61,0.00084546395
343,61,0.00069919694
344,61,0.0004020203
345,61,0.00047175307
346,61,0.0005936511
347,61,0.00044069346
348,61,0.0003808951
349,61,0.0004103845
350,61,0.0006960584
351,61,0.00033196807
352,61,0.0008678483
353,61,0.00026974734
354,61,0.00020089
355,61,0.00066992827
356,61,0.0007946836
357,61,4.0281564e-05
358,61,0.00030360557
359,61,0.0009712484
360,61,0.00011692755
361,61,9.270385e-05
362,61,0.00067079905
363,61,0.0006328486
364,61,0.0006788373
365,61,0.00068840943
366,61,0.00055134855
367,61,0.0008073468
368,61,0.00089594256
369,61,0.0008710027
370,61,0.00076595973
371,61,0.00064573716
372,61,0.0007211976
373,61,0.00046028942
374,61,0.00037741847
375,61,0.0007755067
376,61,0.00068037957
377,61,0.0008392958
378,61,0.0005591549
379,61,0.00042531453
380,61,0.0007359674
381,61,0.0007043192
382,61,0.00043314416
383,61,5.109422e-05
384,61,0.0004375754
385,61,0.0011431472
386,61,0.00053726695
387,61,0.0008632373
388,61,0.00096189044
389,61,0.0007166639
390,61,0.00059304945
391,61,0.00071040634
392,61,0.00048093498
393,61,0.0005994495
394,61,0.0007376792
395,61,0.00046233274
396,61,0.0005113026
397,61,0.0004687216
398,61,8.4983185e-05
399,61,0.00061916653
400,61,0.00083761476
401,61,0.00032096822
402,61,0.00071294606
403,61,0.00042345375
404,61,0.0005582124
405,61,0.00094991364
406,61,0.0011448171
407,61,0.00048844237
408,61,0.00047529675
409,61,-0.00028791744
410,61,-0.00022477657
411,61,0.000619309
412,61,0.0006910851
413,61,0.00047193374
414,61,0.00043822266
415,61,0.000384341
416,61,0.00022372883
417,61,0.00040576234
418,61,0.00020825211
419,61,0.00044475868
420,61,0.00056707393
421,61,0.0008147964
422,61,0.00094026607
423,61,0.0005253898
424,61,0.0011475142
425,61,0.00060953014
426,61,0.0006406503
427,61,0.00048870686
428,61,0.00039714202
429,61,0.000812646
430,61,0.0010065595
431,61,0.00047515612
432,61,0.00025043264
433,61,0.00075359084
434,61,0.0005416451
435,61,0.00039572362
436,61,0.00012659095
437,61,0.00057186
438,61,0.0009762319
439,61,0.0004945956
440,61,0.0006140657
441,61,0.00035887305
442,61,0.00045173708
443,61,0.00059623737
444,61,0.0009148503
445,61,0.0004651472
446,61,0.00075405464
447,61,0.00040540844
448,61,-2.563931e-06
449,61,0.0004255697
450,61,0.00048296433
451,61,0.00043764897
452,61,0.0006442722
453,61,0.0011052415
454,61,0.0007412536
455,61,0.00038148277
456,61,0.0009512454
457,61,0.0013708565
458,61,0.0005247379
459,61,0.00024810433
460,61,0.00049654674
461,61,0.00057052914
462,61,0.0007750606
463,61,0.00028648134
464,61,0.00018982869
465,61,0.0007704105
466,61,0.00015535858
467,61,0.0007258933
468,61,0.0006731814
469,61,0.0009706272
470,61,0.00070529245
471,61,0.0010499097
472,61,0.0002640579
473,61,0.00092108175
474,61,0.0008872114
475,61,0.00055926666
476,61,0.00022885576
477,61,0.0010285573
478,61,0.0006678337
479,61,0.00088164303
480,61,0.0005045058
481,61,0.0005276259
482,61,0.0005489923
483,61,0.0005365554
484,61,0.0010779444
485,61,0.00041320454
486,61,-6.731134e-05
487,61,0.00016644038
488,61,0.00033042207
489,61,0.0007374622
490,61,0.0006913757
491,61,0.00036634225
492,61,0.00049822126
493,61,0.0003664419
494,61,0.0004634075
0,62,0.00052950345
1,62,0.0012011416
2,62,0.0012969524
3,62,0.0013716742
4,62,0.00091290753
5,62,0.0008967407
6,62,
7,62,
8,62,
9,62,
10,62,
11,62,
12,62,
13,62,
14,62,
15,62,
16,62,
17,62,
18,62,
19,62,
20,62,
21,62,
22,62,
23,62,
24,62,
25,62,
26,62,
27,62,
28,62,
29,62,
30,62,
31,62,0.0007713996
32,62,0.0005084388
33,62,-0.0001589125
34,62,0.00049845316
35,62,0.00022871047
36,62,0.0010042107
37,62,0.000119185075
38,62,0.0006276965
39,62,0.00016319752
40,62,0.0005957009
41,62,0.0004578214
42,62,0.00073197484
43,62,0.000497628
44,62,-8.4547326e-05
45,62,0.00018990785
46,62,0.0008964231
47,62,0.0007011667
48,62,0.00031348597
49,62,0.00084642414
50,62,0.000771272
51,62,0.0003433209
52,62,0.00046207942
53,62,0.0003598677
54,62,0.0004894212
55,62,0.00040544756
56,62,0.00074665155
57,62,0.0004018396
58,62,0.0007660631
59,62,8.669682e-05
60,62,0.000466696
61,62,0.0008298252
62,62,0.00070599746
63,62,0.000700403
64,62,0.00073540024
65,62,0.0006865347
66,62,0.0004631225
67,62,0.0007863324
68,62,0.0009405408
69,62,0.0008571949
70,62,0.00012832228
71,62,0.00019707531
72,62,0.00074267946
73,62,-7.100776e-05
74,62,0.00038315263
75,62,0.00082406215
76,62,0.00080514327
77,62,0.00020816177
78,62,0.0007177945
79,62,0.00051066466
80,62,0.00060679205
81,62,0.00017409492
82,62,0.00033464562
83,62,-0.00012230687
84,62,0.0006372826
85,62,0.00043142866
86,62,5.518738e-05
87,62,0.00086423755
88,62,0.0006861733
89,62,0.00077161007
90,62,0.0005432265
91,62,0.00084489956
92,62,0.00047839805
93,62,0.00024394039
94,62,8.859951e-05
95,62,0.0005652895
96,62,
97,62,
98,62,
99,62,
100,62,
101,62,
102,62,
103,62,
104,62,
105,62,6.308779e-05
106,62,0.0004585702
107,62,0.00020023249
108,62,0.00051465724
109,62,0.0006655883
110,62,0.0006123381
111,62,
112,62,
113,62,
114,62,
115,62,
116,62,
117,62,0.00054436456
118,62,0.00033623073
119,62,
120,62,
121,62,
122,62,
123,62,
124,62,
125,62,
126,62,
127,62,
128,62,
129,62,
130,62,
131,62,
132,62,
133,62,
134,62,
135,62,0.00068034604
136,62,0.00037889276
137,62,0.0003183186
138,62,
139,62,
140,62,0.00050013233
141,62,
142,62,
143,62,
144,62,
145,62,
146,62,
147,62,
148,62,
149,62,
150,62,
151,62,0.0003240807
152,62,0.00046011433
153,62,0.0009048609
154,62,0.00027055293
155,62,0.00030196365
156,62,-0.00037094206
157,62,0.0002222415
158,62,0.00040900055
159,62,0.00034584757
160,62,0.001060049
161,62,0.00048198458
162,62,0.00063199736
163,62,0.0003033271
164,62,0.00018502679
165,62,0.00057749357
166,62,0.000821298
167,62,0.0002625184
168,62,0.00059077237
169,62,0.0001559062
170,62,-2.394151e-05
171,62,0.00036176387
172,62,0.00045180134
173,62,0.0003720615
174,62,-8.683838e-05
175,62,0.00030135456
176,62,0.00014668051
177,62,0.0006510485
178,62,7.907115e-05
179,62,0.00042397622
180,62,0.00039329473
181,62,0.0007217126
182,62,0.00038655847
183,62,-0.00012304448
184,62,0.0004000496
185,62,-8.645188e-05
186,62,0.00041493215
187,62,0.00061023794
188,62,0.00035017775
189,62,0.0010392386
190,62,2.7027912e-05
191,62,0.0007823445
192,62,0.00048974715
193,62,0.00029763952
194,62,0.00037947018
195,62,0.0007186644
196,62,0.000112164766
197,62,0.00048234127
198,62,0.0008702846
199,62,0.0002831798
200,62,0.00020729005
201,62,0.00019534957
202,62,-1.5607104e-05
203,62,0.00046939496
204,62,0.00033041555
205,62,0.00028491393
206,62,0.0005503576
207,62,0.00075658783
208,62,0.00090806093
209,62,0.0002460964
210,62,-0.0001262445
211,62,0.00054388586
212,62,0.00045803096
213,62,-2.249889e-05
214,62,0.00053655077
215,62,0.00077630486
216,62,0.00046922918
217,62,0.00021732878
218,62,0.0011129249
219,62,0.00024635624
220,62,0.00014873594
221,62,0.00023919437
222,62,0.00023755431
223,62,0.000273427
224,62,0.00025082286
225,62,0.00067179464
226,62,0.0006036237
227,62,0.0006851144
228,62,9.050965e-05
229,62,0.0002791835
230,62,0.00076428056
231,62,0.00011054147
232,62,0.00025909208
233,62,0.0005838182
234,62,0.0002515642
235,62,0.00031896587
236,62,0.00043634698
237,62,0.00053838454
238,62,0.000472093
239,62,0.00035857223
240,62,0.00017443392
241,62,0.0005253963
242,62,0.0004843194
243,62,0.0010326086
244,62,0.00032681227
245,62,0.0011167638
246,62,0.00020808261
247,62,0.0010508597
248,62,0.00050034374
249,62,0.0011921395
250,62,0.0005821949
251,62,0.0007063681
252,62,0.0010169074
253,62,0.0009934055
254,62,0.00024325028
255,62,0.0004892126
256,62,0.0009705862
257,62,0.0006812606
258,62,0.00014957506
259,62,0.00083750114
260,62,0.00055179093
261,62,0.0008320799
262,62,0.00030052476
263,62,0.00080991257
264,62,0.0007517617
265,62,0.00062684435
266,62,0.0007814178
267,62,0.00076009333
268,62,0.0008107284
269,62,0.0006628139
270,62,0.00086188875
271,62,0.0006246157
272,62,0.00020795688
273,62,0.00021740235
274,62,0.0009140447
275,62,0.0006343024
276,62,0.0009190198
277,62,0.00063829497
278,62,0.00073870923
279,62,0.0004453985
280,62,0.0004853597
281,62,0.00053652655
282,62,0.00042393617
283,62,0.00016753189
284,62,0.00058929995
285,62,4.289951e-05
286,62,0.00041538477
287,62,0.00047409628
288,62,0.0006932486
289,62,0.0006048465
290,62,0.000734536
291,62,0.00032512937
292,62,0.00043844804
293,62,0.00041497778
294,62,0.00024784822
295,62,0.00060257874
296,62,0.0005841106
297,62,0.00017244741
298,62,0.00018115621
299,62,0.0005376972
300,62,-5.0086528e-05
301,62,0.00078327954
302,62,0.00048747007
303,62,0.00036715437
304,62,0.0007063057
305,62,0.00018146727
306,62,0.0005351892
307,62,0.00086051226
308,62,0.00048873574
309,62,0.0005536368
310,62,-2.0837411e-05
311,62,0.00030908734
312,62,0.0005250182
313,62,0.0004641302
314,62,0.00074639916
315,62,0.000193852
316,62,0.00020119362
317,62,0.00080523454
318,62,0.0005949121
319,62,0.00058561657
320,62,-2.9373914e-05
321,62,0.00036073476
322,62,0.0004125517
323,62,0.00062651
324,62,0.001367528
325,62,0.00065663084
326,62,0.00085346773
327,62,0.0007141875
328,62,0.00067605637
329,62,0.0007010838
330,62,0.0011430737
331,62,0.00026177242
332,62,0.0010767989
333,62,0.00012269337
334,62,0.0007070182
335,62,0.0007494539
336,62,0.00047292653
337,62,0.0002832869
338,62,0.00014974363
339,62,6.555952e-05
340,62,0.0004363926
341,62,0.00020039175
342,62,0.0003395779
343,62,0.00029615592
344,62,0.0004488295
345,62,0.00042936578
346,62,0.0003472967
347,62,0.0008694725
348,62,0.0008591255
349,62,0.000118909404
350,62,0.0007199086
351,62,0.001085775
352,62,0.00083477236
353,62,0.00030511897
354,62,0.0002638707
355,62,0.0009480594
356,62,0.0007947199
357,62,0.0003011981
358,62,0.00032985304
359,62,0.00061403215
360,62,0.00033507217
361,62,0.00013859197
362,62,0.0008588601
363,62,0.0004410427
364,62,0.00083586946
365,62,0.0005084574
366,62,0.0006041536
367,62,0.0003424501
368,62,0.0008269809
369,62,0.0005606832
370,62,0.0003523659
371,62,0.00075891614
372,62,0.001240734
373,62,0.0003386829
374,62,0.0014154604
375,62,0.00064217113
376,62,0.00080960337
377,62,0.00092993584
378,62,0.00018298998
379,62,0.000556523
380,62,0.00035849493
381,62,0.000520302
382,62,0.000316998
383,62,0.001102563
384,62,0.0007652519
385,62,0.0008205166
386,62,0.0009827716
387,62,0.0008379519
388,62,0.00074319076
389,62,0.00057494175
390,62,0.00021262653
391,62,0.0006689932
392,62,0.00091760233
393,62,0.0007769903
394,62,0.0006199144
395,62,0.0010977536
396,62,0.0009983461
397,62,0.0007668501
398,62,0.00035584997
399,62,0.00018550642
400,62,0.00070335716
401,62,0.00095580146
402,62,0.00027588475
403,62,0.0010200683
404,62,0.00013335049
405,62,0.00054582953
406,62,2.2101216e-05
407,62,0.00041818526
408,62,0.00040972512
409,62,0.00048316084
410,62,0.0009288285
411,62,0.00033314992
412,62,0.0003724452
413,62,0.00040392112
414,62,0.00071824715
415,62,0.00039849523
416,62,0.000515501
417,62,0.00096639246
418,62,0.00023835804
419,62,0.0007492425
420,62,0.00072662253
421,62,0.0010808595
422,62,0.0005288739
423,62,0.0008057719
424,62,0.0004452085
425,62,0.0010935888
426,62,0.00057464
427,62,0.00045324024
428,62,0.0004652245
429,62,0.0010027522
430,62,0.00037299376
431,62,0.00025182404
432,62,0.00020543765
433,62,0.0008878205
434,62,4.3146312e-05
435,62,0.0005798442
436,62,0.0002563661
437,62,0.0010047983
438,62,-5.2300282e-05
439,62,0.0008185711
440,62,0.00046901312
441,62,0.00089788623
442,62,0.00076076575
443,62,-0.00012954697
444,62,0.0009358125
445,62,0.0007301392
446,62,0.00055393856
447,62,3.4570694e-05
448,62,0.00061280373
449,62,0.0004894966
450,62,0.00046425685
451,62,0.00044728816
452,62,0.0009591179
453,62,0.00053490605
454,62,0.0009960243
455,62,0.00089096464
456,62,0.001120693
457,62,0.00032176822
458,62,0.0007674508
459,62,0.00042504072
460,62,0.0002497714
461,62,0.0008021975
462,62,0.0007079486
463,62,0.00051702466
464,62,0.0005023256
465,62,0.00026250444
466,62,0.0009977873
467,62,0.0013216883
468,62,0.00026847143
469,62,6.265193e-05
470,62,0.000569636
471,62,0.00045020878
472,62,0.0005117152
473,62,0.00032811332
474,62,5.239062e-05
475,62,0.00060658343
476,62,0.00049738213
477,62,0.00035309047
478,62,0.0011955826
479,62,0.0005335938
480,62,0.00030394644
481,62,0.0007331278
482,62,0.00019063521
483,62,0.0008468274
484,62,0.00044198893
485,62,0.0003543645
486,62,0.00015508011
487,62,0.0005024746
488,62,0.00053332746
489,62,0.0013686949
490,62,0.0006209314
491,62,0.00055870786
492,62,0.00039765518
493,62,0.0007269662
494,62,0.000601965
0,63,0.0009861263
1,63,0.000719849
2,63,0.00065613724
3,63,0.0008147862
4,63,
5,63,
6,63,
7,63,
8,63,
9,63,
10,63,
11,63,
12,63,
13,63,
14,63,
15,63,
16,63,
17,63,
18,63,
19,63,
20,63,
21,63,
22,63,
23,63,
24,63,
25,63,
26,63,
27,63,
28,63,
29,63,
30,63,0.00086244196
31,63,0.00036421325
32,63,0.00062358286
33,63,0.00094104186
34,63,0.00023193657
35,63,0.00043353252
36,63,0.0011893185
37,63,0.00067935605
38,63,
39,63,
40,63,0.00061527546
41,63,-4.2203814e-05
42,63,0.00062356796
43,63,0.0005892301
44,63,-0.0001383014
45,63,0.0006985208
46,63,0.0006888807
47,63,8.952618e-05
48,63,0.0006897701
49,63,0.00032458548
50,63,0.00045237038
51,63,0.00044828467
52,63,0.000775001
53,63,0.0004966697
54,63,0.00019943062
55,63,-0.000337434
56,63,0.0003224071
57,63,0.00047677662
58,63,0.0002706442
59,63,0.00057732034
60,63,0.00076812133
61,63,0.00020965748
62,63,0.0002979217
63,63,0.00043863337
64,63,0.00087254494
65,63,0.0010009902
66,63,0.0005329056
67,63,0.0008553099
68,63,0.00044757314
69,63,0.0005243467
70,63,0.0004609609
71,63,0.0009888848
72,63,0.0003106082
73,63,0.00041881483
74,63,0.0002755914
75,63,0.00041474216
76,63,0.00030178484
77,63,9.5427036e-05
78,63,0.00079600606
79,63,0.0007202625
80,63,0.0002746228
81,63,8.642208e-05
82,63,0.0009962507
83,63,0.00067801774
84,63,0.0002935985
85,63,0.00089060515
86,63,0.00045688637
87,63,0.00018166006
88,63,0.0008596843
89,63,0.00033247657
90,63,0.00079371687
91,63,0.00046144333
92,63,0.0005800808
93,63,0.00046928506
94,63,0.0003939476
95,63,0.0009059729
96,63,
97,63,
98,63,
99,63,
100,63,
101,63,
102,63,
103,63,
104,63,
105,63,0.0003782343
106,63,0.0007621236
107,63,0.0008581532
108,63,0.0003497554
109,63,0.00048574433
110,63,-8.221902e-05
111,63,
112,63,
113,63,
114,63,
115,63,
116,63,
117,63,7.845182e-05
118,63,0.0014056163
119,63,
120,63,
121,63,
122,63,
123,63,
124,63,
125,63,
126,63,
127,63,
128,63,
129,63,
130,63,
131,63,
132,63,
133,63,
134,63,
135,63,-0.00012238324
136,63,0.0007659877
137,63,0.00039704796
138,63,
139,63,
140,63,
141,63,
142,63,
143,63,
144,63,
145,63,
146,63,
147,63,
148,63,
149,63,
150,63,
151,63,0.0010731593
152,63,0.0006635254
153,63,0.00056820735
154,63,0.00053080916
155,63,0.00038218778
156,63,0.000352595
157,63,-9.8031946e-05
158,63,0.00043245312
159,63,8.076243e-05
160,63,9.785872e-05
161,63,0.000620842
162,63,0.00038755126
163,63,0.00030299276
164,63,-7.705856e-05
165,63,0.000102452934
166,63,0.000566273
167,63,0.0002723746
168,63,0.0002777772
169,63,0.00029448885
170,63,0.0006420864
171,63,0.0010966398
172,63,0.0005933009
173,63,0.00029368885
174,63,-0.00028933026
175,63,-8.0412254e-05
176,63,0.00058174133
177,63,1.254864e-05
178,63,0.00036848523
179,63,-5.192589e-05
180,63,0.00079035945
181,63,0.00016582198
182,63,5.3738244e-05
183,63,0.00041240826
184,63,0.00077251904
185,63,0.00013914984
186,63,7.255934e-06
187,63,0.00057450775
188,63,0.00022729393
189,63,-0.0001147734
190,63,0.0006796671
191,63,0.00043572113
192,63,0.00048901886
193,63,0.0005071694
194,63,0.00057031866
195,63,0.00060124695
196,63,0.00012890808
197,63,0.0008258708
198,63,0.00067308825
199,63,0.00034915283
200,63,0.0006878767
201,63,0.00028112438
202,63,0.00043865107
203,63,0.00050218124
204,63,0.00010337308
205,63,0.000768112
206,63,0.0005435357
207,63,0.00055926107
208,63,0.00056326203
209,63,0.0005758414
210,63,0.00021573994
211,63,0.0004366124
212,63,0.000498889
213,63,0.00045379438
214,63,0.0005928343
215,63,0.00024612527
216,63,0.0010738513
217,63,0.0003917478
218,63,0.00068270974
219,63,0.00014576875
220,63,0.00055260304
221,63,7.271767e-05
222,63,0.000550827
223,63,4.2853877e-05
224,63,0.00038826093
225,63,0.00040456
226,63,0.00048003625
227,63,0.0005943468
228,63,0.0004949393
229,63,0.00021544937
230,63,-7.27335e-05
231,63,0.00036124978
232,63,0.000729423
233,63,0.00010764692
234,63,0.0009257868
235,63,0.00019363221
236,63,0.0009571854
237,63,0.0004257625
238,63,4.4354238e-05
239,63,-3.43984e-05
240,63,2.7524307e-05
241,63,0.00062109437
242,63,0.00042248517
243,63,0.0002608262
244,63,0.00050462224
245,63,0.0004652692
246,63,0.0007007532
247,63,0.0009956965
248,63,0.00023127161
249,63,0.00040459353
250,63,0.0003203582
251,63,0.00047237705
252,63,-0.00019175932
253,63,0.00089822896
254,63,0.00029025972
255,63,0.00023270678
256,63,0.0002088435
257,63,0.0004493231
258,63,0.00040712394
259,63,0.0008013211
260,63,0.0002726633
261,63,0.000548752
262,63,0.00045696553
263,63,0.0005863244
264,63,0.000104720704
265,63,0.00028964877
266,63,0.00075427536
267,63,0.00054316875
268,63,0.00018591061
269,63,0.00069146417
270,63,0.00040778145
271,63,0.00071978197
272,63,0.0005623922
273,63,0.00057204533
274,63,0.0003083786
275,63,0.00013436098
276,63,0.0006057732
277,63,0.0005617868
278,63,0.00053191837
279,63,0.00068137795
280,63,-0.000115178525
281,63,0.0004576454
282,63,0.00047322828
283,63,0.00023037661
284,63,0.00047186948
285,63,9.046029e-05
286,63,0.000336295
287,63,-0.00031521916
288,63,0.00016133953
289,63,-4.0825456e-05
290,63,0.0005000988
291,63,0.0003129393
292,63,0.0005333591
293,63,0.00062544644
294,63,0.0008431766
295,63,0.00022951979
296,63,0.00038476568
297,63,0.00025445223
298,63,0.00056531746
299,63,0.00053267553
300,63,0.00032989495
301,63,0.0005255742
302,63,5.2941963e-05
303,63,0.00046800636
304,63,0.00032718666
305,63,0.0007910067
306,63,0.00044323318
307,63,0.0003787242
308,63,0.00043492857
309,63,0.00032260828
310,63,0.00077566877
311,63,0.00014593266
312,63,0.00050145015
313,63,0.0007505659
314,63,0.00045660604
315,63,0.0005659526
316,63,0.00063089654
317,63,0.00046028942
318,63,0.00059181824
319,63,0.0001219837
320,63,0.0008513555
321,63,0.00021854322
322,63,0.0007157717
323,63,0.0002595652
324,63,0.00042720512
325,63,0.0007626433
326,63,0.0007304391
327,63,0.0007811589
328,63,0.00067621283
329,63,0.0011460576
330,63,0.0007342007
331,63,0.0010102149
332,63,0.0006272672
333,63,0.00018365774
334,63,0.00091835577
335,63,0.0005057361
336,63,0.0009127101
337,63,0.00028626993
338,63,0.0006887391
339,63,0.0007221401
340,63,0.0010863487
341,63,0.0006058421
342,63,0.0004958641
343,63,0.00053908676
344,63,0.00021617115
345,63,0.0006554229
346,63,0.0004602298
347,63,0.0004606573
348,63,0.00044853427
349,63,0.0007524919
350,63,0.0003348291
351,63,0.00032627396
352,63,-3.5583973e-05
353,63,0.00032013468
354,63,0.00049268827
355,63,0.00069857016
356,63,0.0007771319
357,63,6.949715e-05
358,63,0.00039285608
359,63,-0.0001265537
360,63,0.000944457
361,63,0.00025359076
362,63,0.0005247714
363,63,0.0006605899
364,63,0.00075035915
365,63,0.00093436055
366,63,7.1055256e-05
367,63,0.0008291183
368,63,0.0007771924
369,63,0.0004993435
370,63,0.00066223554
371,63,0.0007347446
372,63,0.00077605154
373,63,0.00045666844
374,63,0.00045065023
375,63,0.0007403279
376,63,0.000272681
377,63,0.00026914477
378,63,0.00054123346
379,63,0.00049827155
380,63,0.0005718274
381,63,0.00017577037
382,63,0.00019395258
383,63,0.0006621983
384,63,0.0006942842
385,63,0.0010232572
386,63,0.000678841
387,63,0.0011007208
388,63,0.0006775856
389,63,0.00045889895
390,63,0.0005359426
391,63,0.00049115904
392,63,0.00067930855
393,63,0.0007089125
394,63,0.00027969107
395,63,0.00062170345
396,63,0.00077674724
397,63,0.0007029362
398,63,0.0009959163
399,63,0.0005938504
400,63,0.00061472785
401,63,0.0002513416
402,63,0.0002617808
403,63,0.00043888204
404,63,0.00050588325
405,63,0.00029891264
406,63,0.00046930555
407,63,0.00036175642
408,63,0.00086619705
409,63,0.00043440145
410,63,0.00041345134
411,63,0.0008624336
412,63,0.0007450683
413,63,0.0008766698
414,63,0.0005058218
415,63,0.00066577643
416,63,0.00083212927
417,63,0.00032292865
418,63,0.00091046095
419,63,0.0007490441
420,63,0.00041903742
421,63,0.0006969003
422,63,0.00062027574
423,63,0.001118632
424,63,0.00062719267
425,63,0.0007173782
426,63,0.0005331915
427,63,0.00028808322
428,63,0.0010345746
429,63,0.00047278218
430,63,0.0009697573
431,63,0.0010580327
432,63,0.00041063782
433,63,0.00082926266
434,63,-3.6266632e-05
435,63,0.0009069713
436,63,0.0006634509
437,63,0.0006329287
438,63,0.0004545115
439,63,0.00080961734
440,63,0.0004357407
441,63,0.0005896641
442,63,0.00062278565
443,63,0.00034968555
444,63,0.0007106587
445,63,0.00034279097
446,63,0.00064920634
447,63,0.00044571422
448,63,0.0005186498
449,63,0.00053194165
450,63,0.0005996013
451,63,8.718111e-06
452,63,0.00011392683
453,63,0.00061419327
454,63,0.00012833811
455,63,0.00027559232
456,63,0.00054342486
457,63,0.00067239534
458,63,0.0005655363
459,63,0.00030281208
460,63,0.00031514093
461,63,0.0007277746
462,63,0.0009515099
463,63,0.0009892015
464,63,0.0004496826
465,63,0.00059374515
466,63,0.00090387836
467,63,0.00041408744
468,63,0.0006046612
469,63,0.0008387491
470,63,0.0011033602
471,63,0.0005208943
472,63,0.0005474994
473,63,0.00071873516
474,63,0.0006068619
475,63,0.0007348964
476,63,0.0010662265
477,63,0.00063748285
478,63,0.0007040547
479,63,0.00061380677
480,63,0.0006978307
481,63,0.00023632683
482,63,0.00039774925
483,63,0.0005273139
484,63,0.00032373145
485,63,0.0005356949
486,63,0.00067089684
487,63,0.00059050694
488,63,0.0002969671
489,63,0.0010203505
490,63,0.0002928283
491,63,0.00075771566
492,63,0.00035378803
493,63,0.00037496164
494,63,0.00040039234
0,64,0.00035739783
1,64,0.00079062954
2,64,0.0011241417
3,64,0.00089564547
4,64,0.0009204671
5,64,
6,64,
7,64,
8,64,
9,64,
10,64,
11,64,
12,64,
13,64,
14,64,
15,64,
16,64,
17,64,
18,64,
19,64,
20,64,
21,64,
22,64,
23,64,
24,64,
25,64,
26,64,
27,64,
28,64,
29,64,0.00041388255
30,64,
31,64,0.0008862829
32,64,0.00074527226
33,64,0.0011582207
34,64,0.0013757674
35,64,0.00043842942
36,64,0.0008553136
37,64,0.0006849766
38,64,0.00013584085
39,64,0.0007877648
40,64,0.00059741456
41,64,0.00095040444
42,64,0.00048235524
43,64,0.0007676538
44,64,0.0007229941
45,64,0.0006945217
46,64,0.0005230885
47,64,-0.000103841536
48,64,0.0005132044
49,64,0.0008286284
50,64,0.00043457188
51,64,0.00020874478
52,64,0.0006251829
53,64,0.0007290784
54,64,0.000537022
55,64,0.0008044094
56,64,0.0006487202
57,64,0.0009271279
58,64,0.00041789748
59,64,0.00037102308
60,64,0.00035998225
61,64,9.745825e-05
62,64,0.0010413211
63,64,0.00034142286
64,64,0.00043954793
65,64,0.0005086735
66,64,0.0006672349
67,64,0.00042159203
68,64,0.00076614134
69,64,0.00033843797
70,64,0.00017854571
71,64,0.00055694673
72,64,0.00036462117
73,64,0.0004493771
74,64,0.0007911436
75,64,0.00056042895
76,64,0.00078899134
77,64,0.0010528443
78,64,0.00064017717
79,64,0.000594059
80,64,0.00058027636
81,64,0.00037489738
82,64,0.0005571097
83,64,0.0007478623
84,64,0.0005721478
85,64,0.00049002096
86,64,-8.4264204e-05
87,64,0.00028220937
88,64,6.932765e-05
89,64,0.00043173507
90,64,0.00022672117
91,64,0.00017565861
92,64,0.0011068461
93,64,0.00056777615
94,64,0.00039283652
95,64,0.00068915915
96,64,
97,64,
98,64,
99,64,
100,64,
101,64,
102,64,
103,64,0.00045072846
104,64,
105,64,-0.00023055356
106,64,0.0002971599
107,64,1.52383e-05
108,64,0.00046227872
109,64,0.00044996385
110,64,-6.271247e-05
111,64,
112,64,
113,64,
114,64,
115,64,
116,64,
117,64,
118,64,5.733501e-05
119,64,
120,64,
121,64,
122,64,
123,64,
124,64,
125,64,
126,64,
127,64,
128,64,
129,64,
130,64,
131,64,
132,64,
133,64,
134,64,
135,64,
136,64,-1.2412667e-05
137,64,0.00034888368
138,64,
139,64,0.0002248846
140,64,
141,64,
142,64,0.00013746321
143,64,
144,64,
145,64,
146,64,
147,64,
148,64,-8.518528e-05
149,64,
150,64,
151,64,
152,64,0.00067393854
153,64,0.00078779925
154,64,0.00069560204
155,64,0.0005068714
156,64,0.0012967894
157,64,0.0005797399
158,64,0.00073753856
159,64,0.0007473873
160,64,0.0006174324
161,64,0.0008275937
162,64,0.00034290273
163,64,0.00035136566
164,64,0.0005467441
165,64,0.0008170884
166,64,0.000504924
167,64,-3.1605363e-05
168,64,0.00032873638
169,64,0.00060685165
170,64,0.00046458468
171,64,0.00043648202
172,64,0.0005445946
173,64,0.00014366303
174,64,0.0007084785
175,64,0.00060531497
176,64,0.0002719937
177,64,0.0003028633
178,64,0.00049308315
179,64,0.00016419124
180,64,0.00045872852
181,64,0.00042145886
182,64,0.00042785425
183,64,0.00054241065
184,64,4.2478554e-05
185,64,0.00031044427
186,64,0.00012972951
187,64,0.00052644406
188,64,0.0008800607
189,64,0.00073369406
190,64,8.667819e-06
191,64,0.00087203644
192,64,2.13366e-06
193,64,0.0007311292
194,64,0.00025918055
195,64,0.00034761988
196,64,0.00040298514
197,64,0.00049772486
198,64,0.00018049497
199,64,0.00052511133
200,64,0.00023119897
201,64,0.0006391313
202,64,0.00072906166
203,64,0.0008695992
204,64,0.00012255646
205,64,0.00041080732
206,64,0.00062363315
207,64,0.00032879785
208,64,0.0001463918
209,64,0.0004214514
210,64,-0.00023977458
211,64,0.0004072087
212,64,0.0005777404
213,64,0.00092298817
214,64,0.00037697144
215,64,0.0006217025
216,64,0.0006649066
217,64,0.00059903506
218,64,0.00025864784
219,64,0.00069205184
220,64,0.00054996926
221,64,0.0005931873
222,64,0.00031894725
223,64,0.00025310554
224,64,0.000463536
225,64,-9.5095485e-05
226,64,0.00048348866
227,64,0.0008012466
228,64,0.00042060763
229,64,6.598141e-05
230,64,0.00049378816
231,64,0.00041540153
232,64,0.00023163296
233,64,0.00031506456
234,64,9.526778e-05
235,64,0.00055664685
236,64,0.00035377406
237,64,-0.0001603365
238,64,0.00021971203
239,64,-0.00018807035
240,64,0.00022010785
241,64,0.00029884372
242,64,0.0004261583
243,64,0.0006774748
244,64,8.3560124e-05
245,64,0.00019905437
246,64,0.00052498374
247,64,0.00028754305
248,64,0.00091715343
249,64,0.00054652523
250,64,0.00032061432
251,64,0.0012377724
252,64,0.00014089327
253,64,0.0002978742
254,64,-0.00010130461
255,64,0.00057597645
256,64,0.00029084645
257,64,0.0004052259
258,64,0.0006203521
259,64,0.0006971592
260,64,0.0005299235
261,64,0.001357899
262,64,0.00010473188
263,64,0.0007161731
264,64,0.0009941645
265,64,0.0007178914
266,64,0.00055657886
267,64,0.0007766234
268,64,0.00065654237
269,64,0.0005306676
270,64,0.00036933552
271,64,0.000529767
272,64,0.00056980643
273,64,0.0008948939
274,64,0.00030099414
275,64,0.00074086897
276,64,0.0006336253
277,64,0.00052212365
278,64,0.00076694693
279,64,0.00071884785
280,64,0.00074919034
281,64,0.0005908888
282,64,0.0005444428
283,64,0.0005205795
284,64,0.0007842798
285,64,0.0004724795
286,64,0.0005491059
287,64,0.0006588418
288,64,0.00031439215
289,64,0.0006170999
290,64,0.00048824213
291,64,0.0005333014
292,64,0.00015630946
293,64,0.0006763665
294,64,0.0004052138
295,64,0.00030279718
296,64,0.00032493845
297,64,0.00058215205
298,64,0.0003177123
299,64,0.0006226599
300,64,0.00031369925
301,64,0.00035011675
302,64,0.00041756593
303,64,0.00048072264
304,64,0.00069141015
305,64,0.000532791
306,64,0.000103658065
307,64,0.00086764805
308,64,0.00064916257
309,64,0.00019175094
310,64,0.00077805575
311,64,0.0005950723
312,64,0.00084075984
313,64,0.0005692104
314,64,0.0004275404
315,64,0.0007325541
316,64,0.00080982875
317,64,0.0006896844
318,64,0.0006529363
319,64,0.00069301296
320,64,0.0003122976
321,64,0.00034869183
322,64,0.00082294364
323,64,0.00046268385
324,64,0.0006480403
325,64,0.0006582849
326,64,0.00091072544
327,64,0.001014879
328,64,0.00031454023
329,64,0.00051143393
330,64,0.0008722916
331,64,0.0008820193
332,64,0.00048185326
333,64,0.0008123545
334,64,0.00047056377
335,64,0.00035676453
336,64,0.0009221621
337,64,0.0006756745
338,64,0.00033046957
339,64,-0.00011898484
340,64,0.00015919749
341,64,0.0005596122
342,64,0.00046013668
343,64,0.00042561255
344,64,-4.6769157e-05
345,64,0.0008204179
346,64,0.0006965138
347,64,0.00029203668
348,64,0.0006443057
349,64,0.00036789477
350,64,0.00040223077
351,64,0.00049694534
352,64,0.00078845304
353,64,0.00039577018
354,64,0.000118402764
355,64,0.00064217113
356,64,0.00032601412
357,64,0.00038751122
358,64,0.0005457774
359,64,0.0006580455
360,64,0.001061216
361,64,0.0005529681
362,64,0.0007512504
363,64,0.00038168114
364,64,0.000556387
365,64,0.00061295927
366,64,0.00012459885
367,64,0.00019692443
368,64,0.0008428497
369,64,0.00037768856
370,64,0.0006332407
371,64,0.000100150704
372,64,0.00029526
373,64,0.00059630815
374,64,0.0005084323
375,64,0.00037092157
376,64,0.0002862895
377,64,0.0003124643
378,64,0.00019349158
379,64,0.00062781386
380,64,0.00053688884
381,64,0.0008496642
382,64,0.00026846118
383,64,3.8910657e-05
384,64,0.0005376218
385,64,0.00043617934
386,64,0.00066069793
387,64,0.000539368
388,64,0.00044360757
389,64,0.0004281802
390,64,0.00052292924
391,64,0.0005692905
392,64,0.00043345336
393,64,0.0006750943
394,64,0.00068947393
395,64,0.00091773644
396,64,0.0006754147
397,64,0.00074423663
398,64,0.001132342
399,64,0.00049191527
400,64,0.00066415407
401,64,0.00043161027
402,64,0.0011458062
403,64,0.00037082378
404,64,0.00049625523
405,64,0.00057806633
406,64,0.00039129052
407,64,0.0005167583
408,64,0.00032675825
409,64,0.00028249994
410,64,0.0005483739
411,64,0.0010184189
412,64,0.00024109893
413,64,0.0005489532
414,64,0.0006190557
415,64,0.0006071292
416,64,0.0011889562
417,64,0.0009880578
418,64,0.0006225994
419,64,0.0006018765
420,64,0.0005308641
421,64,0.0008653328
422,64,0.00044790655
423,64,0.0005495893
424,64,0.0006262427
425,64,0.00077745505
426,64,0.00042028166
427,64,0.00041421037
428,64,0.00083172135
429,64,0.0003616009
430,64,0.0010126112
431,64,0.00031495653
432,64,-0.00012787711
433,64,0.0003613811
434,64,0.0002782112
435,64,0.0008801138
436,64,0.0004968252
437,64,0.0005300045
438,64,-0.000108791515
439,64,0.00056655146
440,64,-0.00026091002
441,64,0.00038610585
442,64,0.00045741443
443,64,0.00093081966
444,64,0.0009351829
445,64,0.00046020094
446,64,1.8499792e-05
447,64,0.00072407816
448,64,0.0007530898
449,64,0.000665864
450,64,0.00030536018
451,64,0.0005044509
452,64,3.0894764e-05
453,64,0.00081822556
454,64,0.0008978192
455,64,0.0003661951
456,64,0.000543382
457,64,0.0007551536
458,64,0.00018960983
459,64,0.00077665783
460,64,0.00043627992
461,64,0.0005140761
462,64,0.00060429703
463,64,0.0003645001
464,64,0.0013298495
465,64,0.00073002744
466,64,0.00087464787
467,64,0.0005467413
468,64,0.00072441157
469,64,0.00059940945
470,64,0.0007712431
471,64,0.00035452098
472,64,0.0008446751
473,64,0.0006648274
474,64,0.00074037723
475,64,0.0009109983
476,64,0.0004098704
477,64,0.00062329415
478,64,0.0005431231
479,64,0.00068402477
480,64,0.00064669084
481,64,0.00056242105
482,64,0.00042814296
483,64,0.00050226133
484,64,0.00013562292
485,64,0.0006322246
486,64,0.0007289117
487,64,0.0013181157
488,64,0.00022863504
489,64,0.00052811764
490,64,7.412862e-05
491,64,0.00047589745
492,64,0.00029839762
493,64,0.00072248187
494,64,0.00043635163
0,65,0.00085094385
1,65,0.00034972094
2,65,0.0012186142
3,65,0.0010703886
4,65,0.0007302519
5,65,0.0007724874
6,65,
7,65,
8,65,
9,65,
10,65,
11,65,
12,65,
13,65,
14,65,
15,65,
16,65,
17,65,
18,65,
19,65,
20,65,
21,65,
22,65,
23,65,
24,65,
25,65,
26,65,
27,65,
28,65,
29,65,0.00086848065
30,65,0.0008950308
31,65,0.00068370067
32,65,0.0003581494
33,65,0.00060658716
34,65,0.0010915054
35,65,0.0008525001
36,65,0.00018015224
37,65,0.00018527545
38,65,0.00034608413
39,65,0.00064090174
40,65,0.00035675988
41,65,0.00088459346
42,65,0.00045507122
43,65,0.0002823025
44,65,0.0006519146
45,65,4.480593e-05
46,65,0.00055486057
47,65,0.00036421046
48,65,0.0002583731
49,65,0.000113635324
50,65,2.3782253e-05
51,65,0.00066906866
52,65,0.00042083487
53,65,0.0006317571
54,65,0.0005812198
55,65,0.00050530024
56,65,0.00073921215
57,65,0.0009526154
58,65,0.00048507098
59,65,0.00060922373
60,65,0.00038560946
61,65,0.0007678624
62,65,0.00034590624
63,65,0.00063061994
64,65,0.0007459996
65,65,0.0005457243
66,65,0.00046863873
67,65,0.00012446567
68,65,0.0008733962
69,65,0.00036912505
70,65,7.513445e-05
71,65,4.174933e-05
72,65,0.00041906163
73,65,-1.1974014e-05
74,65,0.00073068775
75,65,0.0009300504
76,65,0.00017769821
77,65,0.0005950825
78,65,0.0006271647
79,65,0.00046245754
80,65,0.0011315849
81,65,0.0006326251
82,65,0.000786474
83,65,0.0005065501
84,65,0.0007302286
85,65,0.0008610338
86,65,0.0002506068
87,65,0.00011370517
88,65,0.00044225808
89,65,0.00039050542
90,65,0.00037645176
91,65,0.0007562572
92,65,0.00028401613
93,65,0.0004341891
94,65,0.0006612949
95,65,2.9845163e-05
96,65,
97,65,0.0007960452
98,65,
99,65,
100,65,
101,65,0.00069606956
102,65,
103,65,
104,65,
105,65,0.00027867407
106,65,0.00039235037
107,65,-0.0002110852
108,65,0.0006910991
109,65,0.0007522227
110,65,0.00062028784
111,65,6.2096864e-05
112,65,
113,65,
114,65,
115,65,
116,65,
117,65,
118,65,
119,65,
120,65,
121,65,
122,65,
123,65,
124,65,
125,65,
126,65,
127,65,
128,65,
129,65,
130,65,
131,65,
132,65,
133,65,
134,65,
135,65,
136,65,0.00073558
137,65,0.00055189244
138,65,
139,65,
140,65,
141,65,
142,65,
143,65,
144,65,
145,65,
146,65,
147,65,
148,65,
149,65,
150,65,4.151929e-05
151,65,
152,65,0.00099306
153,65,-0.00066890195
154,65,0.0009798585
155,65,0.001047302
156,65,0.00016661454
157,65,0.00063433964
158,65,0.001266147
159,65,0.00021143258
160,65,0.00018202513
161,65,0.00037366338
162,65,0.00020163227
163,65,-0.00047992263
164,65,0.0002766624
165,65,0.00092337746
166,65,2.2602268e-05
167,65,9.423122e-05
168,65,0.00011548679
169,65,0.00034713652
170,65,0.00090841204
171,65,0.0007520253
172,65,0.00042092334
173,65,0.0001314655
174,65,0.0009237388
175,65,0.00077036675
176,65,0.00047441013
177,65,0.00019196048
178,65,-2.973061e-05
179,65,0.00085823797
180,65,-0.00013829116
181,65,0.00073309056
182,65,0.00023262389
183,65,-0.00011422299
184,65,0.00034733862
185,65,0.00045750197
186,65,0.0006032074
187,65,-2.2803433e-05
188,65,0.00068334676
189,65,-0.00015974045
190,65,-0.00010836311
191,65,0.00016884506
192,65,0.0001579076
193,65,0.00015399605
194,65,0.001045296
195,65,0.0004068939
196,65,0.000302786
197,65,0.00044340082
198,65,0.0006390149
199,65,0.00060692616
200,65,0.0005974155
201,65,0.00024087541
202,65,9.994302e-05
203,65,0.0002754731
204,65,0.0004894873
205,65,0.00012641214
206,65,0.000109227374
207,65,0.0001229439
208,65,0.00011902116
209,65,0.00028760452
210,65,0.00044041686
211,65,0.0008067889
212,65,0.00072665233
213,65,0.0005892981
214,65,0.00056140404
215,65,0.00017206185
216,65,0.00051056594
217,65,0.00049690716
218,65,0.00094633084
219,65,0.0003950745
220,65,0.00019316375
221,65,0.00023793895
222,65,0.00034700427
223,65,0.0003928952
224,65,0.00042234734
225,65,0.0007108897
226,65,0.00075351074
227,65,0.00040185638
228,65,0.00033207797
229,65,0.00088356435
230,65,0.00047801156
231,65,0.00047228858
232,65,0.0006208103
233,65,0.0005835481
234,65,0.0006058756
235,65,0.00035862904
236,65,0.00051635504
237,65,0.00036815368
238,65,-0.000215156
239,65,0.00018383376
240,65,0.000491146
241,65,0.0002361983
242,65,0.00012746453
243,65,0.00044628605
244,65,0.00011834968
245,65,0.00047886837
246,65,0.00015419628
247,65,0.00081199687
248,65,0.00081591774
249,65,0.00052052457
250,65,0.0009663459
251,65,0.0006575426
252,65,0.00032678712
253,65,0.0010914812
254,65,0.00087082107
255,65,0.00021638721
256,65,0.0002344232
257,65,0.00093781203
258,65,0.00039279833
259,65,0.00085494015
260,65,0.00089942943
261,65,0.00091585517
262,65,0.00075117964
263,65,0.0006655976
264,65,0.0006511407
265,65,0.000375567
266,65,0.0008474551
267,65,0.00062142406
268,65,0.00032595266
269,65,0.00032098312
270,65,0.0009540152
271,65,0.00049951486
272,65,0.00053980947
273,65,0.00035280176
274,65,0.0007064501
275,65,0.00048512965
276,65,0.00079109333
277,65,0.0008762581
278,65,0.0005052164
279,65,0.00031149015
280,65,0.00061575044
281,65,0.00026269723
282,65,0.00047276635
283,65,0.00037486572
284,65,0.0003902521
285,65,0.00011273194
286,65,-0.0001308769
287,65,0.00077874307
288,65,0.00042806193
289,65,0.00049779937
290,65,0.00086135045
291,65,0.0005494952
292,65,0.00010651909
293,65,0.00022832304
294,65,0.0011258628
295,65,0.00048096664
296,65,0.00091211125
297,65,0.00039535202
298,65,0.00028507225
299,65,0.00048561115
300,65,0.0006661359
301,65,0.0008240435
302,65,0.000110403635
303,65,0.0006559044
304,65,0.00022348948
305,65,0.0006028302
306,65,0.00082267076
307,65,0.000731593
308,65,0.0008490905
309,65,0.00034543686
310,65,0.00022722688
311,65,0.00047483575
312,65,0.0010282416
313,65,0.0002916269
314,65,0.00054544955
315,65,0.0006434331
316,65,0.00038432516
317,65,0.001413702
318,65,0.00034550484
319,65,0.0006086407
320,65,0.0005252687
321,65,0.000782405
322,65,0.00057028513
323,65,0.00037675258
324,65,0.00038160384
325,65,0.0005947761
326,65,0.0007925462
327,65,0.0008486444
328,65,0.00026617292
329,65,0.00093103666
330,65,0.00094935764
331,65,0.000715388
332,65,0.00076477043
333,65,0.00016226899
334,65,0.0003229389
335,65,0.0007388396
336,65,0.00074928626
337,65,0.00035037287
338,65,0.0010120496
339,65,-8.374546e-05
340,65,0.000102185644
341,65,0.00079060346
342,65,0.00027451012
343,65,2.3656525e-05
344,65,0.0002573114
345,65,0.0006743381
346,65,9.158254e-05
347,65,0.0005044015
348,65,0.00027434714
349,65,0.00086013693
350,65,0.00048460905
351,65,0.00043708645
352,65,0.00037153438
353,65,0.0009508487
354,65,0.00042350963
355,65,0.00016347226
356,65,0.00072517525
357,65,0.00045246072
358,65,0.00019295141
359,65,0.00032285042
360,65,0.0003143046
361,65,0.00053207297
362,65,0.0004949849
363,65,0.0006926656
364,65,0.00029026158
365,65,0.0008215308
366,65,0.0010084286
367,65,0.0009845439
368,65,0.00077003427
369,65,0.00014095567
370,65,8.438155e-05
371,65,8.494407e-05
372,65,0.0006598858
373,65,0.0006796736
374,65,0.0005243905
375,65,0.00045187958
376,65,0.0005836813
377,65,0.0008013295
378,65,0.0005758144
379,65,0.0005178116
380,65,1.2926757e-05
381,65,0.00088556483
382,65,0.0006205747
383,65,0.0003679404
384,65,0.0008285362
385,65,0.00027866382
386,65,0.0009653233
387,65,0.00080579333
388,65,0.0005931575
389,65,0.0005379915
390,65,0.00092418026
391,65,0.000497818
392,65,0.00071703363
393,65,0.0002047997
394,65,0.00032057334
395,65,0.00047110114
396,65,0.0007144064
397,65,0.0007716641
398,65,0.00027464703
399,65,0.00087968726
400,65,0.00062511396
401,65,0.00094321463
402,65,0.00068757683
403,65,0.00060324837
404,65,0.00056870934
405,65,0.0008050464
406,65,3.3564866e-05
407,65,0.00046253856
408,65,0.0002614837
409,65,0.00022376701
410,65,0.0005898569
411,65,0.00011674035
412,65,0.0007966105
413,65,0.00043226779
414,65,0.00085153803
415,65,0.0004894715
416,65,0.00051749125
417,65,0.00019637588
418,65,0.0010028156
419,65,0.000951143
420,65,0.00054705236
421,65,0.00037672464
422,65,0.0006051194
423,65,0.00057347026
424,65,0.00067654345
425,65,3.8248487e-05
426,65,0.0004977081
427,65,0.00025838427
428,65,4.4782646e-05
429,65,0.00080744736
430,65,0.0006509153
431,65,0.000837435
432,65,0.00021342747
433,65,0.00094892737
434,65,0.0005547032
435,65,0.00032014586
436,65,0.0006083846
437,65,0.00105769
438,65,0.00075527467
439,65,0.0004602475
440,65,0.000525238
441,65,0.00092168525
442,65,0.00071113463
443,65,0.000680482
444,65,0.0005276529
445,65,0.00028455257
446,65,0.00073762797
447,65,0.00014415383
448,65,0.00086191576
449,65,0.00059245713
450,65,0.00024481304
451,65,0.0008111736
452,65,0.0006953478
453,65,0.00059599616
454,65,0.0002447581
455,65,0.00038447976
456,65,0.00079223234
457,65,0.00066725165
458,65,0.00040402915
459,65,0.0004816074
460,65,0.00066322554
461,65,0.0007134788
462,65,0.00029511098
463,65,0.00061090104
464,65,0.0008926522
465,65,2.961047e-05
466,65,0.0012972504
467,65,0.00036378484
468,65,0.00069083646
469,65,0.0006966051
470,65,0.00060156174
471,65,0.00085698254
472,65,0.00051595457
473,65,0.00066823885
474,65,9.437092e-06
475,65,0.0003296323
476,65,0.00012610387
477,65,0.0008943016
478,65,0.00034071598
479,65,0.00048892945
480,65,0.0012358641
481,65,0.00065367203
482,65,0.00013958104
483,65,0.00039623398
484,65,0.0008514067
485,65,0.0005029496
486,65,0.00049732067
487,65,-0.00018570106
488,65,0.0006400626
489,65,0.0002121618
490,65,0.0004126979
491,65,0.0006687967
492,65,0.00037194602
493,65,0.0007400159
494,65,0.0003386736
0,66,0.0013734372
1,66,0.0009873696
2,66,0.000281292
3,66,0.0007023262
4,66,0.0012184707
5,66,
6,66,
7,66,
8,66,
9,66,
10,66,
11,66,
12,66,
13,66,
14,66,
15,66,
16,66,
17,66,
18,66,
19,66,
20,66,
21,66,
22,66,
23,66,
24,66,
25,66,
26,66,0.00061475206
27,66,
28,66,
29,66,
30,66,0.0007926412
31,66,0.00048487727
32,66,0.00061685126
33,66,0.00037271064
34,66,0.000587631
35,66,0.0005501583
36,66,0.0007047821
37,66,0.00019186642
38,66,0.00020600669
39,66,0.0008158842
40,66,0.0004660599
41,66,0.0005197022
42,66,0.0006155949
43,66,0.0005499488
44,66,0.0012954501
45,66,0.0010332856
46,66,0.0007941015
47,66,0.00034948997
48,66,0.00044360012
49,66,0.00044616032
50,66,0.0003897259
51,66,0.00034486316
52,66,0.0005796701
53,66,0.00032808073
54,66,0.0006721746
55,66,0.000362101
56,66,0.0007702019
57,66,0.0004226677
58,66,0.00058511086
59,66,0.00047472212
60,66,5.4356642e-05
61,66,4.4155866e-05
62,66,0.0005085636
63,66,4.653819e-05
64,66,-4.4135377e-05
65,66,0.0006869575
66,66,-0.00022266712
67,66,0.00034096744
68,66,0.00042291265
69,66,0.00036125816
70,66,0.00064886734
71,66,0.00052121375
72,66,0.00094970595
73,66,0.0005551409
74,66,0.0009734351
75,66,0.00019365642
76,66,0.0005291151
77,66,0.0008852361
78,66,0.0004707519
79,66,0.0009529898
80,66,0.00052479375
81,66,0.00038631912
82,66,0.00015501957
83,66,0.0002689846
84,66,0.00066355336
85,66,0.0009899978
86,66,4.1007996e-05
87,66,0.00045855436
88,66,0.00044605043
89,66,0.0007516397
90,66,0.0006832145
91,66,0.00027480721
92,66,0.00046242215
93,66,0.0005010199
94,66,0.00034765154
95,66,0.00033716578
96,66,
97,66,
98,66,0.0005819993
99,66,
100,66,0.0007616263
101,66,
102,66,
103,66,
104,66,
105,66,0.000107080676
106,66,0.00046875235
107,66,0.00074235816
108,66,0.0007451065
109,66,0.00040009804
110,66,0.00039338693
111,66,
112,66,
113,66,
114,66,
115,66,
116,66,
117,66,
118,66,
119,66,
120,66,
121,66,
122,66,
123,66,
124,66,
125,66,
126,66,
127,66,
128,66,
129,66,
130,66,
131,66,
132,66,
133,66,
134,66,
135,66,
136,66,
137,66,
138,66,
139,66,
140,66,
141,66,
142,66,
143,66,
144,66,
145,66,
146,66,
147,66,
148,66,
149,66,
150,66,
151,66,
152,66,
153,66,0.000732868
154,66,0.00027397834
155,66,0.00026930775
156,66,0.0002961792
157,66,0.0002986025
158,66,0.0009403359
159,66,8.650683e-05
160,66,0.00064072385
161,66,0.00086050946
162,66,0.00054832455
163,66,2.461765e-05
164,66,0.00017076917
165,66,0.0005536629
166,66,0.00018779095
167,66,0.0002694102
168,66,0.0008161878
169,66,0.00033858232
170,66,2.5908463e-05
171,66,0.00028001145
172,66,0.00079999864
173,66,-0.00031315628
174,66,0.00029973686
175,66,0.00045195874
176,66,0.0005188482
177,66,-0.00020247605
178,66,0.00035175867
179,66,0.00046512298
180,66,0.00046169478
181,66,0.00050609186
182,66,0.00031575002
183,66,0.00028494187
184,66,0.00041504297
185,66,-0.00046978332
186,66,0.00029855967
187,66,0.00048750825
188,66,7.5215474e-05
189,66,0.00088504236
190,66,0.00037555955
191,66,0.00035388395
192,66,0.00022464525
193,66,0.00048486982
194,66,0.0005668616
195,66,0.00048546866
196,66,0.00035779364
197,66,-2.692733e-05
198,66,0.00032726396
199,66,0.0005699219
200,66,0.0010141805
201,66,0.0005524745
202,66,6.708875e-05
203,66,0.0007031588
204,66,0.00064048544
205,66,0.00044207275
206,66,0.0003180215
207,66,0.00030303933
208,66,0.00058395974
209,66,0.00030461233
210,66,0.0008467231
211,66,0.0005734535
212,66,0.00075400993
213,66,0.0003470052
214,66,0.0006594565
215,66,0.00027689524
216,66,-4.8181973e-05
217,66,0.00022170227
218,66,0.00030256808
219,66,0.00072531775
220,66,0.00025657192
221,66,0.00059747696
222,66,0.000839591
223,66,0.0005752491
224,66,0.00069188606
225,66,0.0009050537
226,66,0.0008043386
227,66,0.00038010813
228,66,0.0004378585
229,66,4.7254376e-05
230,66,-0.00023817644
231,66,-1.8478371e-05
232,66,0.0006486364
233,66,0.00044720434
234,66,9.945128e-05
235,66,0.0002728859
236,66,0.000986171
237,66,-0.00015323982
238,66,0.0002078861
239,66,0.000121854246
240,66,0.0006126594
241,66,0.0008551143
242,66,0.00072136335
243,66,-1.1714175e-05
244,66,0.0006049201
245,66,0.00038348325
246,66,0.0009006448
247,66,0.0005132323
248,66,0.00091542397
249,66,0.0009584138
250,66,0.000703251
251,66,0.0006935522
252,66,0.00033101905
253,66,0.00011051446
254,66,0.0009158738
255,66,0.0008437205
256,66,0.0006097499
257,66,0.00029701274
258,66,0.00064349733
259,66,0.00045499764
260,66,0.00014782883
261,66,0.00025872048
262,66,0.00070789456
263,66,0.0006976342
264,66,0.00041122176
265,66,0.00060454383
266,66,0.00024844334
267,66,5.3972006e-05
268,66,0.000790745
269,66,0.00078952964
270,66,0.0010770019
271,66,0.0006025303
272,66,0.0006440971
273,66,0.00049908366
274,66,0.00055285916
275,66,0.000575928
276,66,3.0416995e-06
277,66,0.0006733686
278,66,0.000522865
279,66,0.00079129636
280,66,0.00055470504
281,66,0.0007816814
282,66,0.00048262905
283,66,0.0006755814
284,66,0.0006282767
285,66,0.0005812235
286,66,0.00037779566
287,66,0.00053271186
288,66,0.00052451715
289,66,0.0008215979
290,66,0.0004269015
291,66,0.00031299237
292,66,6.312691e-05
293,66,0.00066025555
294,66,0.00023277756
295,66,0.0002788268
296,66,0.0002629999
297,66,0.00031869672
298,66,0.0004064804
299,66,0.00059019495
300,66,0.00069346465
301,66,0.0006388705
302,66,0.0007711835
303,66,0.000114033
304,66,0.0008778572
305,66,0.0007631304
306,66,0.00017575733
307,66,0.00048413873
308,66,0.00034512952
309,66,0.0006334204
310,66,0.0004924033
311,66,0.00077665783
312,66,0.000709272
313,66,0.000801418
314,66,0.00034357514
315,66,0.00041120313
316,66,0.00089280494
317,66,0.00017874781
318,66,0.00084275194
319,66,0.00073387194
320,66,0.0005022846
321,66,0.00036668684
322,66,0.0005251756
323,66,0.00086377375
324,66,0.0007617157
325,66,0.00076998863
326,66,0.00075696316
327,66,0.00095045473
328,66,0.000607715
329,66,0.00079183
330,66,0.0010787761
331,66,0.0006924849
332,66,0.0012248727
333,66,0.00039005745
334,66,-0.00012421887
335,66,0.0005327761
336,66,0.00080497377
337,66,0.0008010026
338,66,0.0005290322
339,66,0.0004722979
340,66,0.00043866225
341,66,0.00066016614
342,66,0.0010184012
343,66,0.0006697532
344,66,0.00013225898
345,66,0.00053521805
346,66,0.0008930098
347,66,0.00054392964
348,66,0.0003000656
349,66,0.00039995555
350,66,0.00068564434
351,66,0.00018509757
352,66,0.0008432148
353,66,0.0007671891
354,66,0.00054227374
355,66,0.00069669355
356,66,0.0006267
357,66,0.00032938458
358,66,0.0004011253
359,66,0.0006448971
360,66,0.000163096
361,66,0.000388626
362,66,0.0004141666
363,66,0.0008480521
364,66,0.00023956783
365,66,0.00064591225
366,66,0.0007308461
367,66,0.0008516349
368,66,0.00044185016
369,66,0.00038662832
370,66,0.00079856813
371,66,0.00051217247
372,66,0.00047333725
373,66,0.0002354905
374,66,0.00093688257
375,66,0.00045248587
376,66,0.00032641832
377,66,0.0007639611
378,66,0.0005911384
379,66,0.00041824486
380,66,0.0006429143
381,66,0.0006584376
382,66,0.00035055447
383,66,0.00027867313
384,66,0.00062313024
385,66,0.00077741686
386,66,0.00091070123
387,66,0.00090336055
388,66,0.00052767526
389,66,0.0008520307
390,66,0.00070055295
391,66,0.0006953506
392,66,0.00035582576
393,66,0.0009854296
394,66,0.00026691798
395,66,0.0010179849
396,66,0.00052215066
397,66,0.0010226872
398,66,0.0005231742
399,66,0.00060259085
400,66,0.00097452104
401,66,0.0010609208
402,66,0.00047509093
403,66,0.000392586
404,66,0.00057354383
405,66,0.0006535165
406,66,0.0006812252
407,66,0.0006542597
408,66,0.00021554623
409,66,0.00029440504
410,66,0.00035756174
411,66,0.001148887
412,66,0.0008112453
413,66,0.00082251243
414,66,0.0007543182
415,66,0.00092758425
416,66,0.0011139354
417,66,0.0011896454
418,66,3.223587e-05
419,66,0.00050787255
420,66,0.0007456532
421,66,0.00063668936
422,66,0.0008479394
423,66,0.00049060304
424,66,0.0005762968
425,66,0.00057727005
426,66,0.0006847372
427,66,0.0008203797
428,66,-0.00042631757
429,66,2.5825575e-05
430,66,0.0007415721
431,66,-6.266311e-05
432,66,-4.4682063e-05
433,66,0.00083672255
434,66,0.001113534
435,66,0.00085267704
436,66,0.0007029101
437,66,0.0009560343
438,66,0.00082468055
439,66,0.0007431647
440,66,0.0007495694
441,66,0.0008288929
442,66,0.00055477675
443,66,0.00036236458
444,66,0.0004360117
445,66,0.0012198575
446,66,-2.0517036e-05
447,66,0.0007574335
448,66,0.0007065106
449,66,0.00067571085
450,66,0.00087745953
451,66,0.0003396105
452,66,0.00073043443
453,66,0.00061526056
454,66,0.0006308751
455,66,0.00047286227
456,66,0.000672942
457,66,-0.0003172774
458,66,0.0006943606
459,66,0.0008860538
460,66,0.0006223507
461,66,0.00040796027
462,66,0.00034747738
463,66,0.0013524666
464,66,0.0010227878
465,66,0.0010402892
466,66,0.0006455844
467,66,0.0004916638
468,66,-9.19234e-05
469,66,0.00092067756
470,66,0.00036459696
471,66,0.0004698448
472,66,0.00042201392
473,66,0.00046998635
474,66,0.00094901863
475,66,0.00045333523
476,66,0.00082306284
477,66,7.479917e-05
478,66,0.0004059719
479,66,0.00035060197
480,66,0.0006467113
481,66,0.0010845624
482,66,0.00038506277
483,66,0.0005265856
484,66,6.398186e-05
485,66,0.0008945698
486,66,0.00034379587
487,66,0.00018973183
488,66,0.0007834239
489,66,0.00094279647
490,66,0.0005513448
491,66,0.00063495524
492,66,0.0004710555
493,66,0.00061028823
494,66,0.0004806472
0,67,0.0011440199
1,67,0.00080053136
2,67,0.0011996552
3,67,0.0006168904
4,67,
5,67,0.0011100713
6,67,
7,67,
8,67,
9,67,
10,67,
11,67,
12,67,
13,67,
14,67,
15,67,
16,67,
17,67,
18,67,
19,67,
20,67,
21,67,
22,67,
23,67,
24,67,
25,67,
26,67,
27,67,
28,67,0.00056022685
29,67,
30,67,-0.0002220422
31,67,0.00041215587
32,67,0.00015386473
33,67,0.00063191634
34,67,0.00073308684
35,67,0.0008376371
36,67,0.0007445216
37,67,3.6519952e-05
38,67,0.00063850917
39,67,0.0002797898
40,67,0.00055303983
41,67,0.00044699386
42,67,0.0005116649
43,67,0.0006394079
44,67,0.00051535945
45,67,0.0005229097
46,67,0.00022531487
47,67,0.00019894261
48,67,-6.7759305e-05
49,67,0.00036780443
50,67,0.0008426914
51,67,0.00054758415
52,67,0.00042246934
53,67,0.0008356953
54,67,0.0008371398
55,67,0.0006350791
56,67,0.00025238376
57,67,0.0006724
58,67,0.00043503847
59,67,0.0007678112
60,67,0.0007124748
61,67,0.000832838
62,67,0.00055635255
63,67,0.00063939765
64,67,0.00041660666
65,67,0.00040128175
66,67,0.00024460442
67,67,0.000711591
68,67,0.0007381048
69,67,0.0005256776
70,67,0.00043640286
71,67,0.0006964104
72,67,0.00060414243
73,67,0.00025039632
74,67,0.0005835416
75,67,0.0009646686
76,67,0.0011334922
77,67,0.00049538445
78,67,0.00072174985
79,67,0.0005902797
80,67,0.0007327832
81,67,0.00072027557
82,67,0.0016219104
83,67,0.00027802028
84,67,0.00076239463
85,67,0.0002762191
86,67,-7.8990124e-05
87,67,0.00035135727
88,67,0.00015515741
89,67,0.0008180151
90,67,0.0006643245
91,67,0.00040091388
92,67,0.00026436523
93,67,0.00039286725
94,67,-0.00030415133
95,67,0.00036304444
96,67,0.0005767299
97,67,0.0005902201
98,67,0.0009915978
99,67,
100,67,0.00051637646
101,67,0.0008493401
102,67,
103,67,
104,67,
105,67,0.00046321005
106,67,0.0003578458
107,67,0.00041837804
108,67,0.00042567123
109,67,0.00047083478
110,67,-5.8459118e-05
111,67,
112,67,
113,67,
114,67,
115,67,
116,67,0.00014477968
117,67,
118,67,
119,67,
120,67,
121,67,
122,67,
123,67,
124,67,
125,67,
126,67,
127,67,
128,67,
129,67,
130,67,
131,67,
132,67,
133,67,
134,67,
135,67,
136,67,
137,67,
138,67,
139,67,
140,67,
141,67,
142,67,
143,67,
144,67,
145,67,
146,67,
147,67,
148,67,
149,67,
150,67,
151,67,
152,67,
153,67,
154,67,0.00054522976
155,67,0.0008875076
156,67,0.00028945226
157,67,0.00020338781
158,67,0.0010503791
159,67,0.0005302243
160,67,0.00069599133
161,67,0.0006101057
162,67,9.934418e-06
163,67,0.0008615386
164,67,0.0006788727
165,67,0.00056988746
166,67,0.00094141904
167,67,0.0003009271
168,67,0.0005013421
169,67,0.00073820446
170,67,0.00033345912
171,67,8.568261e-05
172,67,9.14745e-05
173,67,0.0004634969
174,67,0.0002470892
175,67,0.00037363172
176,67,0.0002161162
177,67,0.00037936214
178,67,0.0002543265
179,67,0.00041743182
180,67,0.000527611
181,67,0.0002619559
182,67,0.0003582649
183,67,0.00019622874
184,67,0.00032745954
185,67,-0.00023825187
186,67,0.00015660375
187,67,0.000703834
188,67,0.0008516172
189,67,0.00048660487
190,67,0.00039310753
191,67,0.00022287201
192,67,0.00023697782
193,67,0.00034575537
194,67,0.0007818155
195,67,0.00034682732
196,67,0.00046931207
197,67,0.0007829601
198,67,-0.00024716742
199,67,0.00047636312
200,67,0.00038608443
201,67,0.0006600516
202,67,0.0007998822
203,67,0.00075276196
204,67,0.00044661202
205,67,0.0008106027
206,67,0.0005245246
207,67,-0.00030073896
208,67,0.00026849099
209,67,0.00027745217
210,67,0.0005952688
211,67,0.00031622313
212,67,0.0006352933
213,67,0.00041952357
214,67,0.00039342605
215,67,0.0005613547
216,67,0.00039809197
217,67,0.00050548464
218,67,0.00038906932
219,67,0.0005284427
220,67,0.00019437633
221,67,0.0009159809
222,67,0.00019060262
223,67,0.00032565184
224,67,0.0002874285
225,67,0.0007411549
226,67,0.00060417503
227,67,0.0005292725
228,67,0.00031707995
229,67,0.00040809996
230,67,0.00055224914
231,67,0.0005107401
232,67,0.00079729874
233,67,0.0005362658
234,67,0.00066783745
235,67,0.00028453488
236,67,0.0004885057
237,67,0.0005165469
238,67,0.00034610368
239,67,0.0004357919
240,67,0.00039762538
241,67,0.00025282707
242,67,0.0006774962
243,67,0.00058010314
244,67,0.000355375
245,67,0.0001872871
246,67,0.00037924945
247,67,0.001101749
248,67,0.00043466967
249,67,0.00042929873
250,67,0.0009423988
251,67,0.0002441192
252,67,0.00035380665
253,67,0.00086363684
254,67,0.0006086612
255,67,0.00022925716
256,67,0.0005140165
257,67,0.0005253069
258,67,0.0006458778
259,67,0.00037635397
260,67,0.00057644956
261,67,0.0002883952
262,67,0.0003997907
263,67,0.0003091758
264,67,0.00050636474
265,67,0.00060698297
266,67,0.000960093
267,67,0.00061018486
268,67,0.0003036065
269,67,0.00063888915
270,67,0.0008907914
271,67,0.00062277727
272,67,0.0009788042
273,67,0.00042545982
274,67,0.0007351991
275,67,0.00048295595
276,67,0.0006064046
277,67,0.00043832976
278,67,0.0010045636
279,67,0.00058729295
280,67,0.00083241705
281,67,0.00053626206
282,67,0.0006539421
283,67,0.0008223299
284,67,0.00031510275
285,67,0.00029848516
286,67,0.00076083466
287,67,0.00054642744
288,67,0.00037237816
289,67,0.0005885819
290,67,0.00041227695
291,67,0.00024206936
292,67,0.0006446773
293,67,0.0008602645
294,67,0.0003314279
295,67,1.3539568e-05
296,67,0.00021438766
297,67,0.0002091052
298,67,0.00039377622
299,67,0.00079617556
300,67,-0.00030710548
301,67,0.0007386282
302,67,0.0004661912
303,67,0.000794163
304,67,0.00079181977
305,67,0.00065511465
306,67,0.0011313306
307,67,0.0007406147
308,67,0.0007668454
309,67,0.00044761505
310,67,0.0006620819
311,67,0.0008307863
312,67,0.0012454242
313,67,0.001099484
314,67,0.0008661356
315,67,0.0006466443
316,67,0.00087606255
317,67,0.00075710565
318,67,0.00030582026
319,67,0.00018862728
320,67,0.0007605832
321,67,0.0009532161
322,67,0.00034101866
323,67,0.0009488901
324,67,0.00016187411
325,67,0.0011251532
326,67,0.0009340113
327,67,0.00063509867
328,67,0.00055418164
329,67,0.0009510666
330,67,0.000798692
331,67,0.0006670933
332,67,0.00033899024
333,67,0.00086430553
334,67,0.00086396094
335,67,0.0005363021
336,67,0.00092847925
337,67,0.00052156486
338,67,-8.260831e-07
339,67,0.00011056941
340,67,3.344938e-05
341,67,0.00059409253
342,67,0.00016481895
343,67,0.00046029687
344,67,0.001438424
345,67,0.00063589215
346,67,0.0005094595
347,67,0.00087476615
348,67,0.000728949
349,67,0.00051920395
350,67,0.0003998382
351,67,0.00051752105
352,67,0.00058886595
353,67,0.0005182922
354,67,0.00093668886
355,67,0.00066104904
356,67,0.00085324235
357,67,0.0006119665
358,67,0.00077784806
359,67,0.00010981411
360,67,0.00075325556
361,67,0.0009859353
362,67,0.00051985495
363,67,0.00093311444
364,67,0.0006115362
365,67,0.0003547063
366,67,0.00063010864
367,67,0.0004612105
368,67,0.0001272047
369,67,0.0004908163
370,67,0.00028441753
371,67,0.00016489625
372,67,8.124858e-05
373,67,0.00064425357
374,67,0.0006247284
375,67,0.0005246615
376,67,0.00034342054
377,67,0.0005474426
378,67,0.00041329954
379,67,0.0008541234
380,67,-3.8937666e-05
381,67,-0.000150471
382,67,0.00038379338
383,67,0.00064661633
384,67,0.001013414
385,67,0.0009243218
386,67,0.0009939754
387,67,0.00040934887
388,67,0.00084910076
389,67,0.00061364286
390,67,0.00063071586
391,67,0.00056353305
392,67,0.00029174984
393,67,0.00057909917
394,67,0.0005285563
395,67,0.0006515058
396,67,0.0010368321
397,67,0.00075655617
398,67,0.0006647054
399,67,0.00049168617
400,67,0.00083691534
401,67,0.0011790991
402,67,0.0008632671
403,67,0.00060887914
404,67,0.001217111
405,67,0.00067860447
406,67,0.0009773988
407,67,0.00030486658
408,67,0.00031495094
409,67,0.00056196284
410,67,-8.0420636e-05
411,67,0.00080534816
412,67,0.0005511809
413,67,0.0007415619
414,67,-3.403146e-05
415,67,0.0002550725
416,67,0.0011493182
417,67,0.0005809497
418,67,0.0005225772
419,67,0.00025705062
420,67,0.00071513094
421,67,0.0007209638
422,67,0.0007966906
423,67,0.00027035642
424,67,0.0003976375
425,67,0.0004559541
426,67,0.0010314947
427,67,0.0013297861
428,67,0.0005694516
429,67,0.0007733442
430,67,9.8467804e-05
431,67,0.00024867337
432,67,0.0004707286
433,67,0.00052557513
434,67,0.001173934
435,67,0.0004077386
436,67,8.1335194e-05
437,67,0.00026114937
438,67,0.0013509495
439,67,0.00043686107
440,67,0.0006932039
441,67,0.00018629804
442,67,0.0003059432
443,67,0.00068832096
444,67,0.0006864257
445,67,0.0010963976
446,67,0.00038654264
447,67,0.00081423577
448,67,0.0011569113
449,67,0.00077018235
450,67,0.0007624673
451,67,0.0005348129
452,67,0.00036424957
453,67,0.0002821125
454,67,0.0010975618
455,67,0.00040361565
456,67,0.0001153145
457,67,1.4045276e-05
458,67,2.7887523e-05
459,67,0.0010011755
460,67,0.00045952946
461,67,0.00050026923
462,67,0.00084251165
463,67,0.00063061714
464,67,0.00076836906
465,67,0.0006533358
466,67,0.00067384075
467,67,0.00030205864
468,67,0.00042807497
469,67,0.0007646
470,67,0.00084193144
471,67,0.0011284165
472,67,0.0001568729
473,67,0.00064299535
474,67,0.00036047585
475,67,0.000497777
476,67,0.0010857517
477,67,0.0006127581
478,67,0.00088484026
479,67,0.00064448174
480,67,0.0004171366
481,67,0.00045025628
482,67,0.00042679906
483,67,0.00096469
484,67,0.0009901067
485,67,0.00021066982
486,67,0.00080439076
487,67,0.00050839037
488,67,0.0006001815
489,67,0.00051157735
490,67,0.00066553056
491,67,0.0005552275
492,67,0.0004885262
493,67,0.0005314518
494,67,0.00059433095
0,68,0.00093401875
1,68,0.0008537052
2,68,0.00085122604
3,68,0.00082738977
4,68,0.001155261
5,68,0.00092319027
6,68,
7,68,
8,68,
9,68,
10,68,
11,68,
12,68,
13,68,
14,68,
15,68,
16,68,
17,68,
18,68,
19,68,
20,68,
21,68,
22,68,
23,68,
24,68,
25,68,
26,68,
27,68,
28,68,0.0004611211
29,68,0.00010652002
30,68,0.0004853541
31,68,0.00060658436
32,68,2.6132911e-05
33,68,0.0004317481
34,68,0.00063417945
35,68,0.0006241184
36,68,9.099394e-05
37,68,0.0011047823
38,68,0.00031623524
39,68,0.0009147525
40,68,
41,68,0.0006921571
42,68,9.737257e-05
43,68,0.00051679835
44,68,0.00037861615
45,68,0.00050559174
46,68,0.00042214058
47,68,0.000674827
48,68,0.00074915495
49,68,0.00040598866
50,68,0.0003708601
51,68,0.00037128106
52,68,0.0006274665
53,68,0.0008839723
54,68,0.00040047988
55,68,0.00052008685
56,68,0.00080433115
57,68,0.0006532986
58,68,0.0006735129
59,68,0.00067653507
60,68,0.00040434487
61,68,0.00077764504
62,68,0.0005714046
63,68,0.00084630214
64,68,0.0011252947
65,68,0.00027080812
66,68,0.0007373523
67,68,0.00025011133
68,68,0.0005340744
69,68,0.00015382562
70,68,8.793734e-05
71,68,0.00092667807
72,68,0.00040495954
73,68,0.00047165155
74,68,3.507547e-05
75,68,0.00033565052
76,68,0.00039386097
77,68,0.00053860806
78,68,-6.9872476e-05
79,68,0.00040478073
80,68,0.00025412254
81,68,0.0007591788
82,68,0.00039173104
83,68,0.0005563693
84,68,0.00013145152
85,68,0.0005661892
86,68,0.0006938679
87,68,0.00045322627
88,68,0.0005427012
89,68,0.0005555246
90,68,0.0005020201
91,68,0.0006714938
92,68,0.00055001304
93,68,0.00037144776
94,68,0.0006947275
95,68,0.00028613769
96,68,0.00022992864
97,68,0.00025436655
98,68,0.00063349865
99,68,0.00040693488
100,68,
101,68,
102,68,
103,68,
104,68,0.00068945903
105,68,0.00042488985
106,68,0.0005273577
107,68,0.0008174516
108,68,-0.00018098205
109,68,0.00050328113
110,68,0.00044865813
111,68,
112,68,
113,68,
114,68,
115,68,
116,68,
117,68,
118,68,
119,68,
120,68,
121,68,
122,68,
123,68,
124,68,
125,68,
126,68,
127,68,
128,68,
129,68,0.00087250397
130,68,
131,68,
132,68,
133,68,
134,68,
135,68,
136,68,
137,68,
138,68,
139,68,
140,68,
141,68,
142,68,
143,68,
144,68,
145,68,
146,68,
147,68,
148,68,
149,68,
150,68,
151,68,
152,68,
153,68,
154,68,0.000869181
155,68,0.0004312815
156,68,0.00056471676
157,68,0.00096035004
158,68,0.00042930245
159,68,-0.00035039708
160,68,0.00035722088
161,68,0.00065738894
162,68,0.000530445
163,68,0.0003966838
164,68,0.00071517564
165,68,0.00033442304
166,68,0.00029072445
167,68,0.00020528864
168,68,0.0003337115
169,68,0.0002706023
170,68,0.00093364157
171,68,0.00038369838
172,68,0.0007954072
173,68,0.00051325373
174,68,0.0005073305
175,68,-5.463138e-06
176,68,0.0004604021
177,68,0.00026766583
178,68,0.00016524922
179,68,0.00041336846
180,68,0.0004359614
181,68,0.00032174308
182,68,0.00020035543
183,68,9.9482015e-05
184,68,0.00096832775
185,68,0.00058580004
186,68,0.00024905894
187,68,0.00027190987
188,68,-0.000167788
189,68,0.00065490045
190,68,0.0006892495
191,68,0.0009301882
192,68,0.00030522235
193,68,0.0003807349
194,68,0.000572619
195,68,0.0006935736
196,68,0.0005102772
197,68,0.00022688974
198,68,0.0002731718
199,68,0.0002981946
200,68,0.0002938658
201,68,0.0005043298
202,68,0.000587753
203,68,0.00039729476
204,68,0.00052981824
205,68,0.0001824107
206,68,0.0008538151
207,68,0.0009018108
208,68,0.00013838429
209,68,0.0002596723
210,68,0.0002364926
211,68,0.00061275903
212,68,0.0006611217
213,68,0.0007894859
214,68,0.00020237453
215,68,0.0008025998
216,68,0.00032281782
217,68,0.00058683474
218,68,0.00021846034
219,68,0.00075198524
220,68,0.0006646374
221,68,0.00046392344
222,68,0.0004901327
223,68,0.0006095432
224,68,0.00038150977
225,68,0.00082826335
226,68,0.0006416496
227,68,0.0005578082
228,68,0.00039749686
229,68,0.00039762538
230,68,0.0003002081
231,68,-0.00017244834
232,68,0.00034246407
233,68,0.0008454593
234,68,0.0005839383
235,68,0.000691616
236,68,0.00034002122
237,68,-6.78543e-05
238,68,0.0003795838
239,68,-6.718747e-05
240,68,0.0007041469
241,68,0.00067996327
242,68,0.00030107796
243,68,0.0002933517
244,68,0.0009171674
245,68,0.00030821748
246,68,0.0001286678
247,68,0.00023195613
248,68,0.0006048344
249,68,-2.1810643e-05
250,68,0.00020642392
251,68,0.00076661166
252,68,0.00029953383
253,68,0.00068543945
254,68,0.00061153714
255,68,0.000454681
256,68,0.0006480962
257,68,0.00055108033
258,68,0.0005953247
259,68,0.0006237803
260,68,0.000772642
261,68,0.0009965086
262,68,0.0006302679
263,68,0.00023807306
264,68,0.000854386
265,68,0.0006341636
266,68,0.0008957498
267,68,0.00071907137
268,68,0.00070227403
269,68,0.00085105747
270,68,0.00086113345
271,68,0.00066920556
272,68,0.00039853435
273,68,0.0010169363
274,68,0.0010985341
275,68,0.0005910378
276,68,0.0008609444
277,68,0.00093115866
278,68,0.00024493784
279,68,0.00054354686
280,68,0.00065740943
281,68,0.0010494646
282,68,0.0005794056
283,68,0.00031507388
284,68,0.0008052485
285,68,0.0004404802
286,68,0.00058810133
287,68,0.00049591064
288,68,0.0010787332
289,68,0.0009995447
290,68,0.0006494336
291,68,7.38306e-05
292,68,0.00024014805
293,68,0.00022280868
294,68,0.00044676103
295,68,0.0006805137
296,68,0.00035978016
297,68,0.0009316746
298,68,0.0008912999
299,68,4.2844564e-05
300,68,0.0008338308
301,68,0.00042825285
302,68,0.0003652582
303,68,0.000599429
304,68,0.0007113777
305,68,0.000615621
306,68,0.0007193852
307,68,0.0007171938
308,68,0.00064371433
309,68,0.00029097125
310,68,0.00039053336
311,68,0.0010623587
312,68,0.00067883823
313,68,0.00093244575
314,68,0.00067467894
315,68,0.00081569515
316,68,0.00013236143
317,68,0.0010175295
318,68,0.0006076554
319,68,0.0006175656
320,68,0.00039726123
321,68,0.00043999217
322,68,0.00068700314
323,68,0.000488895
324,68,0.0005819816
325,68,0.00085567497
326,68,0.0003972631
327,68,0.0004665777
328,68,0.00045013148
329,68,0.00034563802
330,68,5.7356432e-05
331,68,0.0005240906
332,68,0.00069189444
333,68,0.00058429595
334,68,0.0007513957
335,68,0.00066754594
336,68,0.0008524675
337,68,0.00022319611
338,68,0.00036539137
339,68,0.00053966884
340,68,8.996762e-05
341,68,0.00065319706
342,68,0.00046518538
343,68,0.00014866609
344,68,0.0006972654
345,68,0.00026723277
346,68,0.0011299048
347,68,0.0003235722
348,68,0.00053891726
349,68,0.00031019934
350,68,0.00094386004
351,68,0.00046026427
352,68,0.00076185167
353,68,0.0006159842
354,68,0.00033934414
355,68,0.00011192076
356,68,0.00082506984
357,68,0.00058250874
358,68,0.0007832097
359,68,0.00033995043
360,68,0.000258442
361,68,4.0760264e-05
362,68,0.0005524047
363,68,0.000797268
364,68,0.00075048767
365,68,0.0007820809
366,68,5.276967e-05
367,68,0.0008184388
368,68,0.00056346785
369,68,0.00041316263
370,68,0.00013220683
371,68,0.0010255324
372,68,0.0008651037
373,68,0.0006106859
374,68,0.0006939145
375,68,0.00080333
376,68,0.00067526195
377,68,0.0002159914
378,68,0.0011091447
379,68,0.00012480281
380,68,0.0012200708
381,68,0.00047260616
382,68,0.00085980445
383,68,0.0007778881
384,68,0.0008255094
385,68,0.00070396625
386,68,0.00071753
387,68,0.0006477032
388,68,0.0010982715
389,68,0.0008140709
390,68,0.00089649484
391,68,0.000635148
392,68,0.0005795695
393,68,0.00060065463
394,68,0.0005966658
395,68,0.0006982293
396,68,0.00087068044
397,68,0.0011041546
398,68,0.0010723835
399,68,0.0005838135
400,68,0.00077779405
401,68,0.0012192959
402,68,0.00057443604
403,68,0.000620055
404,68,0.00075063854
405,68,0.00064226985
406,68,0.00056827813
407,68,0.000636369
408,68,0.00034556724
409,68,0.0007544961
410,68,-0.00018033758
411,68,0.00049491227
412,68,0.00010596216
413,68,0.00039058737
414,68,0.0008468991
415,68,0.00072039384
416,68,0.0006472552
417,68,0.0006656721
418,68,0.0007803524
419,68,0.0010356158
420,68,0.00079396646
421,68,0.0009972388
422,68,0.00059719104
423,68,0.00075093284
424,68,0.00038788654
425,68,0.00068692863
426,68,0.0005600313
427,68,0.0007148823
428,68,0.00035534054
429,68,5.460996e-05
430,68,0.00079050567
431,68,0.00078928936
432,68,0.0004753396
433,68,0.0004749531
434,68,0.00051432755
435,68,0.00080579333
436,68,0.0010249214
437,68,0.000608922
438,68,0.0007315483
439,68,0.00068814587
440,68,0.00093530025
441,68,0.000924401
442,68,-0.0002524685
443,68,0.00076811854
444,68,0.00065238867
445,68,0.000822193
446,68,0.0004000608
447,68,0.0005553197
448,68,0.00076038577
449,68,0.00054426026
450,68,0.0006535342
451,68,0.00030199904
452,68,0.0009280881
453,68,0.00069980696
454,68,0.0009455867
455,68,0.0008118572
456,68,0.000743798
457,68,0.00039416458
458,68,0.00094589964
459,68,0.0002286993
460,68,0.00055521075
461,68,0.0009744186
462,68,0.00022341032
463,68,0.000654879
464,68,0.0006694114
465,68,0.00020140223
466,68,0.000821827
467,68,0.0007845536
468,68,0.00068443734
469,68,0.00030111242
470,68,0.00046832487
471,68,0.0005713869
472,68,0.0006050877
473,68,0.0005091913
474,68,0.0005774107
475,68,0.0007280614
476,68,0.00057080295
477,68,0.00070071314
478,68,0.00013171881
479,68,0.00056499336
480,68,0.00024681445
481,68,0.00045919325
482,68,0.00018252991
483,68,0.00012892205
484,68,0.0005327128
485,68,-0.0001776712
486,68,4.0090643e-05
487,68,0.000648845
488,68,0.00031219795
489,68,0.0006280951
490,68,0.0006131353
491,68,0.00055253785
492,68,0.0006260695
493,68,0.0009888243
494,68,0.00046957564
0,69,0.00094099157
1,69,0.00017618947
2,69,0.0005769562
3,69,
4,69,2.1904707e-05
5,69,0.00079715997
6,69,
7,69,
8,69,
9,69,
10,69,
11,69,
12,69,
13,69,
14,69,
15,69,
16,69,
17,69,
18,69,
19,69,
20,69,
21,69,
22,69,
23,69,
24,69,
25,69,
26,69,
27,69,0.00033375248
28,69,0.0005618911
29,69,0.0007060012
30,69,0.0009647431
31,69,0.00015991181
32,69,0.0002468014
33,69,0.00077103544
34,69,0.000549973
35,69,0.00049389433
36,69,0.001101736
37,69,0.0006496655
38,69,0.00056846533
39,69,0.0006698705
40,69,0.0011213049
41,69,0.00015572645
42,69,0.00052034017
43,69,0.00062661525
44,69,0.00041154958
45,69,0.00050016213
46,69,0.00026207417
47,69,0.0008528847
48,69,0.0008463152
49,69,0.000505412
50,69,0.00044330303
51,69,0.00014574453
52,69,0.00011534523
53,69,2.1550804e-06
54,69,-0.00037222728
55,69,0.0003032647
56,69,1.620967e-05
57,69,0.00038692076
58,69,0.00030096434
59,69,0.00041961577
60,69,-0.00017940905
61,69,0.0002543293
62,69,0.00042873062
63,69,0.00082802214
64,69,0.0007612547
65,69,0.0003344305
66,69,0.00031887554
67,69,0.0009749634
68,69,0.00010821596
69,69,0.00020575803
70,69,-0.00018251315
71,69,0.0008045649
72,69,0.00083050784
73,69,0.00059507135
74,69,0.00059468485
75,69,0.00086932536
76,69,0.00032458175
77,69,0.0004990911
78,69,0.00019878708
79,69,0.00047744624
80,69,0.0005839644
81,69,0.0004387442
82,69,9.5208175e-05
83,69,0.00045410078
84,69,0.00047846977
85,69,0.000777768
86,69,0.00062521733
87,69,0.00013913307
88,69,0.0006930353
89,69,0.0004815329
90,69,0.0007795915
91,69,0.00096454937
92,69,0.0005520955
93,69,0.0003810525
94,69,0.0008705463
95,69,0.0006929068
96,69,0.00014113449
97,69,3.4393743e-06
98,69,0.0008395035
99,69,0.0008336473
100,69,
101,69,0.0009422451
102,69,0.0004749978
103,69,
104,69,0.001203822
105,69,0.00069850776
106,69,0.0003365297
107,69,0.00060173403
108,69,0.0002731979
109,69,6.8632886e-05
110,69,
111,69,
112,69,
113,69,
114,69,
115,69,
116,69,
117,69,
118,69,
119,69,
120,69,
121,69,
122,69,
123,69,
124,69,
125,69,
126,69,
127,69,
128,69,
129,69,
130,69,
131,69,
132,69,
133,69,
134,69,
135,69,
136,69,
137,69,
138,69,
139,69,0.00062368345
140,69,
141,69,6.595068e-05
142,69,
143,69,
144,69,
145,69,
146,69,
147,69,
148,69,
149,69,
150,69,
151,69,
152,69,
153,69,
154,69,-0.00024893228
155,69,0.00039539207
156,69,9.870157e-06
157,69,0.00068355445
158,69,0.0005483236
159,69,0.0003808355
160,69,0.00041911379
161,69,0.000508843
162,69,0.0004997505
163,69,0.00027730688
164,69,0.00085048936
165,69,0.00032089744
166,69,0.00013430696
167,69,-4.1689724e-05
168,69,0.00014385954
169,69,0.00060046464
170,69,0.00066037383
171,69,0.0005426733
172,69,0.00071984716
173,69,0.00049930345
174,69,0.0008816477
175,69,0.00043455325
176,69,5.53485e-05
177,69,0.00039855856
178,69,0.0006598234
179,69,0.00035664625
180,69,0.00070311036
181,69,0.000747364
182,69,0.0006100731
183,69,0.00079947896
184,69,0.0006401092
185,69,-9.754859e-05
186,69,0.0005016988
187,69,-2.949033e-05
188,69,0.00052007847
189,69,0.0003993502
190,69,-0.00021773018
191,69,0.00021310803
192,69,0.0005893968
193,69,0.0005277023
194,69,3.7401915e-05
195,69,0.0008647293
196,69,0.000527964
197,69,0.0004567681
198,69,0.00019639824
199,69,0.00082421396
200,69,0.00034755468
201,69,0.00049687177
202,69,0.0009403229
203,69,0.00063332357
204,69,0.0001921365
205,69,0.00032931007
206,69,0.00056421105
207,69,0.000769387
208,69,6.5414235e-05
209,69,0.00061925594
210,69,0.00042641535
211,69,0.00031065755
212,69,-5.364511e-05
213,69,0.00056752097
214,69,7.547438e-05
215,69,0.00021350011
216,69,0.00043578073
217,69,9.201933e-05
218,69,0.00019542594
219,69,0.00033682026
220,69,0.00032008067
221,69,0.0001317896
222,69,0.00032981113
223,69,0.0003471272
224,69,0.0006090868
225,69,-0.00040863734
226,69,0.0001054313
227,69,-8.021481e-05
228,69,0.00064843055
229,69,0.0008191718
230,69,0.0008077342
231,69,0.0010590395
232,69,0.0006798422
233,69,7.1364455e-05
234,69,0.0001896834
235,69,0.0007127328
236,69,0.00054832455
237,69,0.0005467953
238,69,0.00060763676
239,69,0.00015446637
240,69,0.00046359375
241,69,0.0004610708
242,69,0.00045979675
243,69,0.00097161066
244,69,0.00063925795
245,69,0.0003373837
246,69,0.000831835
247,69,0.00046419166
248,69,0.00032330025
249,69,0.0005236352
250,69,0.0005134214
251,69,0.0007629711
252,69,0.00047164876
253,69,0.00068855286
254,69,0.0011066198
255,69,0.0006136857
256,69,0.00097368844
257,69,0.0010316465
258,69,0.0003434075
259,69,0.0011178143
260,69,0.0007988727
261,69,0.0009066034
262,69,0.00047524087
263,69,0.00023538154
264,69,0.0005233288
265,69,0.00038155448
266,69,0.00071372185
267,69,0.0012374921
268,69,0.0005092686
269,69,0.00069011655
270,69,0.0010269247
271,69,8.9095905e-05
272,69,0.00082529243
273,69,0.00050541013
274,69,0.00048534945
275,69,0.0009265328
276,69,0.00056418683
277,69,0.00081101805
278,69,0.000750307
279,69,0.00030470826
280,69,0.00073898025
281,69,0.00047653634
282,69,0.00061397813
283,69,0.0006548362
284,69,0.00077341404
285,69,0.0006395737
286,69,0.00058527477
287,69,0.00062447134
288,69,0.0009189863
289,69,2.6551075e-05
290,69,0.000343699
291,69,0.0006063916
292,69,0.00042410567
293,69,0.00046968833
294,69,0.0003572032
295,69,2.1354295e-05
296,69,0.0006048605
297,69,0.0004283432
298,69,0.00023380853
299,69,0.00041857176
300,69,0.0005852273
301,69,0.0002175197
302,69,0.000598805
303,69,0.0011495054
304,69,0.000595768
305,69,0.00094803795
306,69,0.0005637156
307,69,0.0006941827
308,69,0.0005460512
309,69,0.00051387027
310,69,0.00091596507
311,69,0.0003707772
312,69,0.000656466
313,69,0.00035677385
314,69,0.0004469175
315,69,0.00057114847
316,69,0.00047161058
317,69,0.00053919293
318,69,0.0007248167
319,69,0.0006374838
320,69,0.0008279048
321,69,0.0007596817
322,69,0.0007445151
323,69,0.00100068
324,69,0.0006604744
325,69,0.00078562275
326,69,0.00049818587
327,69,0.0005332008
328,69,0.00046201795
329,69,0.0006869454
330,69,0.00089753047
331,69,0.0010193903
332,69,0.0010135807
333,69,0.00020746328
334,69,0.00038654823
335,69,0.00055740215
336,69,0.0004532151
337,69,0.00039302744
338,69,0.00048310868
339,69,0.00030823424
340,69,0.000582248
341,69,0.0006012693
342,69,0.0004765531
343,69,0.0006092498
344,69,0.00085948035
345,69,0.0008581532
346,69,0.00053047016
347,69,0.0003444869
348,69,0.0003842404
349,69,0.00034618936
350,69,0.0002464177
351,69,0.00076128636
352,69,0.00064769574
353,69,0.00065637194
354,69,0.00030258577
355,69,0.0005081743
356,69,0.0003178371
357,69,9.18163e-05
358,69,0.000721246
359,69,0.0006691031
360,69,0.00090267416
361,69,0.000689514
362,69,2.9422343e-05
363,69,0.0006732037
364,69,8.076243e-05
365,69,7.969141e-05
366,69,7.967465e-06
367,69,0.0005315542
368,69,0.0006054016
369,69,0.00084212143
370,69,0.0002665585
371,69,5.982071e-05
372,69,0.0005286997
373,69,0.00044301245
374,69,0.00048615597
375,69,0.00072681904
376,69,0.000495865
377,69,0.0002530245
378,69,8.5433945e-05
379,69,0.0006458629
380,69,-6.86869e-05
381,69,0.0001446316
382,69,0.00074721966
383,69,0.00072280597
384,69,0.0008342834
385,69,0.00069636106
386,69,0.00052987225
387,69,0.0012637367
388,69,0.000755487
389,69,0.0010102531
390,69,0.0007764008
391,69,0.00096066017
392,69,0.0006932765
393,69,0.001052592
394,69,0.0014689919
395,69,0.0012634592
396,69,0.0007960927
397,69,0.0005648276
398,69,0.0013176603
399,69,0.000818382
400,69,0.00088992063
401,69,0.0008403361
402,69,0.000988313
403,69,0.0005788179
404,69,0.00081743766
405,69,0.001011691
406,69,0.0002551265
407,69,0.000670705
408,69,0.00095209293
409,69,0.0005482612
410,69,0.0009719087
411,69,0.00021048076
412,69,0.0010840213
413,69,0.0006548166
414,69,0.0006264774
415,69,0.00053502806
416,69,0.0013585202
417,69,0.000676848
418,69,0.0010528369
419,69,0.00063196383
420,69,0.00030380767
421,69,0.00027704518
422,69,0.00061617885
423,69,0.0010268614
424,69,0.0005085971
425,69,3.3713877e-06
426,69,0.0010300437
427,69,0.0004498586
428,69,0.00062025525
429,69,0.00074622314
430,69,0.0008331835
431,69,0.0005281754
432,69,0.00089714397
433,69,0.0007156618
434,69,0.00045734085
435,69,0.001160007
436,69,0.00026972778
437,69,0.0009208247
438,69,0.00045580138
439,69,0.0007642843
440,69,0.0007549934
441,69,0.00064919516
442,69,0.0006983904
443,69,0.0007833773
444,69,-0.00013788976
445,69,0.0007934673
446,69,0.0009968914
447,69,0.00060953107
448,69,0.0005646767
449,69,-2.0011328e-05
450,69,0.0005813157
451,69,0.00025942829
452,69,0.000428346
453,69,0.0006589629
454,69,0.00044367462
455,69,-4.729908e-05
456,69,0.00056298357
457,69,0.0011118529
458,69,0.00053774286
459,69,0.0007491568
460,69,0.00046556443
461,69,0.00055945665
462,69,0.0003824681
463,69,0.0003481852
464,69,0.0006106645
465,69,0.0002651196
466,69,0.0006603021
467,69,0.0010564979
468,69,0.00012166519
469,69,7.178355e-05
470,69,0.00062420405
471,69,0.00051899254
472,69,0.00048072264
473,69,0.0009979289
474,69,0.00060154684
475,69,0.0006726673
476,69,0.0003042668
477,69,0.00059225596
478,69,0.0008911025
479,69,0.0010399334
480,69,0.0005699573
481,69,0.0003005527
482,69,0.0005979184
483,69,0.0007016845
484,69,0.0005560741
485,69,0.00034041516
486,69,0.00076736417
487,69,0.00051027536
488,69,0.00044232793
489,69,0.0007514823
490,69,0.0007556565
491,69,0.0008896962
492,69,0.00076823495
493,69,0.0004255632
494,69,0.0006119935
0,70,0.0007739337
1,70,0.0008001905
2,70,0.0007995311
3,70,0.0005245041
4,70,0.00068551674
5,70,0.00026737433
6,70,
7,70,
8,70,
9,70,
10,70,
11,70,
12,70,
13,70,
14,70,
15,70,
16,70,
17,70,
18,70,
19,70,
20,70,
21,70,
22,70,
23,70,
24,70,
25,70,
26,70,
27,70,
28,70,0.00065607764
29,70,0.000735268
30,70,0.00010062847
31,70,0.0006999327
32,70,0.00067423563
33,70,0.00035842694
34,70,0.00028723665
35,70,0.0004828917
36,70,0.00040430762
37,70,0.0005947221
38,70,0.0008291416
39,70,0.00055629574
40,70,0.00030380953
41,70,0.00072160363
42,70,-3.0882657e-06
43,70,0.00025818776
44,70,0.00067339
45,70,-0.00014740787
46,70,0.000955835
47,70,0.0005762316
48,70,2.0482577e-05
49,70,0.00029726047
50,70,0.0006424887
51,70,0.0007948
52,70,0.00092721265
53,70,0.00079517066
54,70,0.00025416538
55,70,0.0006013671
56,70,0.00032334775
57,70,0.0010820758
58,70,0.0005786726
59,70,0.00083630066
60,70,0.0007576458
61,70,0.0001785243
62,70,0.00028822664
63,70,0.00033155363
64,70,0.00018509757
65,70,0.0004884228
66,70,0.0003001336
67,70,0.0011989996
68,70,0.00057060365
69,70,0.00045256503
70,70,-0.0001526922
71,70,0.00052768923
72,70,0.0010002861
73,70,2.776552e-05
74,70,0.0003667688
75,70,0.0010347376
76,70,0.00070258696
77,70,0.00016782805
78,70,0.0004023686
79,70,0.000502754
80,70,0.00016477611
81,70,0.00019309018
82,70,-2.5313348e-06
83,70,9.20482e-05
84,70,0.00024856906
85,70,0.00038604066
86,70,0.00029076636
87,70,0.00030647218
88,70,-3.8315542e-05
89,70,0.0005782796
90,70,0.00056477915
91,70,0.00075621624
92,70,0.00038691424
93,70,0.00034482311
94,70,0.00076681934
95,70,0.000692999
96,70,0.0005838014
97,70,0.00041742995
98,70,0.00075509585
99,70,-0.00013508275
100,70,0.00051845517
101,70,0.000617262
102,70,0.0005381098
103,70,0.00045954995
104,70,0.00020611007
105,70,0.0003743861
106,70,0.00019261241
107,70,0.00023655407
108,70,0.00095376093
109,70,0.0005842047
110,70,
111,70,
112,70,
113,70,
114,70,
115,70,
116,70,
117,70,
118,70,
119,70,-2.2530556e-05
120,70,
121,70,
122,70,
123,70,
124,70,
125,70,
126,70,
127,70,
128,70,
129,70,
130,70,
131,70,-1.1056662e-05
132,70,
133,70,
134,70,
135,70,
136,70,
137,70,
138,70,
139,70,
140,70,
141,70,
142,70,
143,70,
144,70,
145,70,
146,70,
147,70,
148,70,
149,70,
150,70,
151,70,
152,70,
153,70,
154,70,
155,70,0.00051849056
156,70,0.00038450863
157,70,-2.4797395e-05
158,70,0.0005202042
159,70,0.0005800016
160,70,0.00027780142
161,70,0.00027711503
162,70,0.00029122923
163,70,0.0009841518
164,70,0.00026465487
165,70,0.0004484672
166,70,0.00046344288
167,70,0.00016002916
168,70,-7.6111406e-05
169,70,0.00027517788
170,70,0.00018541887
171,70,0.00023310259
172,70,0.00038585998
173,70,0.0009875763
174,70,0.000479294
175,70,7.434189e-05
176,70,7.580966e-05
177,70,-0.00014169049
178,70,0.00038624462
179,70,6.92429e-05
180,70,0.0013092188
181,70,0.00059073325
182,70,0.0006844001
183,70,0.000556577
184,70,0.0003721835
185,70,0.0012078984
186,70,0.0002945289
187,70,0.00081685185
188,70,0.0002789013
189,70,4.7360547e-05
190,70,0.0006848611
191,70,0.0005728081
192,70,0.00033801794
193,70,0.00043223705
194,70,0.00032142363
195,70,0.00046128593
196,70,0.00027764216
197,70,-0.00020058826
198,70,-0.00017135963
199,70,-0.0003561806
200,70,0.0003143316
201,70,0.00030863285
202,70,0.00043603312
203,70,0.00017230306
204,70,0.0006687483
205,70,0.00031219516
206,70,0.00039129425
207,70,0.00064256694
208,70,0.00029093493
209,70,0.00049925596
210,70,0.00057368353
211,70,0.00030771177
212,70,0.00021408778
213,70,0.00076205004
214,70,0.000701664
215,70,0.000466072
216,70,0.00033461116
217,70,0.0003770832
218,70,0.0006467365
219,70,0.00047535263
220,70,0.0006495025
221,70,-0.0004939139
222,70,0.00016588531
223,70,0.00022282545
224,70,0.00048115384
225,70,0.00018495694
226,70,0.00068467204
227,70,0.00041406509
228,70,0.00085404515
229,70,0.00067106076
230,70,0.0005650753
231,70,0.00030886568
232,70,0.00033428147
233,70,0.0005706437
234,70,0.0005751187
235,70,0.00044418033
236,70,0.00017918367
237,70,0.00081536174
238,70,0.00017929822
239,70,0.00062804576
240,70,0.0005635256
241,70,0.00042463
242,70,0.00091144536
243,70,0.0005627638
244,70,0.0007918449
245,70,0.00077674724
246,70,0.0005233744
247,70,6.507244e-05
248,70,0.00036250055
249,70,0.00039721094
250,70,0.0001917854
251,70,0.00094382744
252,70,0.0005580308
253,70,0.00045346562
254,70,0.0005723955
255,70,0.0004856754
256,70,0.00056842994
257,70,0.00040908344
258,70,0.00055072363
259,70,0.0005237004
260,70,0.0003528297
261,70,0.0005334439
262,70,4.6238303e-05
263,70,0.0009542154
264,70,0.00057418086
265,70,0.0010292577
266,70,0.00042343885
267,70,0.0006139828
268,70,0.00089010876
269,70,0.0010949774
270,70,0.00096519385
271,70,0.0008429922
272,70,0.00030646753
273,70,0.0003850283
274,70,0.0004033316
275,70,0.0005049631
276,70,0.0009545749
277,70,0.0006269673
278,70,0.00028641336
279,70,0.0005292902
280,70,0.00042005721
281,70,0.00071862806
282,70,0.00049476326
283,70,0.0007131407
284,70,0.00077772606
285,70,0.0005439911
286,70,0.00066621974
287,70,0.00074421894
288,70,0.0010308484
289,70,0.0009855591
290,70,0.00037693325
291,70,0.00063621067
292,70,0.0011489224
293,70,0.00053734984
294,70,0.00087940134
295,70,0.00067025423
296,70,0.00023615267
297,70,0.00081193633
298,70,0.0006741807
299,70,0.00050753355
300,70,0.00037073437
301,70,0.00063293055
302,70,0.00017489307
303,70,0.00065303035
304,70,0.0004901737
305,70,0.0004625637
306,70,0.0004907781
307,70,0.00048278458
308,70,0.00054279156
309,70,0.00086582266
310,70,0.00033769105
311,70,0.00029812567
312,70,0.0005593309
313,70,0.0005099112
314,70,0.0008101901
315,70,0.00072127115
316,70,0.00029688794
317,70,0.00034383498
318,70,0.0007342659
319,70,0.0008154437
320,70,0.00023340993
321,70,0.0005941354
322,70,0.0006289175
323,70,0.0006790357
324,70,0.00050985627
325,70,0.00081848726
326,70,0.00077972654
327,70,0.000796861
328,70,0.0005126782
329,70,0.0009340886
330,70,0.0008577509
331,70,0.00078430027
332,70,0.000732352
333,70,0.0007238034
334,70,0.0005856659
335,70,0.00105963
336,70,0.00014357269
337,70,0.0005584182
338,70,0.00061716326
339,70,0.00061929785
340,70,9.390339e-05
341,70,0.0011999058
342,70,0.00044420734
343,70,6.743148e-05
344,70,0.0008518705
345,70,0.0006643366
346,70,-0.0001270026
347,70,0.00093262456
348,70,0.00083995145
349,70,0.00013915729
350,70,0.0005117897
351,70,0.00047098473
352,70,0.00077760685
353,70,0.00089280587
354,70,0.00032402575
355,70,6.066356e-05
356,70,0.0010340251
357,70,0.00059188064
358,70,0.0004453119
359,70,0.00013895892
360,70,0.000977084
361,70,0.0005055936
362,70,0.001032846
363,70,0.00072171725
364,70,0.0008023055
365,70,0.00078414846
366,70,2.1656044e-05
367,70,0.00039246492
368,70,0.00082976
369,70,0.0003157584
370,70,-4.836358e-06
371,70,4.532002e-05
372,70,0.0004492998
373,70,0.00039170124
374,70,0.00075423997
375,70,0.00073833205
376,70,0.00023193657
377,70,0.0014806138
378,70,0.0010140287
379,70,0.00042836647
380,70,0.00080814864
381,70,0.0003840346
382,70,0.0009750463
383,70,0.0006864555
384,70,0.00053979736
385,70,0.0005257521
386,70,0.00074730907
387,70,0.0005787825
388,70,0.00081894733
389,70,0.0006443076
390,70,0.00052214134
391,70,0.0010930449
392,70,0.0009415485
393,70,0.00013808068
394,70,0.00034153927
395,70,0.00059532747
396,70,0.0005218284
397,70,0.00096487347
398,70,0.0011512488
399,70,0.00068274885
400,70,0.0006553121
401,70,0.0004673479
402,70,0.0005006697
403,70,0.0002544634
404,70,0.00083399937
405,70,0.0009876452
406,70,0.00090140477
407,70,0.0008960683
408,70,0.00089375954
409,70,0.00054899976
410,70,1.5674159e-06
411,70,-0.000111185014
412,70,0.00046088174
413,70,0.00083223265
414,70,0.0005088346
415,70,0.0007021241
416,70,0.0008906247
417,70,0.00068789255
418,70,0.0010481905
419,70,0.0005509583
420,70,0.00089453906
421,70,0.00058825966
422,70,0.0010383036
423,70,0.00073444564
424,70,0.00020503718
425,70,0.00021443702
426,70,0.00042211078
427,70,0.0005668476
428,70,0.00084485486
429,70,0.0006039692
430,70,0.00081160665
431,70,0.00021965988
432,70,0.0002400605
433,70,0.0007333802
434,70,0.0001817774
435,70,-3.233552e-05
436,70,0.0009196503
437,70,0.0008212831
438,70,0.0003698459
439,70,0.00036350545
440,70,0.0005391799
441,70,0.00020491611
442,70,0.00026617292
443,70,0.0008151708
444,70,0.0010737218
445,70,0.00042408705
446,70,0.0007771868
447,70,-6.8506226e-05
448,70,0.0011211867
449,70,0.0003126543
450,70,0.0010682074
451,70,0.0007705791
452,70,0.0005446039
453,70,0.0005538482
454,70,0.000761088
455,70,0.0007790262
456,70,0.00036593713
457,70,0.0011092545
458,70,0.0004249029
459,70,0.0006942423
460,70,0.00045254454
461,70,0.0009589577
462,70,0.00024623796
463,70,5.5175275e-05
464,70,0.0009349352
465,70,0.0008381959
466,70,0.0005085543
467,70,0.0005540196
468,70,0.0009042695
469,70,0.0004764311
470,70,0.00051918626
471,70,0.00069852825
472,70,0.00060360413
473,70,0.00043545663
474,70,0.0005333554
475,70,0.0005031964
476,70,0.00062888954
477,70,-5.7469122e-05
478,70,0.000662243
479,70,0.0005157674
480,70,0.0005224766
481,70,0.0007197093
482,70,0.00047393143
483,70,-0.00016372371
484,70,0.00059257075
485,70,0.0008737333
486,70,0.0005094819
487,70,0.000762295
488,70,0.00041281432
489,70,0.00092958193
490,70,0.00035167765
491,70,0.0006943848
492,70,0.0005336739
493,70,0.0003282698
494,70,0.00075933617
0,71,0.000530811
1,71,0.0005241642
2,71,0.0009311298
3,71,0.00069927424
4,71,0.0009184405
5,71,0.00032102782
6,71,
7,71,
8,71,
9,71,
10,71,
11,71,
12,71,
13,71,
14,71,
15,71,
16,71,
17,71,
18,71,
19,71,
20,71,
21,71,
22,71,
23,71,
24,71,
25,71,
26,71,
27,71,
28,71,0.0003813561
29,71,0.0006241547
30,71,0.0004008077
31,71,0.00068511814
32,71,0.0004510358
33,71,0.00012161676
34,71,0.0011188518
35,71,0.0004746383
36,71,-1.8894672e-05
37,71,0.00054080226
38,71,0.0009789066
39,71,0.0013740733
40,71,0.00016241893
41,71,0.0004894892
42,71,0.0008819625
43,71,0.00040523428
44,71,0.0008343123
45,71,0.00083583593
46,71,-0.00014832802
47,71,0.00047037657
48,71,0.00072510727
49,71,0.000364081
50,71,0.0006437553
51,71,0.000928225
52,71,0.000641671
53,71,0.0007958859
54,71,0.0005270485
55,71,0.00014691707
56,71,0.00027304888
57,71,0.0004773056
58,71,0.0003196206
59,71,0.00024460442
60,71,0.000580688
61,71,0.00035918877
62,71,0.00030309055
63,71,0.00031205174
64,71,0.00091192964
65,71,0.0010579312
66,71,0.0011251327
67,71,0.00046083052
68,71,0.0005239574
69,71,0.00065292884
70,71,0.00068965275
71,71,0.00045388285
72,71,0.00035634823
73,71,0.0008031698
74,71,-5.7633966e-05
75,71,0.0007231245
76,71,0.0004181061
77,71,0.0004558498
78,71,0.00065404456
79,71,0.0011650883
80,71,-3.4128316e-05
81,71,1.5279278e-05
82,71,0.0006006956
83,71,0.00091152266
84,71,0.00032205787
85,71,3.5042875e-05
86,71,0.0011161622
87,71,0.00024155434
88,71,0.00065220986
89,71,0.0004305467
90,71,0.0005800212
91,71,0.00054830126
92,71,0.00025469158
93,71,0.0005191956
94,71,0.0012502475
95,71,0.0001640059
96,71,0.0011641877
97,71,0.00029742625
98,71,0.0011684671
99,71,0.0002671657
100,71,0.00038281735
101,71,
102,71,0.00020740926
103,71,0.00036102533
104,71,0.0008380348
105,71,0.0004163012
106,71,0.0006686188
107,71,0.00036871247
108,71,0.0006427346
109,71,0.00015683752
110,71,
111,71,
112,71,
113,71,
114,71,
115,71,
116,71,
117,71,
118,71,
119,71,
120,71,
121,71,
122,71,
123,71,
124,71,
125,71,
126,71,
127,71,
128,71,
129,71,0.00050937105
130,71,
131,71,
132,71,
133,71,
134,71,
135,71,
136,71,
137,71,
138,71,
139,71,
140,71,
141,71,
142,71,
143,71,
144,71,
145,71,
146,71,
147,71,
148,71,
149,71,
150,71,
151,71,
152,71,
153,71,
154,71,
155,71,
156,71,0.00031124894
157,71,0.00030238274
158,71,0.00064291153
159,71,0.00031869486
160,71,0.00031162333
161,71,0.000566653
162,71,0.00066500343
163,71,0.0010158662
164,71,0.00010679383
165,71,1.6482547e-05
166,71,0.0010274053
167,71,-8.205511e-05
168,71,0.00014711544
169,71,0.0007892633
170,71,0.0004923595
171,71,0.0005455408
172,71,0.00011666119
173,71,0.00046113227
174,71,0.00065397844
175,71,-9.177346e-05
176,71,0.0006715236
177,71,0.00034924503
178,71,0.0006659478
179,71,0.00074930396
180,71,0.00040126685
181,71,0.00020819157
182,71,0.0007320987
183,71,0.00026237033
184,71,2.7060509e-05
185,71,0.00020878017
186,71,0.000625303
187,71,0.0003716722
188,71,0.00015392806
189,71,0.0004781019
190,71,0.00060830545
191,71,-1.935009e-05
192,71,-4.5020133e-06
193,71,-0.00016742479
194,71,-0.00038148928
195,71,0.00011582114
196,71,0.0005839523
197,71,0.00013845973
198,71,0.0003027469
199,71,0.0004905639
200,71,0.00041533355
201,71,0.00017409027
202,71,0.0001648441
203,71,0.0006844364
204,71,0.00071237143
205,71,0.0004977649
206,71,0.00044469256
207,71,6.4132735e-05
208,71,0.0006038528
209,71,0.000459468
210,71,0.00030575786
211,71,-6.248709e-05
212,71,0.00016209017
213,71,0.0010434492
214,71,0.00041191
215,71,0.0003316896
216,71,0.0004987018
217,71,0.0007279394
218,71,0.00026499946
219,71,0.0005128514
220,71,0.0005274201
221,71,0.00052669365
222,71,0.0004049698
223,71,0.0005874699
224,71,0.0007121451
225,71,0.00070238113
226,71,0.00051384885
227,71,0.0009323582
228,71,0.0009050071
229,71,0.0005922243
230,71,0.000452213
231,71,0.000121925026
232,71,0.0005107457
233,71,0.00061887316
234,71,0.0004875157
235,71,0.000105924904
236,71,0.00038972124
237,71,0.0004538307
238,71,0.00060177967
239,71,0.00038320944
240,71,0.0004960606
241,71,0.00019037444
242,71,0.00033768732
243,71,0.00039658044
244,71,0.0007822132
245,71,0.00091567636
246,71,0.0011331886
247,71,0.001233222
248,71,-5.0759874e-05
249,71,0.0004608091
250,71,0.0003464613
251,71,0.000703685
252,71,0.000237233
253,71,0.00055602565
254,71,0.0009419713
255,71,0.0007753158
256,71,0.0007815268
257,71,0.0003774343
258,71,0.00091032777
259,71,0.00077818334
260,71,0.00041923672
261,71,0.0006988114
262,71,0.0005114218
263,71,0.00046315044
264,71,0.0007570777
265,71,0.0008886298
266,71,0.0005827304
267,71,0.00078466535
268,71,4.298333e-05
269,71,0.00044021197
270,71,0.00041568
271,71,0.00064526405
272,71,0.0009367168
273,71,0.00096240174
274,71,0.00016848743
275,71,0.00058201887
276,71,0.00063779205
277,71,0.0008714916
278,71,0.0006756969
279,71,0.0011108909
280,71,0.0009814333
281,71,0.0007499531
282,71,0.00064629316
283,71,0.0006964272
284,71,0.00037310924
285,71,0.0010494981
286,71,0.0007097339
287,71,0.00019830279
288,71,0.00048462953
289,71,0.0005925521
290,71,0.00031042658
291,71,0.000582139
292,71,0.00038614962
293,71,0.00058579165
294,71,0.00087375473
295,71,0.00024273619
296,71,0.00019062776
297,71,0.00074214395
298,71,0.000527516
299,71,0.00079495274
300,71,0.0004182104
301,71,0.00059707277
302,71,0.0006806012
303,71,0.00079934485
304,71,0.0006975485
305,71,0.00063685235
306,71,0.0009775329
307,71,0.00093776453
308,71,0.00068855844
309,71,0.0007015737
310,71,0.0010940675
311,71,0.0005056802
312,71,0.00078510866
313,71,0.0006026542
314,71,0.00089691766
315,71,0.0009705685
316,71,0.00072559994
317,71,0.00044872984
318,71,0.000393657
319,71,0.00038902927
320,71,0.0006242106
321,71,0.00026965048
322,71,0.0007032957
323,71,0.0005923975
324,71,0.00037625805
325,71,0.00076238904
326,71,0.0010266975
327,71,0.0007036384
328,71,0.00037376955
329,71,0.0008760374
330,71,0.00074622966
331,71,0.00088306144
332,71,0.00070405565
333,71,0.00074182637
334,71,0.000803859
335,71,0.0003489917
336,71,0.0004382832
337,71,0.00034815632
338,71,0.00040234812
339,71,0.00060629565
340,71,0.0005341256
341,71,0.0006160587
342,71,0.00074059423
343,71,0.00051521603
344,71,0.00078173913
345,71,0.0005057566
346,71,0.00073971506
347,71,0.00028419122
348,71,0.00046748295
349,71,0.00049779844
350,71,0.0005188985
351,71,0.0010835007
352,71,0.00034967344
353,71,0.00064266194
354,71,0.0007512579
355,71,0.0004085172
356,71,9.903684e-05
357,71,0.0007605003
358,71,0.00052875746
359,71,0.00045095664
360,71,0.0006080633
361,71,0.00053483155
362,71,0.00024853367
363,71,0.00085817
364,71,0.0007043984
365,71,0.0003488334
366,71,0.00024026725
367,71,0.00082513876
368,71,0.0006531151
369,71,0.00067915674
370,71,0.00019231718
371,71,0.00081111584
372,71,4.443992e-05
373,71,0.00081875734
374,71,0.00097177364
375,71,0.00067390315
376,71,0.00093760807
377,71,0.00061970484
378,71,0.0008418001
379,71,0.0006446289
380,71,0.00047211163
381,71,0.0008251453
382,71,0.0008291835
383,71,0.00086446945
384,71,0.00058380235
385,71,0.0008491622
386,71,0.00053556636
387,71,0.0005963007
388,71,0.0012687184
389,71,0.00080708973
390,71,0.00030593015
391,71,0.0008588163
392,71,0.0008135531
393,71,0.0005518319
394,71,0.0006950544
395,71,0.00079006236
396,71,0.0005579451
397,71,0.0005937023
398,71,0.0013072947
399,71,0.000694938
400,71,0.0007912526
401,71,0.00080234
402,71,0.0009698104
403,71,0.000575074
404,71,0.0008573234
405,71,0.000751758
406,71,0.0012675012
407,71,0.0007812688
408,71,0.00063749123
409,71,0.0007756697
410,71,0.0006939592
411,71,0.0009071762
412,71,0.0005042963
413,71,0.00015384704
414,71,0.0005566906
415,71,0.00037285034
416,71,0.00080433115
417,71,-3.9773993e-05
418,71,-7.6877885e-05
419,71,0.0005953172
420,71,0.0012705121
421,71,0.00081699155
422,71,0.00031437352
423,71,0.00060042087
424,71,0.00062043034
425,71,0.0004103277
426,71,0.0009056907
427,71,0.0008975789
428,71,8.759834e-05
429,71,-0.00017848797
430,71,0.00039024744
431,71,0.0006020069
432,71,0.0008198265
433,71,0.0012730388
434,71,0.00071489066
435,71,0.00036288053
436,71,0.0009369664
437,71,0.0006883098
438,71,0.00070960727
439,71,0.0010541864
440,71,0.00056386925
441,71,0.0010507787
442,71,0.00078235473
443,71,0.00016510393
444,71,0.0006837249
445,71,0.0005413126
446,71,0.0006314963
447,71,0.00025882944
448,71,0.000831862
449,71,0.0005976334
450,71,0.000587875
451,71,0.00054005906
452,71,0.00010627415
453,71,0.0007138001
454,71,0.00031976495
455,71,0.00038421527
456,71,0.00028839242
457,71,0.0005599726
458,71,0.00016581919
459,71,0.00037194695
460,71,0.0005640937
461,71,0.00025337003
462,71,0.00055390596
463,71,0.0005831029
464,71,0.0005069254
465,71,0.0008717822
466,71,0.00070908386
467,71,0.0005294541
468,71,0.0008223951
469,71,0.0007368047
470,71,0.00017483812
471,71,0.00028801896
472,71,0.00077003334
473,71,0.0006468799
474,71,0.00094012916
475,71,0.00026813243
476,71,-0.00022025779
477,71,0.00055343844
478,71,0.0009148475
479,71,0.0007512886
480,71,0.00044628326
481,71,0.00016824529
482,71,0.00035103317
483,71,0.00078462996
484,71,0.00034646317
485,71,0.0006547496
486,71,0.00037729368
487,71,0.0006313678
488,71,0.0005164966
489,71,0.000587943
490,71,0.00042643584
491,71,0.00051649846
492,71,0.00044613332
493,71,0.0006351173
494,71,0.0006287545
0,72,0.00047614053
1,72,0.00047705323
2,72,0.00038824975
3,72,0.0009350069
4,72,0.0005708607
5,72,0.0005089799
6,72,
7,72,
8,72,
9,72,
10,72,
11,72,
12,72,
13,72,
14,72,
15,72,
16,72,
17,72,
18,72,
19,72,
20,72,
21,72,
22,72,
23,72,
24,72,
25,72,
26,72,
27,72,
28,72,
29,72,-0.00028103124
30,72,0.001281593
31,72,0.0001813462
32,72,0.001011447
33,72,-8.386746e-05
34,72,0.0010001026
35,72,0.00041174516
36,72,-0.00020143297
37,72,0.0004962068
38,72,0.0008662278
39,72,0.00017927773
40,72,0.0004603807
41,72,0.0005444959
42,72,0.00022830069
43,72,0.0005669594
44,72,0.0006426843
45,72,0.0005359771
46,72,0.00062511396
47,72,0.00056232605
48,72,0.00053641293
49,72,0.00028600916
50,72,0.0008259211
51,72,3.2395124e-05
52,72,0.0006354358
53,72,0.00050414354
54,72,0.000121537596
55,72,0.00029591192
56,72,0.00054279156
57,72,0.00019837078
58,72,0.0010677064
59,72,-0.00020906609
60,72,0.0004484784
61,72,0.0007935008
62,72,0.00041717757
63,72,0.00036947243
64,72,0.00042112265
65,72,0.00048988033
66,72,0.00064477883
67,72,0.0005717464
68,72,0.00079894066
69,72,0.0011814032
70,72,0.00033282116
71,72,0.00044727512
72,72,0.0006570658
73,72,0.00070455763
74,72,0.00020912383
75,72,0.00025478937
76,72,0.0005755881
77,72,0.00043489877
78,72,-0.00028906018
79,72,0.00031369086
80,72,0.00032010674
81,72,0.00032568816
82,72,9.638071e-05
83,72,0.0002066344
84,72,0.000688063
85,72,0.00054053776
86,72,0.00059400033
87,72,0.0010850215
88,72,0.00030560978
89,72,0.00065084547
90,72,0.00028393418
91,72,0.0006043501
92,72,0.00048766565
93,72,0.00072786584
94,72,0.00049518514
95,72,0.00028429553
96,72,0.00018403213
97,72,0.0006224727
98,72,0.0004478395
99,72,0.0007251054
100,72,0.00015440956
101,72,2.3393892e-05
102,72,0.0007054871
103,72,3.5027042e-06
104,72,0.00043451227
105,72,0.00014862977
106,72,0.00091500767
107,72,-9.954441e-05
108,72,0.00060354266
109,72,
110,72,
111,72,
112,72,
113,72,
114,72,
115,72,
116,72,
117,72,
118,72,
119,72,
120,72,
121,72,
122,72,
123,72,
124,72,
125,72,
126,72,
127,72,
128,72,
129,72,
130,72,
131,72,
132,72,
133,72,
134,72,
135,72,5.1866286e-05
136,72,
137,72,
138,72,
139,72,
140,72,
141,72,
142,72,
143,72,
144,72,
145,72,
146,72,
147,72,
148,72,
149,72,0.00049643964
150,72,
151,72,
152,72,
153,72,
154,72,0.00028080028
155,72,
156,72,
157,72,0.00018779188
158,72,0.0005742032
159,72,0.00026335847
160,72,0.00038965605
161,72,0.00073763076
162,72,9.084586e-05
163,72,0.0011467896
164,72,0.00066345464
165,72,0.00044599455
166,72,0.00026316848
167,72,0.00053245015
168,72,0.00043329597
169,72,0.00074461196
170,72,0.0004516896
171,72,0.00064520445
172,72,0.00025081914
173,72,0.00024426542
174,72,-0.00037375465
175,72,0.0005898569
176,72,-4.4696964e-05
177,72,0.0005957149
178,72,0.00068644714
179,72,0.00091184117
180,72,0.0003523957
181,72,0.00020615757
182,72,0.00057142787
183,72,0.000424264
184,72,0.0007025646
185,72,0.0007881606
186,72,0.00068150647
187,72,0.0006383611
188,72,0.00012693834
189,72,0.0004253341
190,72,0.0004927898
191,72,0.0006820904
192,72,0.00062770024
193,72,0.00014186557
194,72,0.0005140053
195,72,0.0009927284
196,72,-4.296843e-05
197,72,0.00039158762
198,72,0.0005961126
199,72,0.0007892251
200,72,0.0009176843
201,72,0.00032128394
202,72,1.1848286e-05
203,72,0.00024889782
204,72,8.957554e-05
205,72,0.00023917202
206,72,7.4731186e-05
207,72,0.0005497737
208,72,0.0006701518
209,72,0.0003168434
210,72,0.00058336556
211,72,0.0003864905
212,72,0.000344852
213,72,0.0006842781
214,72,0.00065597333
215,72,0.00041483343
216,72,0.0007628519
217,72,0.0004749773
218,72,0.00044793077
219,72,0.00065828767
220,72,8.748006e-05
221,72,8.909963e-05
222,72,0.00015504938
223,72,0.0005905079
224,72,0.0006198287
225,72,0.0005747918
226,72,0.0003301883
227,72,0.00035828538
228,72,0.00052261446
229,72,0.00042235106
230,72,0.0009688204
231,72,0.00036694948
232,72,0.0006233053
233,72,0.000334993
234,72,0.00024122838
235,72,0.0007297369
236,72,0.0007013073
237,72,0.00044715777
238,72,0.00049855094
239,72,0.0002625538
240,72,0.00020637922
241,72,5.8815815e-05
242,72,0.00044029392
243,72,0.00068124756
244,72,0.000208213
245,72,0.0006370088
246,72,0.00047839526
247,72,0.0005442947
248,72,0.0007390324
249,72,0.0004409384
250,72,0.0008251425
251,72,0.001222034
252,72,0.00039398856
253,72,0.000501493
254,72,0.00051249657
255,72,0.0004078066
256,72,0.00075984374
257,72,0.00030689966
258,72,0.00072545
259,72,0.00052847527
260,72,0.0009102756
261,72,0.0006123716
262,72,0.00042497925
263,72,0.00018788502
264,72,0.0009340523
265,72,0.00090434495
266,72,0.0012644613
267,72,0.00024663843
268,72,0.00061218627
269,72,0.0010937424
270,72,0.00015438348
271,72,0.00086257234
272,72,0.0005219076
273,72,0.000112312846
274,72,0.0006447481
275,72,0.0003433004
276,72,0.00041916594
277,72,0.00031131413
278,72,0.000834452
279,72,0.00058043934
280,72,0.0010018973
281,72,0.001111676
282,72,0.0009797802
283,72,0.0006505493
284,72,0.0005651619
285,72,0.00045671687
286,72,0.00020374544
287,72,0.0007931795
288,72,0.00057511404
289,72,0.0006998712
290,72,0.0010215556
291,72,0.00072785653
292,72,0.00071013253
293,72,0.0005640453
294,72,0.0004232116
295,72,0.00076036155
296,72,0.00048561394
297,72,0.0008527059
298,72,0.00058160815
299,72,0.00034847297
300,72,0.00076516997
301,72,0.00054047443
302,72,0.00044562668
303,72,0.00044452958
304,72,0.0008241702
305,72,0.00028692
306,72,0.0006756
307,72,0.0006387234
308,72,0.0008900743
309,72,0.00080010295
310,72,0.00023018103
311,72,0.0006420184
312,72,0.00043958798
313,72,0.0007573394
314,72,0.00041002966
315,72,0.0006648926
316,72,0.0012017945
317,72,0.00086218026
318,72,0.00069608446
319,72,0.0003461698
320,72,0.0010131877
321,72,0.000443588
322,72,0.001008667
323,72,0.0011370536
324,72,4.245341e-05
325,72,0.00055564195
326,72,0.00063795503
327,72,0.00079110265
328,72,0.0006547021
329,72,0.0007404005
330,72,0.00052608456
331,72,0.0011991216
332,72,0.0006302623
333,72,0.0010660421
334,72,0.000557648
335,72,0.0006166147
336,72,0.0007453663
337,72,0.0005334476
338,72,0.00040973537
339,72,0.0005723899
340,72,0.00010291673
341,72,0.00076290313
342,72,0.00016390998
343,72,0.00066363066
344,72,0.00012234785
345,72,0.00048737228
346,72,0.0008259034
347,72,0.00022972841
348,72,0.0008197427
349,72,0.00035615172
350,72,0.00048732385
351,72,0.0005329009
352,72,0.0007010577
353,72,0.00040368363
354,72,0.0009598825
355,72,0.0004172856
356,72,0.00011426024
357,72,0.00089702196
358,72,0.00024023
359,72,0.00044976175
360,72,0.0007240465
361,72,0.00075646956
362,72,0.00060284976
363,72,0.00050038565
364,72,0.00073293503
365,72,0.0006630868
366,72,0.00040200911
367,72,0.00048179552
368,72,0.001240436
369,72,0.000106298365
370,72,0.0007855352
371,72,0.0001535844
372,72,0.0005720025
373,72,0.00077042915
374,72,0.000255201
375,72,1.8038787e-05
376,72,0.00045435037
377,72,0.00052262377
378,72,0.00026057102
379,72,0.0002331622
380,72,0.0007390762
381,72,0.0007597869
382,72,0.00073122233
383,72,0.00037643965
384,72,0.0006339522
385,72,0.0006911736
386,72,0.0005413499
387,72,0.0004542321
388,72,0.0011495743
389,72,0.00069007836
390,72,0.0006376514
391,72,0.0005455185
392,72,0.0004085973
393,72,0.000945366
394,72,0.00036994927
395,72,0.0007036468
396,72,0.00028315466
397,72,0.00070010684
398,72,0.0010259002
399,72,0.000447602
400,72,0.0003048312
401,72,0.00044817012
402,72,0.00084306765
403,72,0.0009453986
404,72,0.00047131255
405,72,0.00023991149
406,72,0.0006647911
407,72,0.00074720103
408,72,0.000862224
409,72,0.0004132893
410,72,0.00072455034
411,72,-0.00076565053
412,72,0.0002981918
413,72,2.0735897e-05
414,72,0.0005394295
415,72,0.0004612403
416,72,-1.616124e-05
417,72,0.0005358476
418,72,0.0006922614
419,72,0.0004705023
420,72,0.00083508994
421,72,0.00064017624
422,72,0.00045367517
423,72,0.00075299013
424,72,0.0005951477
425,72,0.00044216588
426,72,0.0003515212
427,72,0.0003767796
428,72,0.00031565037
429,72,0.00044187903
430,72,0.000909769
431,72,-0.0002574455
432,72,0.00045692734
433,72,0.00066958927
434,72,9.07043e-05
435,72,0.00033448916
436,72,0.0005659517
437,72,0.0008001216
438,72,0.0005915258
439,72,0.00039649103
440,72,0.0004934389
441,72,0.000431424
442,72,0.0009155739
443,72,0.00058465824
444,72,0.00083382893
445,72,0.00041515194
446,72,0.000323629
447,72,0.0007623378
448,72,0.00051961374
449,72,0.0008900473
450,72,0.00092859566
451,72,0.00018022489
452,72,0.00031820592
453,72,0.00069408305
454,72,0.00069957506
455,72,0.00037016533
456,72,0.0005864864
457,72,0.0004556477
458,72,0.0007099677
459,72,0.0007899273
460,72,0.00043223146
461,72,0.00032973196
462,72,0.0010397881
463,72,0.0007158909
464,72,0.00084596314
465,72,0.0002745362
466,72,0.00041696802
467,72,0.00055467244
468,72,0.00033555645
469,72,0.00020784512
470,72,0.0006606756
471,72,0.00061278977
472,72,0.00034151692
473,72,0.00036262814
474,72,0.00086447597
475,72,0.00069168396
476,72,0.0008524265
477,72,0.00041048042
478,72,0.00094144326
479,72,0.0006264765
480,72,0.00052953884
481,72,0.0007558372
482,72,-1.6985461e-05
483,72,0.00027028378
484,72,0.00025295932
485,72,0.0010346249
486,72,0.00022113044
487,72,0.00039518252
488,72,0.0003416231
489,72,0.00022071414
490,72,0.0008580424
491,72,0.0010574404
492,72,0.0006559137
493,72,0.0005626874
494,72,0.0005083848
0,73,0.0010683937
1,73,
2,73,0.0005373303
3,73,0.000151366
4,73,0.00072358083
5,73,
6,73,
7,73,
8,73,
9,73,
10,73,
11,73,
12,73,
13,73,
14,73,
15,73,
16,73,
17,73,
18,73,
19,73,
20,73,
21,73,
22,73,
23,73,
24,73,
25,73,
26,73,
27,73,
28,73,0.00048996974
29,73,8.533243e-05
30,73,7.837545e-05
31,73,0.00028911512
32,73,0.00088239834
33,73,0.0012699161
34,73,0.00078439154
35,73,0.0006125141
36,73,0.0005087508
37,73,0.0005713161
38,73,0.00024602748
39,73,0.0009273812
40,73,0.00081040245
41,73,0.00024266448
42,73,0.0005127359
43,73,0.0009700963
44,73,0.00075731333
45,73,0.000700525
46,73,0.0006577149
47,73,-0.00035106484
48,73,0.0002152361
49,73,0.0003184611
50,73,0.0004982576
51,73,0.0010689925
52,73,0.00066900626
53,73,0.0005925931
54,73,0.00075360574
55,73,0.0002064826
56,73,5.5329874e-06
57,73,0.00046716537
58,73,8.5898675e-05
59,73,7.354282e-05
60,73,5.548913e-05
61,73,0.00012275949
62,73,0.00055743847
63,73,-5.3668395e-05
64,73,0.0003641462
65,73,0.0004468914
66,73,0.0010471158
67,73,0.00062997174
68,73,0.00043734815
69,73,-0.00022979453
70,73,0.00093432795
71,73,0.000513481
72,73,0.0003378233
73,73,-9.945594e-05
74,73,0.00066975784
75,73,0.00072307326
76,73,0.00081482437
77,73,0.00061213784
78,73,0.0011349721
79,73,0.001172143
80,73,0.0008111764
81,73,0.00076279603
82,73,0.0006935848
83,73,0.00032115914
84,73,0.0007563364
85,73,0.00037711486
86,73,0.0005495185
87,73,0.0002688337
88,73,0.00032718293
89,73,0.0007355036
90,73,0.0007397821
91,73,0.0002335757
92,73,0.00017083623
93,73,0.00084569864
94,73,0.0007161144
95,73,0.00059362873
96,73,0.00051957835
97,73,0.00033446308
98,73,0.0003778087
99,73,0.00041112024
100,73,0.0001063915
101,73,0.0007883394
102,73,0.00037274975
103,73,0.0005367724
104,73,0.0010537133
105,73,0.00039148983
106,73,0.0004795948
107,73,
108,73,
109,73,
110,73,0.0008521024
111,73,
112,73,
113,73,
114,73,
115,73,
116,73,
117,73,
118,73,
119,73,
120,73,0.0009404747
121,73,
122,73,
123,73,
124,73,
125,73,
126,73,
127,73,
128,73,
129,73,
130,73,
131,73,
132,73,
133,73,
134,73,
135,73,
136,73,
137,73,
138,73,
139,73,
140,73,
141,73,
142,73,
143,73,
144,73,
145,73,
146,73,
147,73,
148,73,
149,73,
150,73,
151,73,
152,73,
153,73,
154,73,
155,73,
156,73,
157,73,0.0002530692
158,73,0.00084964
159,73,7.485412e-05
160,73,0.00084487535
161,73,0.0005207388
162,73,0.0002756603
163,73,0.0005505588
164,73,0.00046056323
165,73,0.00028266571
166,73,-0.00014111493
167,73,0.00030487776
168,73,0.00025120284
169,73,0.00060689636
170,73,0.0009762179
171,73,0.0003507873
172,73,0.0005176291
173,73,0.00062052626
174,73,0.00022314303
175,73,0.00021585822
176,73,0.00023492891
177,73,5.472172e-05
178,73,0.00028516352
179,73,0.0005289223
180,73,0.00079316087
181,73,0.00048418343
182,73,0.0003779875
183,73,0.00025538076
184,73,0.00029157288
185,73,8.677691e-05
186,73,0.00041220896
187,73,-0.0002760738
188,73,0.00017236918
189,73,0.00032980088
190,73,5.3174794e-05
191,73,0.00041376892
192,73,-9.197742e-06
193,73,0.0005816659
194,73,0.0004077172
195,73,2.075918e-06
196,73,-2.76668e-05
197,73,0.0003585145
198,73,0.00051673036
199,73,0.0004953556
200,73,0.00017990917
201,73,-0.00020383392
202,73,0.0002989266
203,73,0.0003901217
204,73,0.0003736755
205,73,0.00080586784
206,73,0.00048298482
207,73,-5.253218e-05
208,73,0.00026546698
209,73,0.0006903261
210,73,0.0008078059
211,73,0.00056418125
212,73,0.0007495908
213,73,0.0010028249
214,73,0.0007750271
215,73,0.00058410875
216,73,0.00040259212
217,73,-4.3505803e-05
218,73,0.00052341446
219,73,0.00040870626
220,73,0.00044803414
221,73,0.00039689243
222,73,0.0008346215
223,73,0.0005631391
224,73,-4.861504e-05
225,73,0.00059966743
226,73,-0.00066995434
227,73,0.0002653785
228,73,0.0007741079
229,73,0.00076004583
230,73,-0.00011756644
231,73,0.00047632027
232,73,0.00026938505
233,73,0.0004350394
234,73,0.00049853604
235,73,0.000652357
236,73,0.0009376751
237,73,-0.00019772816
238,73,0.0005873712
239,73,5.2252784e-05
240,73,0.0008317074
241,73,0.00052175764
242,73,0.0005990546
243,73,0.0008591814
244,73,0.0009260755
245,73,0.000420101
246,73,0.0005493099
247,73,0.00047209952
248,73,0.0003732005
249,73,0.0002519153
250,73,-0.00027442258
251,73,0.0004406711
252,73,0.00036286842
253,73,0.0009958446
254,73,0.001457232
255,73,0.00074147526
256,73,0.0002586739
257,73,0.00037221052
258,73,0.00048371963
259,73,0.0005035605
260,73,0.0006600553
261,73,0.00090919714
262,73,0.0006167237
263,73,0.0009640781
264,73,0.0007440867
265,73,0.00037904456
266,73,0.0008282587
267,73,0.00030741096
268,73,0.0003183391
269,73,0.0004946757
270,73,0.00090928376
271,73,0.00028905366
272,73,0.00025392883
273,73,9.554345e-05
274,73,0.0006479798
275,73,0.00025895052
276,73,0.00019884016
277,73,0.00045360252
278,73,0.00025551394
279,73,0.0003003683
280,73,6.32368e-05
281,73,-6.767176e-05
282,73,0.00045702513
283,73,0.00065864343
284,73,0.00025957357
285,73,0.00017963909
286,73,0.00076072756
287,73,0.00037077907
288,73,0.0005481709
289,73,0.0006075008
290,73,0.0008115247
291,73,0.00048396736
292,73,0.00069098454
293,73,0.00041705556
294,73,0.00021221023
295,73,0.00064754114
296,73,0.000828241
297,73,0.00063068885
298,73,0.0001337342
299,73,0.00019593071
300,73,0.00091143325
301,73,0.001111296
302,73,0.000759176
303,73,0.00069793593
304,73,0.0006191358
305,73,0.0011077859
306,73,0.00088630524
307,73,0.0003475044
308,73,0.0011636699
309,73,0.00044909213
310,73,0.0008938443
311,73,0.00061844103
312,73,0.0006486438
313,73,0.00062093977
314,73,0.0007174425
315,73,0.0006061783
316,73,0.00056795403
317,73,0.00055544544
318,73,0.00050488487
319,73,0.00063260645
320,73,0.00080475956
321,73,0.00081711635
322,73,0.00059271976
323,73,0.001043437
324,73,0.00063045695
325,73,0.0009511318
326,73,0.0008295886
327,73,0.00042674318
328,73,0.000594859
329,73,0.000477409
330,73,0.00049632695
331,73,0.00022464152
332,73,0.0005102474
333,73,0.00059952773
334,73,0.0007462492
335,73,0.0004079817
336,73,0.0008538868
337,73,0.0005861977
338,73,0.00049840007
339,73,0.0005958555
340,73,0.0007337127
341,73,0.0006705038
342,73,0.0008246433
343,73,0.00024261512
344,73,0.0006187018
345,73,9.0130605e-05
346,73,0.0009275824
347,73,0.000733586
348,73,0.00028238166
349,73,0.0012146253
350,73,0.00084284693
351,73,0.00044363178
352,73,0.00048322044
353,73,0.000460634
354,73,0.00040155835
355,73,0.00047839712
356,73,-0.00011728797
357,73,0.000827156
358,73,0.0004645195
359,73,0.00088427775
360,73,7.2710216e-05
361,73,0.0006482769
362,73,5.6688674e-05
363,73,0.00044302177
364,73,0.00065984484
365,73,0.00028734282
366,73,0.00054075476
367,73,0.00082245097
368,73,0.00013531838
369,73,0.00071282126
370,73,0.0007525543
371,73,0.00020122249
372,73,0.0006552292
373,73,0.0008393917
374,73,0.00080082193
375,73,0.0005663298
376,73,0.0003066426
377,73,0.00065192115
378,73,-2.2088178e-05
379,73,0.00088960025
380,73,0.0004973365
381,73,0.00080223475
382,73,0.0005363319
383,73,0.00038877502
384,73,0.00019133464
385,73,0.00022595935
386,73,0.0006763041
387,73,0.00086441636
388,73,0.0006061848
389,73,0.00082228426
390,73,0.0007614251
391,73,0.0012714854
392,73,3.641378e-05
393,73,0.0005692886
394,73,0.00068354886
395,73,0.0004993491
396,73,0.000848582
397,73,0.0005417699
398,73,0.0005435636
399,73,0.0005391091
400,73,9.239279e-05
401,73,6.874278e-05
402,73,0.00032759178
403,73,0.0010598442
404,73,0.00045465305
405,73,0.0007252032
406,73,0.0010525947
407,73,0.0006681662
408,73,0.00015735906
409,73,0.0005968418
410,73,0.00059995614
411,73,0.00028368644
412,73,0.00073876046
413,73,7.959455e-05
414,73,0.00054294243
415,73,0.00021472294
416,73,0.00037510693
417,73,0.00036118552
418,73,0.00054573733
419,73,0.00065953843
420,73,0.00019991025
421,73,0.0004952615
422,73,0.0007884661
423,73,0.00053390954
424,73,0.00079100765
425,73,0.0006463034
426,73,0.00013762154
427,73,0.00026747398
428,73,0.00066363905
429,73,0.0006329855
430,73,0.000865642
431,73,0.0007378906
432,73,0.0001919251
433,73,7.0554204e-05
434,73,0.0007399274
435,73,-0.00021235645
436,73,0.00024134293
437,73,0.00013181008
438,73,0.0006608339
439,73,0.00079528335
440,73,0.00021029916
441,73,0.00045939628
442,73,0.00035975967
443,73,0.0004444644
444,73,0.00091109704
445,73,0.00017152168
446,73,0.00040620193
447,73,0.00053901505
448,73,0.00049485266
449,73,0.00085895136
450,73,0.00045995973
451,73,0.00024690386
452,73,0.0002487423
453,73,-9.52743e-07
454,73,0.0006295005
455,73,0.00073921867
456,73,0.00039737858
457,73,0.0007463116
458,73,0.00028200448
459,73,0.0005192086
460,73,0.0005829595
461,73,0.00066191517
462,73,9.578001e-05
463,73,0.0005586576
464,73,0.00055359956
465,73,0.0005164342
466,73,0.00044419803
467,73,0.0005320171
468,73,0.00074974634
469,73,0.0007802807
470,73,0.00012858957
471,73,0.00055945106
472,73,0.0006821323
473,73,0.00043895375
474,73,0.0005432768
475,73,0.0005973801
476,73,0.00064859074
477,73,0.0005516866
478,73,0.00070990995
479,73,0.00053038076
480,73,0.00013084244
481,73,0.0004473515
482,73,0.00048842654
483,73,0.000349354
484,73,0.00048495922
485,73,0.000361925
486,73,0.0005434975
487,73,0.0003416296
488,73,-3.5001896e-05
489,73,0.00015746336
490,73,0.0005262811
491,73,0.0002569724
492,73,0.00042214617
493,73,0.00020517502
494,73,0.0005682744
0,74,0.00058607664
1,74,0.0005877856
2,74,0.00067813694
3,74,0.0005680956
4,74,0.0007910961
5,74,0.00042018108
6,74,0.0005181916
7,74,
8,74,
9,74,
10,74,
11,74,
12,74,
13,74,
14,74,
15,74,
16,74,
17,74,
18,74,
19,74,
20,74,
21,74,
22,74,
23,74,
24,74,
25,74,
26,74,
27,74,0.00029402785
28,74,0.0003330456
29,74,0.0004585823
30,74,0.00083594583
31,74,7.5805e-05
32,74,-0.00015220419
33,74,0.0001609018
34,74,0.00044868886
35,74,0.0002836818
36,74,8.78023e-05
37,74,0.0004233122
38,74,0.0006256243
39,74,0.00040120073
40,74,0.00036343746
41,74,0.00047573633
42,74,0.00021369942
43,74,0.00031443033
44,74,0.0003127046
45,74,0.00029805675
46,74,0.00050742645
47,74,0.00091256015
48,74,0.00047555938
49,74,0.0005438421
50,74,0.00042862818
51,74,0.0005611377
52,74,0.0003511468
53,74,0.00072951335
54,74,0.00029720552
55,74,0.0011335779
56,74,9.5989555e-05
57,74,0.00084974803
58,74,-7.6877885e-05
59,74,0.00056795496
60,74,5.0090253e-05
61,74,0.0008743061
62,74,0.0005402444
63,74,0.00057249144
64,74,0.00023892708
65,74,0.00031774584
66,74,-2.4366193e-05
67,74,0.0005169958
68,74,0.00042858254
69,74,0.00048782956
70,74,0.0007906016
71,74,0.000856258
72,74,0.00043630786
73,74,0.00013224874
74,74,0.00036264677
75,74,0.00033652317
76,74,0.0002911687
77,74,0.00042731315
78,74,0.00030758977
79,74,0.0004936103
80,74,0.0005627582
81,74,0.00054778997
82,74,4.408043e-05
83,74,-0.00013050996
84,74,0.0011286978
85,74,0.00057573896
86,74,4.2810105e-05
87,74,0.0008130362
88,74,0.00048436504
89,74,-8.986518e-05
90,74,-8.8651665e-05
91,74,0.0001667235
92,74,0.000306651
93,74,0.00021658465
94,74,0.0005768435
95,74,0.0006539151
96,74,-0.0001134444
97,74,0.0006314311
98,74,0.00071320496
99,74,0.00097321067
100,74,0.00073743146
101,74,0.00055970624
102,74,0.00043102633
103,74,0.0006335024
104,74,0.00023358874
105,74,0.00074815843
106,74,0.00044781528
107,74,
108,74,
109,74,
110,74,
111,74,
112,74,
113,74,
114,74,
115,74,
116,74,
117,74,
118,74,
119,74,
120,74,
121,74,0.0011120932
122,74,
123,74,
124,74,
125,74,
126,74,
127,74,
128,74,
129,74,
130,74,
131,74,
132,74,
133,74,
134,74,
135,74,
136,74,
137,74,
138,74,
139,74,
140,74,
141,74,
142,74,
143,74,
144,74,
145,74,
146,74,
147,74,
148,74,
149,74,
150,74,
151,74,
152,74,
153,74,
154,74,
155,74,
156,74,
157,74,
158,74,0.00014951918
159,74,0.00020068604
160,74,-0.00033187587
161,74,0.0011487976
162,74,0.0007343758
163,74,0.0005102819
164,74,0.00037762895
165,74,0.00023815222
166,74,0.0006600218
167,74,0.00019049924
168,74,-0.000257086
169,74,0.00056107435
170,74,0.00039890222
171,74,-7.8898855e-05
172,74,0.00083459914
173,74,0.00071496423
174,74,0.0004627714
175,74,-0.00011309702
176,74,0.0005537281
177,74,0.0002561612
178,74,0.00066890474
179,74,0.0004262738
180,74,0.0003765244
181,74,0.00025329273
182,74,0.0003489554
183,74,0.0005423827
184,74,0.0003595436
185,74,0.00053112395
186,74,0.0009352695
187,74,0.00039683655
188,74,0.0003285017
189,74,0.00011332426
190,74,0.0002963245
191,74,0.00032164156
192,74,0.0007598419
193,74,0.0006790394
194,74,0.0005488228
195,74,0.00030846708
196,74,-0.00015405752
197,74,0.00077499077
198,74,0.0006238222
199,74,0.00022539869
200,74,0.0004616361
201,74,0.00027204677
202,74,0.0006440664
203,74,0.0001956746
204,74,0.00048620906
205,74,0.00071578845
206,74,0.00031835027
207,74,0.0006102966
208,74,0.00018626731
209,74,0.00016113836
210,74,1.002755e-05
211,74,0.00031440426
212,74,0.0008142069
213,74,-9.748153e-06
214,74,0.00060250796
215,74,0.0001792917
216,74,0.00015489105
217,74,0.00037125405
218,74,0.0003535878
219,74,0.00041155145
220,74,0.00036303047
221,74,0.000912481
222,74,0.0004733624
223,74,0.0007560663
224,74,0.00062192325
225,74,0.00069196615
226,74,0.00022019539
227,74,0.0005525807
228,74,-0.00020399038
229,74,0.00049459934
230,74,0.00010373164
231,74,0.00073796697
232,74,0.0011116024
233,74,0.0006020032
234,74,0.00054058153
235,74,0.0007263152
236,74,0.00029609166
237,74,0.0010441113
238,74,0.0005064849
239,74,0.00029996224
240,74,0.00090257544
241,74,0.0010318421
242,74,0.0007935632
243,74,5.6466088e-05
244,74,0.00037916657
245,74,0.00087420456
246,74,0.000606345
247,74,0.00022131484
248,74,0.0005038921
249,74,0.00057157036
250,74,0.0005657561
251,74,0.00030868687
252,74,0.00011407025
253,74,0.00025037397
254,74,0.00023060571
255,74,0.0003072098
256,74,0.0005051661
257,74,0.0011268882
258,74,0.0011001043
259,74,0.00017088093
260,74,0.00026247278
261,74,0.0010242267
262,74,0.00039158203
263,74,0.00091604237
264,74,0.0005365405
265,74,0.0009425804
266,74,0.0008677952
267,74,0.00059493445
268,74,0.00038882345
269,74,0.00075416826
270,74,0.0004349677
271,74,0.0003744606
272,74,0.0006192485
273,74,0.00058521423
274,74,0.00015851762
275,74,0.00031138398
276,74,0.000855064
277,74,0.00035662577
278,74,-0.00012337975
279,74,0.0011674622
280,74,-3.517419e-05
281,74,0.0004384257
282,74,0.00038412493
283,74,0.00057085603
284,74,0.00015448034
285,74,0.0008954834
286,74,0.0003526928
287,74,0.0007891385
288,74,0.0005127322
289,74,0.0010005636
290,74,0.001153077
291,74,0.00076230336
292,74,0.00066881813
293,74,0.0004844265
294,74,0.00047611073
295,74,0.00079905335
296,74,0.0010574823
297,74,0.00029899366
298,74,0.00049080513
299,74,0.00066134613
300,74,0.00017426163
301,74,0.00071222894
302,74,0.00075281505
303,74,0.0005411599
304,74,0.0002889391
305,74,0.00031575188
306,74,0.00058347173
307,74,0.001091498
308,74,0.0011091493
309,74,0.0005739955
310,74,0.0012785746
311,74,0.00076064747
312,74,0.0008490123
313,74,0.0009819008
314,74,0.0006896276
315,74,0.00082247704
316,74,0.0004130425
317,74,0.0008097971
318,74,0.0010775728
319,74,0.00079651736
320,74,0.00056572724
321,74,0.00075235683
322,74,0.0010567987
323,74,0.00020173471
324,74,0.00087946
325,74,0.0006378675
326,74,0.00051017106
327,74,0.0006559957
328,74,0.00046182703
329,74,0.00089595746
330,74,0.0006028656
331,74,0.00086270086
332,74,0.0004844861
333,74,0.0009685904
334,74,0.00033690594
335,74,0.0005849032
336,74,0.00040383823
337,74,0.000851267
338,74,0.0009459462
339,74,0.0005831383
340,74,0.0005088514
341,74,0.0012156116
342,74,0.0005804403
343,74,0.0008844603
344,74,0.00063045975
345,74,0.00064231735
346,74,0.0008153524
347,74,0.00066012796
348,74,0.00028298423
349,74,0.00034993142
350,74,0.0009780508
351,74,0.00046500377
352,74,0.0006562704
353,74,0.0002633715
354,74,0.00043249503
355,74,0.000523339
356,74,-2.3143366e-05
357,74,0.0010616183
358,74,0.00025325362
359,74,0.0008270461
360,74,0.00055358466
361,74,0.0010532131
362,74,0.0004781885
363,74,0.00053235143
364,74,0.000755053
365,74,0.0006991662
366,74,0.0005897926
367,74,0.00080567505
368,74,0.00039230287
369,74,0.0010949932
370,74,0.00014158152
371,74,0.00039735436
372,74,8.3279796e-05
373,74,0.0013603074
374,74,0.00071575865
375,74,0.0003785696
376,74,0.0002782587
377,74,0.00035269093
378,74,0.00045008305
379,74,0.0005045058
380,74,0.00083624944
381,74,0.000972162
382,74,0.00067360513
383,74,0.0005137343
384,74,0.0010269778
385,74,0.0009275405
386,74,0.00062370114
387,74,0.000830451
388,74,0.0005135359
389,74,0.00066384394
390,74,0.00086334813
391,74,0.0005987063
392,74,0.0005401857
393,74,0.00035869796
394,74,0.00081724674
395,74,0.00056429766
396,74,0.0007198546
397,74,0.0009997217
398,74,0.0006510969
399,74,0.00033279974
400,74,0.0009881258
401,74,0.00085259415
402,74,0.0006601801
403,74,0.00073306356
404,74,0.00041805115
405,74,0.0006061662
406,74,0.00070772506
407,74,0.00074627344
408,74,0.00049710926
409,74,0.00086506177
410,74,0.0006157132
411,74,0.00063345395
412,74,0.000591401
413,74,0.0005004816
414,74,0.0005068118
415,74,0.00042473804
416,74,0.00045486633
417,74,0.0006069178
418,74,0.0002657557
419,74,0.00058610365
420,74,0.00089513697
421,74,0.0010677604
422,74,0.00064011756
423,74,0.0005519185
424,74,0.00035721716
425,74,0.00092612486
426,74,2.8924085e-05
427,74,0.0011159638
428,74,0.00037476793
429,74,0.0003811214
430,74,0.0005617272
431,74,0.00074760336
432,74,0.00018666498
433,74,0.0006902702
434,74,0.00075991824
435,74,0.00075455103
436,74,0.00089449994
437,74,0.001136207
438,74,0.00075216964
439,74,0.0005994672
440,74,0.00047287904
441,74,0.00045721326
442,74,0.00067897234
443,74,0.00035058614
444,74,0.00014816318
445,74,-6.19106e-05
446,74,0.00094402116
447,74,0.0004861597
448,74,0.000815426
449,74,0.00056512933
450,74,0.00049277395
451,74,0.00055434555
452,74,6.978959e-05
453,74,6.906688e-05
454,74,0.00044048112
455,74,0.0006316649
456,74,0.00038952287
457,74,0.00059262756
458,74,0.00051004626
459,74,0.0006097192
460,74,0.0002530506
461,74,0.0006078221
462,74,0.00067658536
463,74,0.0009840336
464,74,0.00050417054
465,74,0.0008307453
466,74,0.00031189527
467,74,0.0009225849
468,74,0.0004731454
469,74,0.00051818416
470,74,0.0009017177
471,74,0.00045165606
472,74,0.00041396078
473,74,0.00079826266
474,74,0.00050087366
475,74,0.0008385554
476,74,0.0004861299
477,74,0.0006880956
478,74,0.0008044932
479,74,0.00074312
480,74,0.00069762394
481,74,0.0003017718
482,74,0.0011007991
483,74,0.00076425634
484,74,0.0007637553
485,74,0.00041205622
486,74,0.0009435136
487,74,0.0007630503
488,74,0.0005393736
489,74,0.0008805124
490,74,0.00030824915
491,74,0.0009380961
492,74,0.000529577
493,74,0.000637508
494,74,0.0003701141
0,75,0.0012485404
1,75,
2,75,0.0010983888
3,75,0.0004110532
4,75,0.00096895546
5,75,0.00083604734
6,75,0.0006054491
7,75,
8,75,
9,75,
10,75,
11,75,
12,75,
13,75,
14,75,
15,75,
16,75,
17,75,
18,75,
19,75,
20,75,
21,75,
22,75,
23,75,
24,75,
25,75,
26,75,0.00062284246
27,75,0.0001244992
28,75,4.980713e-06
29,75,0.00019430183
30,75,0.00053120777
31,75,0.00048181415
32,75,0.00027249008
33,75,0.00029960647
34,75,0.00052522495
35,75,0.0005443236
36,75,0.000933527
37,75,0.0003505675
38,75,0.0007988876
39,75,0.0009850962
40,75,0.0005909186
41,75,0.00050348975
42,75,0.00039149355
43,75,0.00044139847
44,75,0.0006589694
45,75,0.00023127906
46,75,0.0005471166
47,75,0.0005570557
48,75,0.00097196177
49,75,0.00028392114
50,75,0.000846982
51,75,0.0010233857
52,75,0.0011499329
53,75,0.00060388073
54,75,0.00013387762
55,75,0.00073097367
56,75,-4.754681e-05
57,75,0.0004193643
58,75,-1.6812235e-05
59,75,0.00039265398
60,75,-4.1227788e-05
61,75,0.00087009
62,75,0.0002550343
63,75,0.00019497331
64,75,0.0009557083
65,75,0.0005608285
66,75,0.0006846227
67,75,0.0009265607
68,75,0.0003566239
69,75,0.00044738315
70,75,0.00079893507
71,75,0.0011338852
72,75,4.498381e-05
73,75,0.00017780624
74,75,0.0009885561
75,75,0.00047248136
76,75,0.0009365408
77,75,0.00086595677
78,75,0.0006935559
79,75,0.00045032054
80,75,0.0012759557
81,75,5.3483993e-05
82,75,0.0004021423
83,75,0.00066071283
84,75,0.0011750795
85,75,0.00040612556
86,75,0.00029316358
87,75,0.0008526398
88,75,0.00051603373
89,75,0.00056922063
90,75,0.00014258083
91,75,0.0002723923
92,75,0.00062514096
93,75,-2.9630959e-05
94,75,0.0006091641
95,75,0.0009957319
96,75,0.00091578905
97,75,0.00049707666
98,75,0.00075792614
99,75,0.00066265464
100,75,0.000295477
101,75,0.0005928688
102,75,0.0009465385
103,75,0.00037686806
104,75,0.0006130785
105,75,0.00041210186
106,75,0.001306532
107,75,
108,75,
109,75,0.0010518963
110,75,
111,75,
112,75,
113,75,
114,75,
115,75,
116,75,
117,75,
118,75,
119,75,
120,75,
121,75,
122,75,
123,75,
124,75,
125,75,
126,75,
127,75,
128,75,
129,75,
130,75,
131,75,
132,75,
133,75,
134,75,
135,75,0.00033553876
136,75,
137,75,
138,75,
139,75,
140,75,
141,75,-4.0273182e-05
142,75,
143,75,
144,75,
145,75,
146,75,
147,75,
148,75,
149,75,
150,75,
151,75,
152,75,
153,75,
154,75,0.0002121022
155,75,
156,75,
157,75,
158,75,
159,75,0.0005471576
160,75,0.0006056493
161,75,0.00076756347
162,75,0.00055733323
163,75,0.0009877989
164,75,0.00056685787
165,75,0.00049051456
166,75,0.00046288688
167,75,0.00020063203
168,75,1.4148653e-05
169,75,0.00011896528
170,75,0.00018713903
171,75,0.000120959245
172,75,0.00041029416
173,75,0.00033600815
174,75,0.0002539521
175,75,0.00086312834
176,75,7.278845e-05
177,75,0.00025905762
178,75,0.00037643407
179,75,0.00010752957
180,75,0.00024372432
181,75,0.00015806593
182,75,0.00039732177
183,75,0.00094830245
184,75,0.00054016244
185,75,0.00044101942
186,75,0.0005467776
187,75,3.878027e-06
188,75,0.00036709942
189,75,0.0003566863
190,75,0.0005770251
191,75,8.8701956e-05
192,75,0.0001175534
193,75,-7.845182e-05
194,75,0.00024106167
195,75,0.00043642707
196,75,0.00041898526
197,75,0.0006951587
198,75,0.0003362801
199,75,0.0001850659
200,75,-2.9759482e-05
201,75,6.384868e-05
202,75,0.00021425635
203,75,0.00073623564
204,75,0.0011034263
205,75,0.0004550945
206,75,0.00033347867
207,75,0.0010224059
208,75,0.00028432813
209,75,0.0009724032
210,75,0.000215807
211,75,0.00049089734
212,75,0.00018671528
213,75,0.00066657737
214,75,0.0008054506
215,75,0.00030644517
216,75,0.0009846194
217,75,0.0003718473
218,75,0.0007457435
219,75,0.00022170413
220,75,0.001199767
221,75,-0.00010916032
222,75,0.0003599124
223,75,0.00043209828
224,75,0.00014616828
225,75,0.0006141765
226,75,0.00040906295
227,75,0.0005354909
228,75,0.0005924348
229,75,0.00043185893
230,75,0.00033631176
231,75,0.00034155045
232,75,0.0007642098
233,75,0.00034073833
234,75,0.00027316064
235,75,0.00045139622
236,75,0.00019850489
237,75,0.00051361416
238,75,0.00066166
239,75,0.0007317541
240,75,0.0009084828
241,75,0.0002618851
242,75,0.0007763617
243,75,0.0008941125
244,75,0.000709719
245,75,0.00073620025
246,75,0.00086243544
247,75,0.00021126866
248,75,0.00060999114
249,75,0.0004653223
250,75,0.0010828869
251,75,0.0007134713
252,75,-1.3715588e-05
253,75,0.00050811097
254,75,0.00036539976
255,75,0.0009117052
256,75,0.00062140264
257,75,0.00046691392
258,75,0.00034469645
259,75,0.00051948614
260,75,0.000875338
261,75,0.00086287316
262,75,0.0005996693
263,75,0.00088182464
264,75,0.0012668101
265,75,0.0007491652
266,75,0.00069226604
267,75,0.0007836241
268,75,0.0004613353
269,75,2.9429793e-07
270,75,0.000829231
271,75,0.0005426686
272,75,-1.7123297e-05
273,75,0.00046243425
274,75,0.00080503337
275,75,0.00026257616
276,75,
277,75,
278,75,
279,75,0.00043149292
280,75,
281,75,
282,75,0.00074695516
283,75,
284,75,0.0006042626
285,75,0.00049526617
286,75,0.0005030567
287,75,6.86571e-05
288,75,-9.1637485e-05
289,75,0.00076366775
290,75,5.608704e-05
291,75,0.0005594753
292,75,0.00050005503
293,75,0.0007483568
294,75,9.313878e-05
295,75,0.00049245264
296,75,0.0005225837
297,75,0.0009289775
298,75,0.0006838441
299,75,0.00054852106
300,75,0.00024873018
301,75,0.00087835453
302,75,0.00074369926
303,75,0.0003501894
304,75,0.0008294899
305,75,0.000823034
306,75,0.00042345468
307,75,0.00032549724
308,75,0.0008518696
309,75,0.0008484535
310,75,0.00095571484
311,75,0.0009356132
312,75,0.0010024467
313,75,0.00062712654
314,75,0.0008872021
315,75,0.0005410323
316,75,0.0008727722
317,75,0.0004469026
318,75,0.00048661605
319,75,0.00053061824
320,75,0.0009617321
321,75,0.00064111315
322,75,0.00079444144
323,75,0.00054097176
324,75,0.0004581483
325,75,0.00044688024
326,75,0.0009631384
327,75,0.000939494
328,75,0.00086260494
329,75,0.00033601467
330,75,0.0009847162
331,75,0.0005349312
332,75,0.00056525134
333,75,0.00048701
334,75,0.0008471804
335,75,0.00073209684
336,75,0.0010650428
337,75,0.00055678
338,75,0.00078765396
339,75,0.0005341843
340,75,0.00040604733
341,75,0.0005837269
342,75,0.0005246708
343,75,0.00028099865
344,75,0.0002363706
345,75,0.00071601477
346,75,0.00050947815
347,75,0.0011214335
348,75,1.2673438e-05
349,75,0.0008710306
350,75,0.00024531595
351,75,0.0006621983
352,75,0.0002097534
353,75,0.00046870857
354,75,0.0002452582
355,75,0.0007853722
356,75,0.0008367831
357,75,0.00033375528
358,75,0.0009090528
359,75,0.0009181313
360,75,0.0011734497
361,75,0.00034749042
362,75,0.0008965451
363,75,0.00059706345
364,75,0.0006119469
365,75,-0.0002496941
366,75,0.0005462179
367,75,0.0009183204
368,75,0.0007325588
369,75,0.00056616776
370,75,0.0005591782
371,75,0.00018315483
372,75,0.0003288025
373,75,0.0006785169
374,75,0.001061595
375,75,0.000118045136
376,75,0.00024689548
377,75,0.0004375521
378,75,0.0009789374
379,75,0.00088447426
380,75,0.00017356034
381,75,0.00039228518
382,75,0.00034778658
383,75,0.00069229864
384,75,0.0009711394
385,75,0.0003313031
386,75,0.00052668527
387,75,0.0004188381
388,75,0.00033895113
389,75,0.00063311774
390,75,4.8931688e-05
391,75,0.00049211364
392,75,0.00033552572
393,75,0.00074328296
394,75,0.00045242626
395,75,0.00035744347
396,75,0.0002814522
397,75,0.0011383751
398,75,0.00074333046
399,75,0.0012591388
400,75,0.0009797653
401,75,0.0005206913
402,75,0.001010119
403,75,0.0006586006
404,75,0.0004205536
405,75,0.0008653961
406,75,0.0006154543
407,75,0.0009004846
408,75,0.00047515705
409,75,0.0005990956
410,75,0.0007559825
411,75,0.000176372
412,75,-0.00031675585
413,75,0.0006058365
414,75,0.00050686114
415,75,0.0008760514
416,75,0.0004660776
417,75,0.00036520138
418,75,0.00038826
419,75,0.0002975585
420,75,0.0006240541
421,75,0.00038225576
422,75,0.00024228357
423,75,0.00038353074
424,75,0.00037815236
425,75,0.0002387045
426,75,0.0009086905
427,75,0.00079854485
428,75,0.0011216644
429,75,0.0007440187
430,75,0.00047333539
431,75,0.00046915188
432,75,0.0007523522
433,75,0.0006129667
434,75,0.00059196446
435,75,0.0004434362
436,75,0.00046377815
437,75,0.0006091958
438,75,0.00067274366
439,75,0.0004204344
440,75,0.0007068161
441,75,0.0008360036
442,75,0.00054599904
443,75,0.0009616716
444,75,0.00036576297
445,75,0.0005169716
446,75,0.0010057837
447,75,0.00072482415
448,75,0.0009144088
449,75,-1.7828308e-05
450,75,0.0010380168
451,75,0.00053678546
452,75,0.00028093997
453,75,6.2962994e-05
454,75,0.0010599075
455,75,0.0005651349
456,75,0.000808564
457,75,0.0006676223
458,75,0.0007250374
459,75,0.0007116953
460,75,0.0006753672
461,75,0.00050049834
462,75,0.0005929256
463,75,0.00068010297
464,75,0.0005265027
465,75,0.00062772725
466,75,0.000739865
467,75,0.00043348875
468,75,0.00034397002
469,75,0.0010468625
470,75,0.000977939
471,75,0.0005967971
472,75,0.0004179543
473,75,0.00044897012
474,75,0.00023065507
475,75,0.001170896
476,75,0.00036403257
477,75,0.0005617002
478,75,0.0004177587
479,75,0.00061799865
480,75,0.0002261484
481,75,0.00051639415
482,75,0.00091560185
483,75,0.0009200657
484,75,0.0012143105
485,75,0.000369953
486,75,0.00038541853
487,75,0.00020444673
488,75,9.773951e-05
489,75,0.00080875773
490,75,6.0394406e-05
491,75,0.000574491
492,75,0.00034887996
493,75,0.00062704645
494,75,0.0005288292
0,76,
1,76,0.00032013282
2,76,0.0007075947
3,76,0.00042045675
4,76,0.0010312572
5,76,0.0009562792
6,76,0.0006185658
7,76,
8,76,
9,76,
10,76,
11,76,
12,76,
13,76,
14,76,
15,76,
16,76,
17,76,
18,76,
19,76,0.00058216974
20,76,
21,76,
22,76,
23,76,
24,76,
25,76,
26,76,
27,76,
28,76,0.00031353068
29,76,0.0002564555
30,76,0.00026540458
31,76,0.00022109039
32,76,0.00068868976
33,76,0.00035480596
34,76,0.0008033123
35,76,-0.00012896769
36,76,0.00054399204
37,76,3.6372803e-05
38,76,0.0007113693
39,76,0.000169985
40,76,0.000709489
41,76,0.00063918997
42,76,0.00037408248
43,76,0.00076926406
44,76,0.0006564921
45,76,1.15558505e-05
46,76,0.0005923901
47,76,0.00047556125
48,76,0.00024673436
49,76,0.00038468745
50,76,0.0008817073
51,76,0.00014759228
52,76,0.00057257153
53,76,0.0002649855
54,76,0.00032639876
55,76,0.0003446713
56,76,0.00056143757
57,76,0.00096661877
58,76,0.00023628213
59,76,0.0005077394
60,76,0.00027534086
61,76,0.00042366516
62,76,0.0008741934
63,76,0.00050685275
64,76,0.00049953535
65,76,0.00010309182
66,76,1.1882745e-05
67,76,0.0012483522
68,76,0.0008781161
69,76,0.001218671
70,76,0.00022703875
71,76,0.0007725768
72,76,0.00011034403
73,76,0.00023851264
74,76,0.00034771953
75,76,0.00036456995
76,76,0.00070661213
77,76,-0.0002247123
78,76,0.0006104447
79,76,0.0002261838
80,76,-9.2666596e-07
81,76,0.00079388916
82,76,-0.00014085695
83,76,0.00032274518
84,76,0.00015160907
85,76,0.00061584543
86,76,0.0001798356
87,76,0.00042838976
88,76,0.0002428405
89,76,0.00041354075
90,76,0.00061355997
91,76,0.0002550399
92,76,0.00084181316
93,76,0.0004652422
94,76,0.00022124778
95,76,0.000650757
96,76,0.00043494906
97,76,0.0007189177
98,76,0.00056255236
99,76,0.0007931264
100,76,0.0004975833
101,76,0.00030355528
102,76,0.00046293996
103,76,0.00038042478
104,76,0.00019882526
105,76,0.00077631697
106,76,
107,76,
108,76,
109,76,
110,76,
111,76,
112,76,
113,76,
114,76,
115,76,
116,76,
117,76,
118,76,
119,76,
120,76,
121,76,
122,76,
123,76,
124,76,
125,76,
126,76,
127,76,
128,76,
129,76,
130,76,
131,76,0.00028007384
132,76,
133,76,
134,76,
135,76,
136,76,
137,76,0.00046999566
138,76,
139,76,
140,76,
141,76,0.00031493139
142,76,
143,76,
144,76,
145,76,
146,76,
147,76,
148,76,
149,76,
150,76,
151,76,
152,76,
153,76,
154,76,
155,76,
156,76,
157,76,
158,76,
159,76,
160,76,0.0010564374
161,76,0.00048438925
162,76,0.00029893406
163,76,0.00070028566
164,76,0.0006230539
165,76,0.00085168146
166,76,0.0006051697
167,76,0.00071675796
168,76,0.00031974912
169,76,0.00012811087
170,76,0.0009142179
171,76,0.0002831379
172,76,0.00038557872
173,76,0.00037847832
174,76,-0.00011073053
175,76,0.00026814453
176,76,0.00014264323
177,76,0.00052597467
178,76,0.0004296461
179,76,0.00038331375
180,76,0.0004616566
181,76,0.00031473115
182,76,0.00046024658
183,76,0.00035920646
184,76,0.00030954275
185,76,0.0006675394
186,76,0.0006383471
187,76,5.122833e-05
188,76,7.0104375e-05
189,76,0.00029192585
190,76,3.810972e-06
191,76,0.00078754686
192,76,6.378163e-05
193,76,0.00032556523
194,76,0.00042470917
195,76,0.00040600728
196,76,0.00029638968
197,76,0.00039724447
198,76,0.0005658828
199,76,0.00012620725
200,76,0.00016965251
201,76,0.0010656714
202,76,0.0005078232
203,76,0.0006865123
204,76,0.000534432
205,76,0.0005526822
206,76,0.0007529827
207,76,0.00051256176
208,76,0.0002426384
209,76,0.0009257868
210,76,0.00042815134
211,76,0.00034795608
212,76,0.00036704168
213,76,3.597699e-05
214,76,0.00022155326
215,76,0.0006151758
216,76,0.0011820924
217,76,-0.00011558179
218,76,0.000102566555
219,76,0.0004667621
220,76,0.00051617343
221,76,0.00024328567
222,76,-0.0003182739
223,76,0.00095051434
224,76,0.00013707299
225,76,0.00036040228
226,76,0.00028344523
227,76,-6.85025e-05
228,76,7.1842223e-06
229,76,0.0003247941
230,76,0.00014981441
231,76,0.0005121296
232,76,0.00087242015
233,76,0.00079504214
234,76,0.0005222168
235,76,0.00044225343
236,76,0.00085424725
237,76,1.8897466e-05
238,76,0.00072441436
239,76,0.0002799835
240,76,0.0006135702
241,76,0.00014035963
242,76,0.00039732736
243,76,0.00055488385
244,76,0.0004878221
245,76,0.0004442092
246,76,2.5704503e-05
247,76,0.000498808
248,76,0.0006748559
249,76,0.0009787614
250,76,0.00048660673
251,76,0.0009672884
252,76,0.0003273748
253,76,0.0005979799
254,76,0.00022123847
255,76,0.00034927763
256,76,7.758755e-05
257,76,0.0003590528
258,76,0.0005835993
259,76,0.0006708428
260,76,0.00093559455
261,76,0.0007996401
262,76,0.0005172463
263,76,0.0003998112
264,76,0.00010213163
265,76,0.00074924063
266,76,0.0005521858
267,76,0.0006282078
268,76,0.0007585557
269,76,0.0017083902
270,76,0.00071083754
271,76,0.00049809366
272,76,0.0005930299
273,76,0.0007059667
274,76,0.0007043211
275,76,0.00011120923
276,76,0.00014141947
277,76,
278,76,
279,76,
280,76,
281,76,
282,76,
283,76,
284,76,
285,76,0.00031577982
286,76,0.00056920014
287,76,8.4955245e-06
288,76,
289,76,0.00018859189
290,76,1.994893e-06
291,76,0.0007865457
292,76,0.0009383131
293,76,-2.2542663e-05
294,76,0.0009352863
295,76,0.0003975397
296,76,6.835256e-05
297,76,0.00063659064
298,76,0.0003509475
299,76,0.00067012664
300,76,0.0007200595
301,76,0.00049137603
302,76,0.0008700909
303,76,0.00026476476
304,76,0.0007233545
305,76,0.00054606143
306,76,0.0007953057
307,76,0.0008779522
308,76,0.0008745566
309,76,0.00086619984
310,76,0.0005063638
311,76,0.0005616993
312,76,0.0006293133
313,76,0.0005035661
314,76,0.00078894384
315,76,0.000385168
316,76,0.00072473567
317,76,0.0005641645
318,76,0.00025117863
319,76,0.00050194096
320,76,0.00074999407
321,76,0.00082950667
322,76,0.00043949578
323,76,0.00028390437
324,76,0.0008982308
325,76,0.0009298697
326,76,0.00048289448
327,76,0.0009845439
328,76,0.0010412494
329,76,0.00082808733
330,76,0.00014918484
331,76,0.0010512015
332,76,0.0010490734
333,76,0.0006804066
334,76,0.0007115919
335,76,0.00038229767
336,76,0.0007987628
337,76,0.000766173
338,76,0.0008504316
339,76,0.00072303694
340,76,0.00084628444
341,76,0.0005980991
342,76,0.0007045828
343,76,0.00059185177
344,76,0.0012506424
345,76,0.0009782063
346,76,0.0012170626
347,76,0.00050418265
348,76,0.00033750664
349,76,0.00035970286
350,76,0.00052050874
351,76,0.00043136533
352,76,0.000351361
353,76,0.00047335587
354,76,0.0003687041
355,76,0.0005138684
356,76,0.0002483707
357,76,0.00042905193
358,76,0.0003386438
359,76,0.0010973094
360,76,0.00097561907
361,76,0.00073585473
362,76,0.00019717216
363,76,0.00038143154
364,76,0.00071160495
365,76,0.00044201314
366,76,0.0003854148
367,76,0.0005994588
368,76,0.000112397596
369,76,0.0006679166
370,76,7.491186e-05
371,76,0.00012161117
372,76,0.0003035767
373,76,0.0004778076
374,76,0.00016477611
375,76,0.00047152862
376,76,0.00069447793
377,76,0.0005729534
378,76,0.00042558555
379,76,0.00044372212
380,76,0.00012602285
381,76,3.708806e-05
382,76,0.00075505674
383,76,0.00082769245
384,76,0.00086280145
385,76,0.000922624
386,76,0.000556889
387,76,0.00021221116
388,76,0.0006046966
389,76,6.867666e-05
390,76,0.00047965348
391,76,0.0013326667
392,76,1.7518178e-05
393,76,0.0010120412
394,76,0.00022609252
395,76,0.0007534651
396,76,0.00034800544
397,76,4.5569614e-05
398,76,0.0006538285
399,76,0.0013003601
400,76,0.0006517377
401,76,0.00053453445
402,76,0.0007057898
403,76,0.00063612126
404,76,0.00058949087
405,76,0.00044178218
406,76,0.00078948494
407,76,0.0005438216
408,76,0.0006676195
409,76,0.00058057066
410,76,0.000288954
411,76,6.3119456e-05
412,76,0.0003040852
413,76,0.0002788892
414,76,0.00016552489
415,76,0.0006389357
416,76,0.00043892022
417,76,0.000381466
418,76,0.00056445785
419,76,0.0004948266
420,76,0.0008016573
421,76,0.0005745031
422,76,0.00069633406
423,76,0.00088442396
424,76,0.00070143864
425,76,0.00095029175
426,76,0.0007836055
427,76,0.00035905186
428,76,0.0006529223
429,76,0.0005271537
430,76,0.0004784176
431,76,0.0005857721
432,76,0.000552617
433,76,0.00053103734
434,76,0.00091277994
435,76,0.00094151124
436,76,0.00041441526
437,76,0.00026266556
438,76,0.00065226294
439,76,0.0010504881
440,76,0.0006784145
441,76,0.00034933724
442,76,0.00049415044
443,76,0.0005776612
444,76,0.00062222034
445,76,0.0005306434
446,76,0.0002855016
447,76,0.00024453178
448,76,0.0011456143
449,76,0.0006389823
450,76,0.00025320426
451,76,0.00075413287
452,76,0.00051845796
453,76,0.0005850522
454,76,0.00047919992
455,76,0.0009583477
456,76,0.00078629516
457,76,0.00051130354
458,76,0.0011760928
459,76,0.00020769425
460,76,0.00055388734
461,76,0.0006882828
462,76,0.00078655686
463,76,0.0004672706
464,76,0.00070784613
465,76,0.00039535202
466,76,0.00069133844
467,76,0.0005278578
468,76,0.00081277825
469,76,0.0010866318
470,76,0.00057441276
471,76,0.0005030334
472,76,5.374197e-05
473,76,0.000759867
474,76,0.0005312292
475,76,0.000613885
476,76,0.0013484377
477,76,0.0009331787
478,76,0.0011158651
479,76,0.00070281327
480,76,0.00088065676
481,76,0.0006427374
482,76,0.0011754576
483,76,0.00032669771
484,76,0.0011598663
485,76,0.00048411544
486,76,0.00018059835
487,76,0.00079768617
488,76,0.00051987637
489,76,0.00038125552
490,76,0.00073182676
491,76,0.00043114554
492,76,0.00032539666
493,76,0.00018816628
494,76,0.0007077381
0,77,
1,77,0.0009233048
2,77,0.0009993501
3,77,0.00080614537
4,77,0.0004981775
5,77,0.000710913
6,77,0.00082316063
7,77,0.00037822593
8,77,
9,77,
10,77,
11,77,
12,77,
13,77,
14,77,
15,77,
16,77,
17,77,
18,77,
19,77,
20,77,
21,77,
22,77,
23,77,
24,77,
25,77,
26,77,
27,77,1.9013882e-05
28,77,0.00026876107
29,77,0.0010612337
30,77,0.00011182763
31,77,0.00056727603
32,77,0.0005420605
33,77,-0.00013085362
34,77,2.4253502e-05
35,77,0.00080067664
36,77,0.00052100513
37,77,0.0010050293
38,77,2.9550865e-05
39,77,0.00019350275
40,77,0.000578708
41,77,-1.5413389e-05
42,77,0.00025988277
43,77,0.0006027715
44,77,0.0006548157
45,77,0.00047062244
46,77,7.8245066e-05
47,77,-0.00012535509
48,77,0.0005464414
49,77,0.00023498759
50,77,0.0009532189
51,77,-0.000110728666
52,77,0.00031847693
53,77,0.00023008231
54,77,8.7560154e-05
55,77,-7.581711e-05
56,77,0.0003288025
57,77,0.0005389005
58,77,0.00080133416
59,77,0.0009548981
60,77,0.0001833709
61,77,0.0005527884
62,77,0.0006193286
63,77,0.00031185616
64,77,0.00011691637
65,77,0.00017983746
66,77,0.00085566565
67,77,0.00020887982
68,77,0.00026117545
69,77,-0.00024706032
70,77,0.0008986173
71,77,0.00030746404
72,77,0.00045061018
73,77,0.001063385
74,77,0.0007019695
75,77,0.0004614219
76,77,0.0003870381
77,77,0.0004152311
78,77,0.0011006109
79,77,0.0011069551
80,77,0.00059284456
81,77,0.00060903374
82,77,7.505063e-05
83,77,0.0005801646
84,77,0.00028390437
85,77,0.00031678192
86,77,0.00062088296
87,77,0.0006563589
88,77,0.0006010607
89,77,0.00022581592
90,77,0.00041353144
91,77,0.00066097267
92,77,0.00056409556
93,77,0.0005654851
94,77,0.00030242093
95,77,0.00044822134
96,77,0.0010912623
97,77,0.00021477416
98,77,0.00067951716
99,77,0.001043342
100,77,0.0008193571
101,77,
102,77,0.0008907728
103,77,-1.0244548e-05
104,77,0.0007089805
105,77,0.00029230956
106,77,
107,77,
108,77,
109,77,
110,77,
111,77,
112,77,
113,77,
114,77,
115,77,
116,77,
117,77,
118,77,
119,77,
120,77,
121,77,
122,77,
123,77,
124,77,
125,77,
126,77,
127,77,
128,77,
129,77,
130,77,
131,77,
132,77,
133,77,
134,77,
135,77,
136,77,
137,77,
138,77,-2.2839755e-05
139,77,
140,77,
141,77,
142,77,
143,77,
144,77,
145,77,
146,77,
147,77,
148,77,0.00081354566
149,77,
150,77,
151,77,
152,77,
153,77,
154,77,
155,77,
156,77,
157,77,
158,77,
159,77,
160,77,0.00064084213
161,77,2.2649765e-06
162,77,-9.320676e-06
163,77,0.00015453529
164,77,1.7821789e-05
165,77,0.0008665696
166,77,0.00056209415
167,77,0.0007407861
168,77,0.0002484843
169,77,-5.1592477e-05
170,77,0.0001399545
171,77,0.00042691454
172,77,0.00075029023
173,77,0.00035868958
174,77,0.00062447786
175,77,0.00026999973
176,77,0.00070379954
177,77,0.00022323057
178,77,0.0003282223
179,77,0.000867947
180,77,0.0005008606
181,77,0.00033378974
182,77,0.0008728411
183,77,5.120039e-05
184,77,0.00017589144
185,77,0.00013629161
186,77,0.00077916496
187,77,0.00074225664
188,77,0.0011601644
189,77,0.0002994286
190,77,6.452203e-06
191,77,0.00018707104
192,77,0.001058544
193,77,0.0006290218
194,77,0.0003782306
195,77,0.0001936173
196,77,0.0007286165
197,77,0.000514715
198,77,0.00020192098
199,77,0.0002657473
200,77,0.0001023775
201,77,0.0005654972
202,77,-0.00010067504
203,77,0.0005823225
204,77,0.00041963533
205,77,0.0007307222
206,77,0.00064224005
207,77,0.0002791006
208,77,0.00047035702
209,77,0.0009840569
210,77,0.0002551619
211,77,0.0005557388
212,77,0.00065717194
213,77,0.00039278343
214,77,0.00023297034
215,77,0.0004277127
216,77,0.00053681526
217,77,0.00018569734
218,77,0.0004527485
219,77,0.0005035568
220,77,0.00036272593
221,77,0.0005853642
222,77,-5.4577366e-05
223,77,0.00042204838
224,77,0.00028579216
225,77,0.0005183201
226,77,0.0008149231
227,77,0.0006282544
228,77,2.2903085e-05
229,77,0.00027038343
230,77,0.00035124738
231,77,0.0002791062
232,77,0.0008171927
233,77,0.00044193305
234,77,0.00038533565
235,77,0.0007256614
236,77,0.00017955527
237,77,0.00073123537
238,77,0.0006735511
239,77,0.00040476024
240,77,0.00040263403
241,77,0.000575155
242,77,0.0009930413
243,77,0.00025897007
244,77,0.0003554551
245,77,0.0008693319
246,77,0.00049511716
247,77,0.00071952026
248,77,9.1377646e-05
249,77,0.0006666072
250,77,0.00014698319
251,77,0.0006857049
252,77,0.00014907494
253,77,0.0008224873
254,77,0.0006733984
255,77,0.0006538043
256,77,0.0003900528
257,77,0.00021292269
258,77,0.000721151
259,77,0.0010583382
260,77,0.0008549476
261,77,0.00053534843
262,77,5.4148957e-05
263,77,0.00089115277
264,77,0.00069800206
265,77,0.0003746478
266,77,0.00029074214
267,77,0.00072572473
268,77,0.00018243864
269,77,0.0009723874
270,77,0.00058005564
271,77,0.0010613585
272,77,0.00046250038
273,77,0.0004511075
274,77,0.00079459045
275,77,0.00049402006
276,77,0.0007943697
277,77,
278,77,
279,77,
280,77,0.00045596994
281,77,
282,77,
283,77,
284,77,
285,77,0.00036580395
286,77,0.0002495926
287,77,0.00042106956
288,77,0.0006890856
289,77,0.00027349684
290,77,0.000615092
291,77,0.00082079787
292,77,0.00023719575
293,77,0.00046048965
294,77,0.00072288886
295,77,0.0006705569
296,77,0.000892533
297,77,0.0005660234
298,77,0.0005173115
299,77,-4.186947e-05
300,77,0.0005242033
301,77,0.00034579542
302,77,0.00045394525
303,77,0.0008967044
304,77,0.0006801812
305,77,0.0007166285
306,77,0.0003737379
307,77,0.0009683762
308,77,0.00063654967
309,77,0.0005060425
310,77,0.0006927233
311,77,0.00058637746
312,77,0.000331223
313,77,0.0005937861
314,77,0.0010005645
315,77,0.0007033106
316,77,0.00018173456
317,77,0.0007882286
318,77,0.00076159835
319,77,0.00014679134
320,77,0.000681147
321,77,0.00054612104
322,77,0.0007055644
323,77,0.00052914955
324,77,0.0007125279
325,77,0.0008308636
326,77,0.00063643977
327,77,0.00062833074
328,77,0.0005311677
329,77,0.0009632297
330,77,0.00073710363
331,77,0.00055020396
332,77,0.0005649291
333,77,0.00050882995
334,77,0.0006074337
335,77,0.00077404454
336,77,0.00046050083
337,77,0.000662189
338,77,0.0004731547
339,77,0.00084529724
340,77,0.0008440437
341,77,0.000742252
342,77,0.0008656541
343,77,0.0005961051
344,77,0.00065944716
345,77,0.00059199426
346,77,0.00048200786
347,77,0.000715184
348,77,0.0005406933
349,77,0.0003909599
350,77,0.0005703736
351,77,0.0005923677
352,77,0.0004122192
353,77,0.00063411985
354,77,0.00034355465
355,77,0.0009040935
356,77,7.348787e-05
357,77,0.0009182524
358,77,0.00054037664
359,77,4.345551e-06
360,77,0.00042311288
361,77,4.3977052e-05
362,77,0.0003714729
363,77,8.8715926e-05
364,77,0.00023508351
365,77,0.00042785518
366,77,7.46781e-05
367,77,0.00048965495
368,77,0.0002557868
369,77,0.00031457935
370,77,0.0010572197
371,77,0.0004674932
372,77,0.0013276543
373,77,0.0007273508
374,77,3.8254075e-05
375,77,0.0005340986
376,77,0.0005592238
377,77,0.0005479958
378,77,0.00038108602
379,77,0.0006066412
380,77,0.0007865364
381,77,0.00030216947
382,77,0.00030458067
383,77,0.0010947958
384,77,0.0007523354
385,77,0.0005780868
386,77,0.0007845247
387,77,0.0005346332
388,77,0.0005415939
389,77,6.276928e-05
390,77,0.00040062517
391,77,0.00071431603
392,77,0.00062090904
393,77,0.00046101864
394,77,0.00050162524
395,77,-0.00020651147
396,77,0.0002492927
397,77,0.00016070437
398,77,0.00076539814
399,77,0.0006433744
400,77,0.00048517063
401,77,0.0003597904
402,77,0.0005612476
403,77,0.00064570457
404,77,0.00035018846
405,77,0.00061417464
406,77,0.0007725768
407,77,0.00092325266
408,77,0.00037074275
409,77,0.000576023
410,77,0.0009059068
411,77,0.00032844488
412,77,0.000760925
413,77,0.00023529585
414,77,0.00094199274
415,77,0.0010226993
416,77,0.0005387729
417,77,0.00066027977
418,77,-0.000147596
419,77,0.00040442683
420,77,0.0006734347
421,77,0.000684754
422,77,0.00087442994
423,77,0.00078578386
424,77,0.0006292248
425,77,0.00019853283
426,77,0.00063073076
427,77,0.00031815283
428,77,0.00060236454
429,77,-6.34063e-05
430,77,0.00074533094
431,77,0.00042651873
432,77,0.0010810439
433,77,0.0008870959
434,77,0.00055445824
435,77,0.0009080311
436,77,0.0005250592
437,77,-0.00045738555
438,77,0.0008134218
439,77,0.0007372238
440,77,0.00046032667
441,77,0.0011389041
442,77,0.00063331705
443,77,0.0006652791
444,77,0.00080380496
445,77,0.0008265441
446,77,7.438846e-05
447,77,0.00016960409
448,77,2.5607646e-05
449,77,0.00028304476
450,77,0.00032581296
451,77,0.0003094552
452,77,0.0005619377
453,77,0.0009390395
454,77,0.0008942578
455,77,0.0003379425
456,77,0.0006201975
457,77,0.00090078823
458,77,0.0005587097
459,77,0.00010449253
460,77,0.00082070474
461,77,0.00055558886
462,77,0.0007614456
463,77,0.0009463448
464,77,0.0007890193
465,77,0.001086941
466,77,0.0004448127
467,77,0.0006925892
468,77,0.0006018672
469,77,0.00086640567
470,77,0.0003697183
471,77,0.0008799173
472,77,0.0006197775
473,77,0.0009972733
474,77,0.00042532943
475,77,0.00064151175
476,77,0.00034521893
477,77,0.00085679814
478,77,0.00045285
479,77,0.00043077953
480,77,0.00088116154
481,77,0.000688076
482,77,0.00039028283
483,77,0.00049746595
484,77,0.00053328276
485,77,0.00012451876
486,77,0.0007218439
487,77,0.0003188243
488,77,0.00031746645
489,77,0.0003849836
490,77,0.00061158836
491,77,0.00057447795
492,77,0.0001759259
493,77,0.00026657246
494,77,0.00064796023
0,78,0.00064494647
1,78,0.0011997633
2,78,0.00094589125
3,78,0.0007599797
4,78,0.0009061182
5,78,0.00056395866
6,78,0.0006313957
7,78,0.00073244236
8,78,
9,78,
10,78,
11,78,
12,78,
13,78,
14,78,
15,78,
16,78,
17,78,
18,78,
19,78,
20,78,
21,78,
22,78,
23,78,
24,78,
25,78,
26,78,
27,78,0.00040840916
28,78,0.00033087004
29,78,0.00022450928
30,78,0.001093992
31,78,0.00017625839
32,78,0.00014390796
33,78,0.0005364092
34,78,0.0004187934
35,78,0.00014406815
36,78,0.00017072074
37,78,0.00031956658
38,78,0.0004508635
39,78,0.00091496855
40,78,0.0005638432
41,78,0.00055945944
42,78,0.00075846445
43,78,0.00019140914
44,78,0.0010558357
45,78,0.00077441335
46,78,0.0010984205
47,78,0.00054598413
48,78,0.00048378482
49,78,0.001033173
50,78,0.0004216144
51,78,0.0005119154
52,78,0.0005080486
53,78,0.000261697
54,78,-8.1841834e-05
55,78,0.0007776972
56,78,0.000741967
57,78,0.00049427245
58,78,0.0005422989
59,78,0.00048667472
60,78,0.00086805597
61,78,0.00043059327
62,78,0.00049440283
63,78,0.0004672492
64,78,0.0004649032
65,78,0.00077085756
66,78,0.00059764925
67,78,0.0005705012
68,78,0.0003665043
69,78,0.0009803055
70,78,0.0002505593
71,78,0.00010123756
72,78,0.0005960269
73,78,0.00050888397
74,78,0.0005074972
75,78,0.00073278695
76,78,0.0007588975
77,78,0.0010131598
78,78,0.0006583035
79,78,0.00031691976
80,78,-8.171052e-05
81,78,0.00068185385
82,78,0.0003745742
83,78,0.00035792775
84,78,0.000604148
85,78,0.001034799
86,78,0.0009937463
87,78,0.00079404097
88,78,0.0012441594
89,78,0.00014328118
90,78,0.00035891868
91,78,0.0008350462
92,78,0.0005576154
93,78,0.0013256473
94,78,0.0002815472
95,78,0.00040382706
96,78,0.00060067326
97,78,0.00037780404
98,78,0.00070591364
99,78,0.00036101416
100,78,0.00092756934
101,78,0.0005537588
102,78,9.352993e-05
103,78,0.00014491752
104,78,0.00051128864
105,78,
106,78,
107,78,
108,78,
109,78,
110,78,
111,78,
112,78,
113,78,
114,78,
115,78,
116,78,
117,78,
118,78,
119,78,
120,78,
121,78,
122,78,
123,78,
124,78,
125,78,
126,78,
127,78,
128,78,
129,78,
130,78,
131,78,
132,78,
133,78,
134,78,
135,78,
136,78,
137,78,
138,78,
139,78,0.0005207965
140,78,
141,78,0.0008002976
142,78,0.0008632373
143,78,
144,78,
145,78,
146,78,
147,78,
148,78,
149,78,
150,78,
151,78,
152,78,
153,78,
154,78,
155,78,
156,78,
157,78,
158,78,
159,78,
160,78,0.00042505562
161,78,-5.7451427e-05
162,78,0.0009008404
163,78,0.00027693156
164,78,0.00031909347
165,78,0.0010267431
166,78,0.00074646436
167,78,0.0004699584
168,78,0.00064977445
169,78,0.0008413065
170,78,0.00037936028
171,78,0.0005192794
172,78,0.00012088101
173,78,0.00030529313
174,78,0.0006027268
175,78,0.00035125203
176,78,0.00021727104
177,78,8.2821585e-05
178,78,-6.895885e-05
179,78,0.00025130436
180,78,0.00021687709
181,78,6.2386505e-05
182,78,0.000612556
183,78,0.00039356388
184,78,0.000113029964
185,78,0.00040064286
186,78,0.00072823465
187,78,0.00019153673
188,78,-0.00023928843
189,78,0.0007382948
190,78,0.0004471764
191,78,0.0006008893
192,78,-6.832555e-05
193,78,0.0006724633
194,78,0.0002436731
195,78,0.00045353547
196,78,5.0747767e-05
197,78,0.0007087244
198,78,1.7010607e-05
199,78,0.00012313854
200,78,0.00013494864
201,78,0.00055561773
202,78,0.0002184296
203,78,0.0004772963
204,78,0.00042746868
205,78,0.0003808597
206,78,0.00031492673
207,78,-9.480771e-05
208,78,0.0007847687
209,78,0.00051537715
210,78,0.00045255944
211,78,0.00047598407
212,78,0.0001014024
213,78,0.00041895173
214,78,0.00015771482
215,78,0.0008234661
216,78,0.00020761415
217,78,0.0005995771
218,78,0.0012050141
219,78,0.00031874143
220,78,0.0010013357
221,78,0.00050190464
222,78,3.9309263e-05
223,78,0.00014403556
224,78,0.0004526619
225,78,0.000224947
226,78,0.0007362757
227,78,0.0004394874
228,78,0.00017133355
229,78,0.00076557323
230,78,0.00048467517
231,78,-0.00013438053
232,78,0.00020697247
233,78,0.00037096906
234,78,0.00030142255
235,78,0.0003351709
236,78,0.00019253418
237,78,0.0009351894
238,78,0.00054115057
239,78,7.5426884e-05
240,78,0.0009676032
241,78,0.00020695943
242,78,0.0011106879
243,78,0.0006075958
244,78,0.0005276287
245,78,0.00023393333
246,78,0.0005661594
247,78,0.00022320077
248,78,0.00078512076
249,78,0.0006483011
250,78,0.0007694736
251,78,0.0008198125
252,78,0.00050938595
253,78,0.00057426654
254,78,0.00054592453
255,78,0.00016801246
256,78,0.0007282067
257,78,0.00034161657
258,78,0.0007726932
259,78,0.0006681038
260,78,0.00056628324
261,78,0.0005202303
262,78,0.00063946657
263,78,0.00086765364
264,78,0.0009932956
265,78,0.00059488416
266,78,0.00065702666
267,78,0.00091561116
268,78,0.00095387455
269,78,0.00040437095
270,78,0.00045511965
271,78,0.0010740953
272,78,0.0006062081
273,78,0.0005147755
274,78,0.00058691297
275,78,0.0010736203
276,78,0.00039896462
277,78,0.00085606426
278,78,
279,78,
280,78,
281,78,
282,78,
283,78,0.00058841705
284,78,
285,78,0.00014596619
286,78,0.0005962234
287,78,0.00095824525
288,78,0.00015476905
289,78,0.000849111
290,78,0.00012604333
291,78,-2.4657696e-05
292,78,0.0006891228
293,78,0.0007250188
294,78,0.0005439194
295,78,0.0005701855
296,78,0.0005060388
297,78,0.00084996223
298,78,0.0011776406
299,78,0.0003413502
300,78,0.0005699927
301,78,0.00028707087
302,78,0.0006857151
303,78,0.0003779102
304,78,0.00078175403
305,78,0.00079588965
306,78,0.00041673426
307,78,0.0006509954
308,78,0.00085044187
309,78,0.00082487706
310,78,0.00066263974
311,78,0.00055202283
312,78,0.00037978776
313,78,0.0006560376
314,78,0.0006517451
315,78,0.0007567033
316,78,0.00046150107
317,78,0.0009833816
318,78,0.0007013716
319,78,0.00058699585
320,78,0.0005648704
321,78,0.00055873767
322,78,0.00107155
323,78,0.00077442266
324,78,0.00082659535
325,78,0.00043561496
326,78,0.00085133687
327,78,0.00074113347
328,78,0.00068788603
329,78,0.00068149995
330,78,0.0007036831
331,78,0.00039965473
332,78,0.000984163
333,78,0.0008320352
334,78,0.0003395751
335,78,0.0005343193
336,78,0.00056176167
337,78,0.0011597527
338,78,0.00058425963
339,78,0.0003011003
340,78,0.0009780396
341,78,0.0005096067
342,78,0.0009451583
343,78,0.00056639034
344,78,0.00079817045
345,78,0.0007385677
346,78,0.0009667156
347,78,0.001024222
348,78,0.000536385
349,78,0.0008123182
350,78,0.00033308007
351,78,0.0009945156
352,78,0.00087992474
353,78,0.00031256303
354,78,1.4843419e-05
355,78,0.00059062056
356,78,5.679112e-05
357,78,0.0008521117
358,78,0.00038080756
359,78,0.0010320637
360,78,-0.00023627002
361,78,0.00072440226
362,78,0.00010882411
363,78,0.00037807692
364,78,0.00012502912
365,78,0.0007035667
366,78,0.0006185556
367,78,0.0005501127
368,78,0.0008615544
369,78,0.0009190133
370,78,0.0001786733
371,78,0.0008649314
372,78,0.000109332614
373,78,0.00026897155
374,78,0.00042486377
375,78,0.0006366158
376,78,0.000960554
377,78,0.00039733574
378,78,0.00044843648
379,78,0.0003610626
380,78,0.00047557056
381,78,0.0005834671
382,78,0.0011633951
383,78,0.0010622628
384,78,0.0005243849
385,78,0.00038054027
386,78,0.00063106697
387,78,0.00073924474
388,78,0.00062718894
389,78,0.00027742796
390,78,0.00063772965
391,78,5.325675e-05
392,78,0.00020174962
393,78,0.00034278352
394,78,0.000193391
395,78,0.0008427901
396,78,0.0008833967
397,78,0.00089771114
398,78,0.00040004868
399,78,0.0012273053
400,78,0.0007297788
401,78,0.001490985
402,78,0.0008163331
403,78,0.0009116698
404,78,0.0006718375
405,78,0.0011081882
406,78,0.0007257629
407,78,0.00095614605
408,78,0.00061519444
409,78,0.0005497439
410,78,0.0009708004
411,78,0.0006688116
412,78,0.00075512193
413,78,0.00044848025
414,78,0.00073805265
415,78,0.00045568403
416,78,0.00073925685
417,78,0.00036576763
418,78,0.0005957866
419,78,-2.3311004e-06
420,78,0.0011125598
421,78,0.00061652623
422,78,-0.00039757602
423,78,0.00056815986
424,78,0.0009561954
425,78,0.00030610338
426,78,0.00040344894
427,78,0.00021854881
428,78,0.00030587707
429,78,0.00045222323
430,78,0.00052764546
431,78,0.0005324539
432,78,0.0006995639
433,78,0.00083046034
434,78,0.00015050452
435,78,0.0005726125
436,78,0.0005878536
437,78,0.00013945252
438,78,0.000828743
439,78,0.0005320497
440,78,0.00082239136
441,78,0.0007551769
442,78,0.0004716916
443,78,0.0010387059
444,78,0.0008712923
445,78,0.0006099185
446,78,0.0007604286
447,78,0.00086350087
448,78,0.00012671668
449,78,0.0006338246
450,78,0.0010055313
451,78,8.118991e-05
452,78,0.0012632934
453,78,0.0014979532
454,78,0.0007129265
455,78,0.0006682854
456,78,0.0010821791
457,78,0.0009200685
458,78,0.000873195
459,78,0.0007637702
460,78,0.001042542
461,78,0.000595415
462,78,0.00040329248
463,78,0.00046196207
464,78,0.00027783867
465,78,0.00066552777
466,78,0.001004329
467,78,0.00051030144
468,78,0.00078855734
469,78,0.0007334212
470,78,0.00073301047
471,78,0.00052510574
472,78,0.0004911199
473,78,0.00039214734
474,78,0.00053071324
475,78,0.0005043298
476,78,6.2640756e-06
477,78,0.0005577514
478,78,0.0007263031
479,78,0.00050968304
480,78,0.0006601773
481,78,0.0006027743
482,78,0.00052074343
483,78,0.00072133634
484,78,0.0011685323
485,78,0.0009892257
486,78,0.00065958686
487,78,0.0005190335
488,78,0.00026967842
489,78,0.00091046
490,78,0.0008141529
491,78,0.00012728758
492,78,0.0004332792
493,78,0.0003422033
494,78,0.00022887625
0,79,
1,79,
2,79,0.0005457811
3,79,0.00089745596
4,79,0.0005402947
5,79,0.00062686484
6,79,0.00056140684
7,79,0.0012753308
8,79,
9,79,
10,79,
11,79,
12,79,
13,79,
14,79,
15,79,
16,79,
17,79,
18,79,
19,79,
20,79,
21,79,
22,79,
23,79,
24,79,
25,79,
26,79,
27,79,0.000100587495
28,79,0.0004473785
29,79,0.0004776325
30,79,0.0005148165
31,79,0.0002960898
32,79,0.0001483718
33,79,0.0009303158
34,79,0.00048124883
35,79,0.0001738565
36,79,0.000988448
37,79,0.0007907571
38,79,0.00043220352
39,79,0.0006992258
40,79,0.0011122813
41,79,0.0005477639
42,79,7.896405e-05
43,79,1.1822209e-05
44,79,0.0002587745
45,79,0.0008543432
46,79,0.00064930785
47,79,0.0006386023
48,79,0.00025059003
49,79,9.25418e-05
50,79,0.00046458002
51,79,0.00060277805
52,79,-1.2480654e-05
53,79,0.0005079983
54,79,0.00022430532
55,79,1.2889504e-05
56,79,0.00076247286
57,79,0.0006429311
58,79,0.00034505874
59,79,0.00080491416
60,79,0.00044270884
61,79,0.00062092766
62,79,0.00042756274
63,79,0.000528655
64,79,0.0005667787
65,79,0.00023476128
66,79,0.00042717066
67,79,0.00034709927
68,79,0.00026067626
69,79,0.00033076014
70,79,0.00045533665
71,79,0.00015484262
72,79,0.00078293495
73,79,0.00046107545
74,79,0.00042540394
75,79,0.0002831705
76,79,0.00084404275
77,79,0.00011209026
78,79,0.0003815908
79,79,3.0163676e-05
80,79,0.000673268
81,79,0.000711401
82,79,9.70345e-05
83,79,0.0002592979
84,79,0.00044250395
85,79,0.00026006997
86,79,0.00016138982
87,79,0.00053224247
88,79,0.00031976867
89,79,0.00050485414
90,79,0.0007275799
91,79,0.00025033765
92,79,0.00056663435
93,79,0.00082695857
94,79,0.0007529557
95,79,0.0005448982
96,79,-7.1766786e-05
97,79,-8.578412e-06
98,79,0.0016094772
99,79,0.0005113594
100,79,0.00054090004
101,79,0.0005742386
102,79,
103,79,0.00049941335
104,79,0.00052980985
105,79,
106,79,
107,79,
108,79,
109,79,
110,79,
111,79,
112,79,
113,79,
114,79,
115,79,
116,79,
117,79,
118,79,
119,79,
120,79,
121,79,
122,79,
123,79,
124,79,
125,79,
126,79,
127,79,
128,79,
129,79,
130,79,
131,79,
132,79,
133,79,
134,79,0.0006905403
135,79,
136,79,
137,79,
138,79,
139,79,
140,79,0.00092399307
141,79,
142,79,-0.00038615707
143,79,
144,79,
145,79,0.000326165
146,79,
147,79,
148,79,
149,79,
150,79,
151,79,
152,79,
153,79,
154,79,
155,79,
156,79,
157,79,
158,79,
159,79,
160,79,0.0012560086
161,79,0.0007889634
162,79,0.00030876696
163,79,0.00046107732
164,79,0.001067888
165,79,0.0009086486
166,79,0.0008939225
167,79,0.0007873606
168,79,0.00049014203
169,79,0.00023464393
170,79,0.00092138164
171,79,9.217858e-05
172,79,0.00031710975
173,79,-0.00012336671
174,79,0.0004625162
175,79,0.00064866897
176,79,0.00010081474
177,79,0.00031045265
178,79,0.00037416443
179,79,0.00023208372
180,79,-0.00017396454
181,79,0.00029737037
182,79,0.00026282668
183,79,0.00016237982
184,79,0.00037808064
185,79,0.00047886558
186,79,-0.00032168347
187,79,0.000498062
188,79,0.0007475149
189,79,6.0900114e-05
190,79,9.861961e-05
191,79,0.00041783508
192,79,0.0005719038
193,79,0.0002860129
194,79,0.00081582647
195,79,-0.00011045765
196,79,0.0009126095
197,79,0.00032352842
198,79,-0.00023509283
199,79,-8.756854e-05
200,79,0.000607254
201,79,0.0011589173
202,79,0.00031540636
203,79,0.00020928681
204,79,0.00010987464
205,79,0.00015001651
206,79,0.0004257355
207,79,0.0002518734
208,79,0.0006440487
209,79,0.0008293474
210,79,0.0006105667
211,79,0.00020647608
212,79,0.0006618863
213,79,0.0002434086
214,79,0.00041908212
215,79,0.00046515372
216,79,0.00016701967
217,79,0.0002165474
218,79,0.0005925922
219,79,0.00028732046
220,79,3.4361146e-05
221,79,-4.4705346e-05
222,79,-8.9602545e-05
223,79,0.0006378293
224,79,0.00016182009
225,79,0.0003225375
226,79,0.00061965175
227,79,0.0008667093
228,79,0.00022170972
229,79,0.0003090864
230,79,0.0008659167
231,79,0.00039382838
232,79,0.0008155005
233,79,0.0006864425
234,79,0.000575535
235,79,0.00047176052
236,79,0.0001805462
237,79,0.0009958353
238,79,0.00013788883
239,79,0.00020283274
240,79,0.0002729874
241,79,0.00053552724
242,79,0.00029405486
243,79,0.000338912
244,79,0.00085512456
245,79,0.0002704896
246,79,0.00045576226
247,79,0.000978603
248,79,0.0008938983
249,79,0.0002873605
250,79,0.00040857773
251,79,0.00054175965
252,79,0.0006065173
253,79,0.00051186606
254,79,0.00068048574
255,79,0.00058918726
256,79,0.00053066574
257,79,0.0005462412
258,79,0.00062412955
259,79,0.0005538557
260,79,-3.8514845e-05
261,79,0.00082309917
262,79,0.00024329498
263,79,0.0007487247
264,79,0.00043915305
265,79,0.0009580925
266,79,0.0004447773
267,79,0.00074371323
268,79,0.0006018784
269,79,0.0004794253
270,79,0.00048028678
271,79,0.00036099646
272,79,0.0007809326
273,79,0.00072572473
274,79,0.00034842175
275,79,
276,79,0.0005655363
277,79,
278,79,0.00024182163
279,79,
280,79,
281,79,
282,79,
283,79,
284,79,
285,79,
286,79,0.00047246926
287,79,0.0004963586
288,79,0.00015753414
289,79,0.00028269924
290,79,0.000109206885
291,79,0.00024649128
292,79,0.000497723
293,79,0.00088407286
294,79,0.0007440448
295,79,0.0011068303
296,79,0.0005570948
297,79,0.0007419409
298,79,0.0004672017
299,79,0.00084378384
300,79,0.00046462845
301,79,0.00030936953
302,79,0.00068564806
303,79,0.00065098796
304,79,0.0009426866
305,79,0.0006031636
306,79,0.00067646615
307,79,0.0006170105
308,79,0.0006478783
309,79,0.0010140995
310,79,0.0006407006
311,79,0.0014009625
312,79,0.00017267186
313,79,0.0009865379
314,79,0.0009642923
315,79,0.00063491054
316,79,0.00033371616
317,79,0.00085785985
318,79,0.0008545723
319,79,0.0011444809
320,79,0.00039772317
321,79,0.0005020425
322,79,0.0007080808
323,79,0.00070249103
324,79,0.00077215955
325,79,0.0005223239
326,79,0.00053740107
327,79,0.00038477127
328,79,0.0005490929
329,79,0.00075905025
330,79,0.00036887266
331,79,0.0007298812
332,79,0.00042791013
333,79,0.0006127516
334,79,0.0010752203
335,79,0.0006365981
336,79,0.00037093367
337,79,0.0005858438
338,79,0.00091385376
339,79,0.0003765868
340,79,0.00090560503
341,79,0.0005459506
342,79,0.00080387853
343,79,0.00047832914
344,79,0.0007218849
345,79,0.0010433691
346,79,0.0007399311
347,79,0.0008689277
348,79,0.00074509904
349,79,0.00042902492
350,79,0.0008943351
351,79,0.00069470983
352,79,0.00035306904
353,79,0.00013189949
354,79,0.0007833084
355,79,0.00073218625
356,79,-7.37505e-05
357,79,-0.00018059462
358,79,0.00046759564
359,79,0.0008385135
360,79,0.0004840102
361,79,0.0004520435
362,79,0.0004634615
363,79,-0.0001784563
364,79,0.00021193456
365,79,0.0005221814
366,79,0.000795668
367,79,0.00036008656
368,79,0.00078851636
369,79,0.0012615509
370,79,0.00057494827
371,79,0.00076559186
372,79,0.00050798524
373,79,0.00045892596
374,79,0.0010287361
375,79,0.0004985072
376,79,0.0008833837
377,79,0.0007533841
378,79,0.000749222
379,79,0.00054095313
380,79,0.00030782912
381,79,0.000210681
382,79,0.00070411526
383,79,0.000837205
384,79,0.00083818473
385,79,0.0013049152
386,79,0.0010669343
387,79,0.0014579818
388,79,0.0006935699
389,79,0.00045856368
390,79,0.00013821013
391,79,0.0005865712
392,79,0.00069388095
393,79,0.000684754
394,79,0.00074088015
395,79,0.00039995462
396,79,0.000601368
397,79,0.00026234984
398,79,0.0012570042
399,79,0.0009895153
400,79,0.00068947393
401,79,0.000878321
402,79,0.00047600362
403,79,0.0005220445
404,79,0.0009108046
405,79,0.0010037078
406,79,0.00075147115
407,79,0.0008717757
408,79,0.00071946345
409,79,0.0006955238
410,79,0.0006363047
411,79,0.00091861654
412,79,0.0004951684
413,79,0.0004885318
414,79,5.5768527e-05
415,79,4.929956e-05
416,79,0.00090775825
417,79,0.00017697923
418,79,0.00059351977
419,79,0.00042510498
420,79,0.00055296626
421,79,0.0005798964
422,79,0.0007581562
423,79,0.0008400222
424,79,0.00016474817
425,79,0.0007350594
426,79,0.00046853814
427,79,0.00055250153
428,79,0.0010490455
429,79,0.0003121337
430,79,0.0007635616
431,79,0.001217016
432,79,0.00037948508
433,79,0.00061738305
434,79,0.00047048833
435,79,0.00021889992
436,79,0.0006977124
437,79,0.0008288678
438,79,0.00029726885
439,79,0.0006000679
440,79,0.0011345446
441,79,0.00064658374
442,79,0.00012522563
443,79,0.0008703945
444,79,0.00012821984
445,79,0.0004075989
446,79,0.00041718967
447,79,0.00061644986
448,79,0.0005076304
449,79,0.00056723226
450,79,0.0005370006
451,79,0.00034912303
452,79,0.0005926592
453,79,0.00053456984
454,79,0.00051541626
455,79,-6.3160434e-05
456,79,0.00055450574
457,79,0.00044706184
458,79,0.00080536865
459,79,0.0005377643
460,79,0.0010401681
461,79,0.00083853304
462,79,0.0007141093
463,79,0.00054726936
464,79,0.000502876
465,79,0.00082349684
466,79,0.00041027647
467,79,0.0003219014
468,79,0.0006307112
469,79,0.0006207349
470,79,0.0006815763
471,79,0.0002849046
472,79,0.0010717548
473,79,0.00036274176
474,79,0.00077281054
475,79,0.0010816101
476,79,0.0006741639
477,79,0.0008477671
478,79,0.00091113057
479,79,0.0010603257
480,79,0.0008421652
481,79,0.0005456861
482,79,0.00051310286
483,79,-2.8711744e-05
484,79,0.00026198197
485,79,0.00031232182
486,79,0.0005598385
487,79,-0.0001197746
488,79,0.00060796365
489,79,0.00059685856
490,79,0.00065383036
491,79,0.0006617382
492,79,0.0004515117
493,79,0.00015083887
494,79,0.00019101705
0,80,
1,80,0.00078705605
2,80,0.0005686106
3,80,0.0009883577
4,80,0.0005794382
5,80,6.8266876e-05
6,80,0.00081659574
7,80,0.0002555307
8,80,
9,80,
10,80,
11,80,
12,80,
13,80,
14,80,
15,80,
16,80,
17,80,
18,80,
19,80,
20,80,
21,80,
22,80,
23,80,
24,80,
25,80,
26,80,0.00019035768
27,80,
28,80,0.00040613767
29,80,0.000481884
30,80,6.757118e-05
31,80,0.00059075095
32,80,0.00014482718
33,80,-1.8496066e-05
34,80,0.00076681003
35,80,0.00078748073
36,80,0.0004346026
37,80,0.00057308935
38,80,0.00093680806
39,80,0.0004682932
40,80,0.00066216104
41,80,0.00071315933
42,80,0.00062957685
43,80,0.0006756699
44,80,0.00027751364
45,80,0.00040331855
46,80,0.0008754553
47,80,6.981194e-05
48,80,0.00065565016
49,80,0.00023105275
50,80,0.00052368455
51,80,0.00065690465
52,80,0.00075660646
53,80,0.00065527856
54,80,0.0012301682
55,80,0.0003365446
56,80,0.00030711386
57,80,0.00044252165
58,80,0.00022064336
59,80,0.0006616805
60,80,0.00050079264
61,80,0.00038887188
62,80,0.00030869432
63,80,0.0002829507
64,80,0.0007140301
65,80,0.00030698627
66,80,0.0008227071
67,80,0.00050451513
68,80,0.00017965306
69,80,0.0006066328
70,80,0.00014823675
71,80,0.0009702919
72,80,0.00026430748
73,80,0.0009669559
74,80,0.00041636545
75,80,0.0004349323
76,80,0.0005454719
77,80,0.0005013086
78,80,0.00048797484
79,80,0.00050081965
80,80,0.00059477426
81,80,0.0014746534
82,80,0.0006343862
83,80,0.00086495
84,80,0.00085747056
85,80,0.00073710456
86,80,0.00055001024
87,80,7.7588484e-05
88,80,0.0008676313
89,80,0.00054780487
90,80,0.0005783234
91,80,0.00045576505
92,80,0.0011560647
93,80,0.0003924379
94,80,0.00049245264
95,80,0.00037289038
96,80,0.00071671605
97,80,0.00056317914
98,80,0.0004255958
99,80,-0.00019451696
100,80,0.00037332159
101,80,0.0005344795
102,80,
103,80,0.0007785484
104,80,-6.427523e-05
105,80,
106,80,
107,80,-0.0003900379
108,80,
109,80,
110,80,
111,80,
112,80,
113,80,
114,80,
115,80,
116,80,
117,80,
118,80,
119,80,
120,80,
121,80,
122,80,
123,80,
124,80,
125,80,
126,80,
127,80,
128,80,
129,80,
130,80,
131,80,
132,80,
133,80,
134,80,
135,80,
136,80,
137,80,
138,80,
139,80,0.00051343255
140,80,0.0005313093
141,80,2.6874244e-05
142,80,
143,80,
144,80,0.00081448816
145,80,
146,80,
147,80,
148,80,0.00042095408
149,80,
150,80,
151,80,
152,80,
153,80,
154,80,
155,80,
156,80,
157,80,
158,80,
159,80,
160,80,0.00044554286
161,80,0.00034988765
162,80,0.00078261737
163,80,0.00015856046
164,80,0.00081521086
165,80,0.0012202645
166,80,0.00039529707
167,80,0.0006782841
168,80,0.0003870502
169,80,-3.9418228e-05
170,80,0.0005499795
171,80,0.00053000543
172,80,0.00049770065
173,80,0.00030458532
174,80,0.000649916
175,80,0.000630592
176,80,-1.6529113e-05
177,80,5.460065e-05
178,80,0.00054006465
179,80,0.00028407667
180,80,6.378628e-05
181,80,-1.4284626e-05
182,80,0.00044593494
183,80,3.8346276e-05
184,80,0.00075559504
185,80,0.0008650739
186,80,0.00055274647
187,80,0.0003830772
188,80,0.00017961208
189,80,0.00033225026
190,80,0.0002990067
191,80,0.00038465392
192,80,4.5225024e-06
193,80,0.0005928064
194,80,7.388741e-05
195,80,0.0005609421
196,80,0.00077370834
197,80,0.00060117804
198,80,0.00024618953
199,80,0.0004167473
200,80,0.00052389316
201,80,0.00053422153
202,80,0.00067782495
203,80,0.00025870372
204,80,0.0006075073
205,80,0.00029111654
206,80,0.00042359438
207,80,2.4121255e-05
208,80,0.00041417964
209,80,7.567648e-05
210,80,0.000114586204
211,80,0.00036478322
212,80,0.00022068247
213,80,-0.00013111718
214,80,0.0007747961
215,80,0.00046872068
216,80,0.000417877
217,80,0.0004147347
218,80,0.00015050918
219,80,-9.322539e-06
220,80,0.0006258162
221,80,0.0013021426
222,80,0.00019308645
223,80,0.00051237457
224,80,0.00048751198
225,80,0.0003763158
226,80,0.00074371975
227,80,0.0009484086
228,80,0.00010074116
229,80,0.00029879715
230,80,0.000496557
231,80,0.0006992398
232,80,0.000101391226
233,80,0.00014481973
234,80,0.000979023
235,80,0.00017310958
236,80,0.0004951684
237,80,0.0007705996
238,80,0.00021251757
239,80,0.00028908998
240,80,0.00026549213
241,80,0.0009252336
242,80,0.00048285443
243,80,0.00050329696
244,80,0.0004414115
245,80,0.00024604052
246,80,-6.531458e-05
247,80,0.0003689183
248,80,0.00024441816
249,80,0.00039544515
250,80,0.0010678731
251,80,0.0006098971
252,80,0.0005632173
253,80,0.0003383793
254,80,0.00036059972
255,80,0.00040756445
256,80,0.00055595674
257,80,0.0007601213
258,80,0.0002899468
259,80,0.00042547192
260,80,0.0009841006
261,80,0.0010251114
262,80,0.00050157215
263,80,0.00036046933
264,80,0.00078608375
265,80,0.0011821855
266,80,0.0005376395
267,80,0.0007071309
268,80,9.7510405e-05
269,80,0.00056807324
270,80,0.00059405155
271,80,0.00033006072
272,80,0.0007047923
273,80,0.0010879273
274,80,0.0007200241
275,80,0.00028719287
276,80,0.0009043589
277,80,
278,80,0.0009696018
279,80,
280,80,
281,80,
282,80,
283,80,0.00061992835
284,80,
285,80,0.00072657503
286,80,0.00032216497
287,80,0.00018529408
288,80,0.0005207071
289,80,0.00046521705
290,80,0.00043183472
291,80,0.00051468424
292,80,0.0007405514
293,80,0.00045522302
294,80,0.0008931849
295,80,0.0004726546
296,80,0.000580729
297,80,-0.00036673248
298,80,0.00040953513
299,80,0.0005013142
300,80,0.0005710907
301,80,0.0005289586
302,80,0.0008255318
303,80,0.00040146057
304,80,0.0003566239
305,80,0.00081423856
306,80,0.000831306
307,80,0.00053403154
308,80,0.0009105373
309,80,0.00051125046
310,80,0.00089902524
311,80,0.0004678415
312,80,0.00053435937
313,80,0.00089931395
314,80,0.0009784289
315,80,0.0009179376
316,80,0.0006405618
317,80,0.0007749833
318,80,0.0005344385
319,80,0.0006335061
320,80,0.0005272776
321,80,0.00087788235
322,80,0.0008445112
323,80,0.0009225551
324,80,0.0007474404
325,80,0.0004523173
326,80,0.0006373869
327,80,0.00045312382
328,80,0.00040338095
329,80,0.00090035424
330,80,0.00022768322
331,80,0.0010303045
332,80,0.00053026713
333,80,0.0010257177
334,80,0.00060903747
335,80,0.0002854308
336,80,0.0005023405
337,80,0.00050502084
338,80,0.00085979514
339,80,0.00044761226
340,80,0.00048023835
341,80,0.0006111879
342,80,0.0006423984
343,80,0.0009850226
344,80,0.00047229324
345,80,0.00012497697
346,80,0.00085719675
347,80,0.00044889096
348,80,0.0004448248
349,80,0.0006485991
350,80,0.0005204398
351,80,0.0010065325
352,80,0.00097610056
353,80,0.0009532636
354,80,0.00058578514
355,80,4.472956e-05
356,80,0.0005599335
357,80,0.00047382526
358,80,0.0014052065
359,80,0.0010931753
360,80,0.00023336522
361,80,0.00070268754
362,80,0.000547152
363,80,0.00058990996
364,80,0.00086418353
365,80,0.00058110896
366,80,0.0007390268
367,80,0.0006567016
368,80,0.00044621248
369,80,0.00029266626
370,80,0.00028134882
371,80,0.00086569507
372,80,0.0004050145
373,80,0.00037357677
374,80,0.0005077347
375,80,0.0006971797
376,80,0.00041726977
377,80,0.00091219693
378,80,0.00023284182
379,80,0.00055659655
380,80,0.00086656585
381,80,0.0009076735
382,80,0.0010287054
383,80,0.0003914982
384,80,0.0006456012
385,80,0.00038311258
386,80,0.00052906666
387,80,5.3048134e-05
388,80,0.0005329475
389,80,9.280536e-05
390,80,0.00064175297
391,80,0.00051513966
392,80,0.00014296081
393,80,0.0003306046
394,80,0.0005428968
395,80,0.00022060331
396,80,0.00083303824
397,80,0.00090866536
398,80,0.00052443985
399,80,3.3502467e-05
400,80,0.0006189281
401,80,0.0005303966
402,80,0.00064537115
403,80,0.00079969503
404,80,0.00095274113
405,80,0.00071835145
406,80,0.000689975
407,80,0.00086001214
408,80,0.0005985759
409,80,0.00023834128
410,80,0.00069144834
411,80,0.0008186493
412,80,3.813859e-05
413,80,0.00012289826
414,80,0.00038244482
415,80,0.0006426722
416,80,0.00029476825
417,80,0.00036248006
418,80,0.00040543918
419,80,0.00043330062
420,80,0.00067004
421,80,0.00093789585
422,80,0.00015492644
423,80,0.00044602435
424,80,0.00042266492
425,80,0.00054721255
426,80,0.0003270302
427,80,3.4682453e-05
428,80,0.000443805
429,80,0.000650838
430,80,0.00050419476
431,80,0.0008679414
432,80,0.00074780267
433,80,0.000649672
434,80,0.0011235187
435,80,0.000583441
436,80,7.264316e-07
437,80,0.00071014185
438,80,-6.536953e-05
439,80,0.0005165916
440,80,0.0013338355
441,80,0.00018094573
442,80,0.00044326857
443,80,0.00083979126
444,80,0.00072006416
445,80,-6.5863132e-06
446,80,0.00026411563
447,80,0.0007272493
448,80,0.0008909572
449,80,0.00020213611
450,80,3.7333928e-05
451,80,0.00052276533
452,80,0.00030152034
453,80,0.0004908554
454,80,0.00048648566
455,80,0.0004791338
456,80,0.00041956827
457,80,0.00070058834
458,80,0.0003830148
459,80,0.0006529037
460,80,0.0006029941
461,80,0.0007577762
462,80,0.00061782915
463,80,0.0005706828
464,80,0.0007731309
465,80,0.0007576607
466,80,0.0001599146
467,80,0.0006497558
468,80,0.0010528825
469,80,0.0006388845
470,80,0.00052232854
471,80,0.00047758874
472,80,0.0008339733
473,80,0.00081568863
474,80,0.000105664134
475,80,0.0007362403
476,80,0.0007137023
477,80,0.00029133353
478,80,0.00039994065
479,80,0.0005771844
480,80,0.0011140415
481,80,0.0006817095
482,80,0.00026654825
483,80,0.0005072234
484,80,0.00015354622
485,80,0.00036736205
486,80,0.0008545676
487,80,0.00039844122
488,80,0.00045780372
489,80,0.0004300531
490,80,0.0006732447
491,80,4.8646703e-05
492,80,0.0008601174
493,80,0.00034058373
494,80,0.0008142181
0,81,0.0009546345
1,81,
2,81,0.0008576093
3,81,0.000868788
4,81,0.0009806147
5,81,0.0009153085
6,81,0.00031060725
7,81,0.0007775426
8,81,
9,81,
10,81,
11,81,
12,81,
13,81,
14,81,
15,81,
16,81,
17,81,
18,81,
19,81,
20,81,
21,81,
22,81,
23,81,
24,81,
25,81,
26,81,0.00064280163
27,81,
28,81,0.00035868585
29,81,0.00072086323
30,81,0.0007613329
31,81,0.00038789958
32,81,0.00062592607
33,81,0.0011097388
34,81,0.0004269015
35,81,0.00062122755
36,81,0.0004660627
37,81,0.0006413106
38,81,0.00057609566
39,81,0.00021747965
40,81,0.0008493988
41,81,0.0005882066
42,81,0.0007439526
43,81,0.00023557525
44,81,0.0004425738
45,81,0.0005727429
46,81,0.0005262662
47,81,0.00035526417
48,81,0.00073581934
49,81,0.00036746822
50,81,0.0007398715
51,81,0.0009184936
52,81,0.000826329
53,81,0.0008433964
54,81,0.0004184125
55,81,0.00062214397
56,81,0.0004497841
57,81,0.00036517624
58,81,0.00036372058
59,81,0.00026940182
60,81,0.00054111704
61,81,0.00018744543
62,81,0.0004092222
63,81,0.00042575318
64,81,0.00079627335
65,81,0.0006536329
66,81,0.0011012359
67,81,0.0006538592
68,81,0.00059399474
69,81,0.00018423796
70,81,0.0005503185
71,81,0.00045898464
72,81,0.00060432404
73,81,0.00015606545
74,81,0.0008255821
75,81,0.00035762787
76,81,-1.5015714e-05
77,81,0.0006741099
78,81,0.000457339
79,81,-4.751794e-05
80,81,0.0006171884
81,81,7.905811e-05
82,81,0.00069029536
83,81,0.00081017055
84,81,0.0002612099
85,81,9.0777874e-05
86,81,0.00038354192
87,81,0.0012076823
88,81,0.00016960781
89,81,0.00011587329
90,81,0.0008512242
91,81,0.0004550796
92,81,0.00058052037
93,81,0.00042650755
94,81,0.00056959223
95,81,0.0012383992
96,81,0.000105368905
97,81,0.00054433383
98,81,-2.9748306e-05
99,81,0.0006044647
100,81,0.00089274347
101,81,0.00054246373
102,81,0.00038553122
103,81,
104,81,
105,81,
106,81,
107,81,
108,81,
109,81,
110,81,
111,81,
112,81,
113,81,
114,81,
115,81,
116,81,
117,81,
118,81,
119,81,
120,81,
121,81,
122,81,
123,81,
124,81,
125,81,
126,81,
127,81,
128,81,
129,81,
130,81,
131,81,
132,81,0.0005252138
133,81,
134,81,
135,81,0.00014993176
136,81,
137,81,
138,81,
139,81,
140,81,0.00031302217
141,81,0.00046478212
142,81,0.00042899605
143,81,
144,81,-0.000608854
145,81,0.00038657524
146,81,3.4864992e-05
147,81,
148,81,
149,81,
150,81,
151,81,
152,81,
153,81,
154,81,
155,81,
156,81,
157,81,
158,81,
159,81,0.00019369181
160,81,0.00051905494
161,81,0.000984312
162,81,0.00093733426
163,81,0.0009890776
164,81,0.00023537222
165,81,0.0006384151
166,81,0.00047191046
167,81,0.0002978705
168,81,0.00011516921
169,81,0.0006792983
170,81,0.00040462054
171,81,0.00040946435
172,81,0.0006632153
173,81,0.00046519283
174,81,0.00024611875
175,81,0.0005339114
176,81,0.00036316458
177,81,0.00040423032
178,81,-8.828007e-06
179,81,0.0007970026
180,81,0.0008983575
181,81,0.0004034508
182,81,0.0003744848
183,81,0.00059133954
184,81,8.3581544e-05
185,81,-4.664529e-05
186,81,0.00023793895
187,81,0.00039338134
188,81,4.6239235e-05
189,81,0.00023239292
190,81,0.0005992064
191,81,0.00044451095
192,81,0.00096457824
193,81,0.00038497336
194,81,0.00036830734
195,81,0.0006039394
196,81,0.00025120005
197,81,0.0005647065
198,81,-0.0005904371
199,81,0.00054122414
200,81,0.00022215024
201,81,3.403239e-05
202,81,0.0006003892
203,81,0.00081351865
204,81,0.0006391145
205,81,1.554843e-05
206,81,0.00023787096
207,81,0.0005160179
208,81,0.00031556375
209,81,0.0007023178
210,81,0.0006468706
211,81,0.0003043441
212,81,0.00026243832
213,81,0.0005137045
214,81,0.00050423294
215,81,0.00036771968
216,81,0.0005814284
217,81,0.0008135764
218,81,0.0006286781
219,81,0.0005375715
220,81,0.00025464967
221,81,0.0007840786
222,81,0.0003949646
223,81,-1.7386861e-05
224,81,0.0005372353
225,81,0.00037966855
226,81,8.0202706e-05
227,81,0.00027698465
228,81,0.0006264858
229,81,0.000772004
230,81,0.00011094753
231,81,0.00023729727
232,81,0.00059492886
233,81,0.0005550869
234,81,0.0002813451
235,81,0.00032072142
236,81,0.0004788302
237,81,0.0005050674
238,81,0.00039703771
239,81,0.00037931837
240,81,0.0008714786
241,81,0.00051344186
242,81,0.0008427063
243,81,0.0004921667
244,81,0.0011877399
245,81,6.3963234e-05
246,81,0.0006000856
247,81,0.00071243383
248,81,0.000697637
249,81,0.000979878
250,81,0.00048156176
251,81,0.00020323973
252,81,0.00080558285
253,81,0.0008840207
254,81,0.0005232971
255,81,0.0006802669
256,81,0.00046215113
257,81,0.0008479059
258,81,0.00020741392
259,81,0.00015329849
260,81,0.0005562017
261,81,0.00069851056
262,81,0.00076653156
263,81,0.0015509427
264,81,0.000599578
265,81,0.0005346071
266,81,0.000114776194
267,81,0.0006679483
268,81,0.000150593
269,81,0.0007755207
270,81,0.00033178274
271,81,0.0008435333
272,81,0.00066201575
273,81,0.00050285924
274,81,0.0009742752
275,81,0.00096610934
276,81,-0.000391284
277,81,0.0006581554
278,81,
279,81,
280,81,
281,81,
282,81,
283,81,0.00039135106
284,81,0.0007645767
285,81,0.00058967806
286,81,0.0006714836
287,81,0.0001731813
288,81,0.00040833373
289,81,0.0006843386
290,81,0.0008013835
291,81,0.0004055025
292,81,0.0009185327
293,81,0.00058056973
294,81,0.000497533
295,81,0.00065629
296,81,0.00077695027
297,81,3.3126213e-05
298,81,0.0005818363
299,81,0.00021090172
300,81,0.0005584704
301,81,0.0004903488
302,81,0.0006185109
303,81,0.00066664815
304,81,0.0005873721
305,81,0.0007212693
306,81,0.0003596088
307,81,0.0003102403
308,81,0.0007428173
309,81,0.00043267664
310,81,0.0007635383
311,81,0.0005238615
312,81,0.00038493797
313,81,0.00086453464
314,81,0.0005338872
315,81,0.0007171128
316,81,0.00044433028
317,81,0.00076382887
318,81,0.00048153475
319,81,0.0004950641
320,81,0.0007702941
321,81,0.0007567052
322,81,0.0008134553
323,81,0.0010451637
324,81,0.00052820146
325,81,0.0008025067
326,81,0.00073337276
327,81,0.00048326235
328,81,0.00049095415
329,81,0.00035563204
330,81,0.00067441724
331,81,0.00040313043
332,81,0.00040297955
333,81,0.00052832253
334,81,0.00045058317
335,81,0.0005874559
336,81,0.0010529095
337,81,0.0006416738
338,81,0.00041332282
339,81,0.00032586046
340,81,0.00055470876
341,81,0.00086501054
342,81,0.00048446096
343,81,0.00034632254
344,81,0.00015447568
345,81,0.00039707776
346,81,0.0004721079
347,81,0.0005309889
348,81,0.0001397971
349,81,0.0005964171
350,81,0.0007061474
351,81,0.00024725776
352,81,0.00035896152
353,81,0.0005884003
354,81,0.00030319765
355,81,0.00077636354
356,81,0.00030636042
357,81,0.00047050323
358,81,0.00035679713
359,81,0.0006057378
360,81,0.00032918341
361,81,0.00029703602
362,81,0.000119281
363,81,-0.00017761718
364,81,0.0011644894
365,81,0.00045169797
366,81,0.0007749293
367,81,0.0002307333
368,81,0.0004225718
369,81,0.00041572656
370,81,-0.00015235227
371,81,0.00048079807
372,81,0.00078618154
373,81,0.00033346843
374,81,0.0007566791
375,81,0.0005914951
376,81,0.0006138161
377,81,0.00022812933
378,81,0.00083804876
379,81,0.00046980008
380,81,0.00055406895
381,81,0.0007593818
382,81,0.0007323129
383,81,0.00056540594
384,81,0.00013069808
385,81,0.00038375426
386,81,0.0008293409
387,81,0.00071730465
388,81,0.0008285381
389,81,2.4529174e-05
390,81,0.00075658876
391,81,0.000747215
392,81,0.00022820011
393,81,0.0011733584
394,81,0.00052936375
395,81,0.0003709467
396,81,0.0003132159
397,81,0.0014842674
398,81,0.0008536009
399,81,0.0015049623
400,81,0.00066874735
401,81,0.000736638
402,81,0.0008252412
403,81,0.00013474561
404,81,0.0008726511
405,81,0.0011937516
406,81,0.0009973655
407,81,0.0010514706
408,81,0.0010688072
409,81,3.5506673e-05
410,81,0.0004872512
411,81,0.0006650314
412,81,0.00044375658
413,81,
414,81,0.0009697648
415,81,0.0003449237
416,81,0.00017451588
417,81,0.0006694626
418,81,0.00021162443
419,81,0.0003466513
420,81,0.0002376521
421,81,0.0006195931
422,81,0.00093057007
423,81,0.0007214658
424,81,0.0003254842
425,81,-0.00018314272
426,81,0.00082753133
427,81,0.00030710083
428,81,0.00065492187
429,81,0.00089113973
430,81,0.00077021215
431,81,-8.5335225e-05
432,81,0.0009668926
433,81,0.00067297183
434,81,0.0005497541
435,81,0.00036218297
436,81,0.0014575785
437,81,0.0007393677
438,81,0.0011469033
439,81,0.0010373164
440,81,0.0006157495
441,81,0.00052733347
442,81,0.00058887526
443,81,0.0005672416
444,81,0.00030594505
445,81,0.0005998751
446,81,0.000483267
447,81,0.00047762785
448,81,0.00014893059
449,81,9.4166026e-05
450,81,0.00055232085
451,81,0.00086323265
452,81,0.0007809587
453,81,0.00055645127
454,81,0.00060173497
455,81,0.0006054295
456,81,0.0002502557
457,81,0.00023255497
458,81,0.0006662812
459,81,0.0005824873
460,81,0.0006396705
461,81,0.0007406529
462,81,0.00013912842
463,81,0.0006255051
464,81,0.00060618855
465,81,0.0007570954
466,81,0.00086822826
467,81,0.00039558578
468,81,0.0008603493
469,81,0.0008203443
470,81,0.00066018663
471,81,0.00035808794
472,81,0.0005782582
473,81,0.0007541524
474,81,0.0008656038
475,81,0.00069091097
476,81,0.0008872645
477,81,0.00050666183
478,81,0.00047251303
479,81,0.00020760484
480,81,0.000687981
481,81,0.0006664265
482,81,0.0005232822
483,81,0.00039021578
484,81,0.0003618095
485,81,0.00087097567
486,81,0.00052160304
487,81,3.317371e-06
488,81,0.0004880419
489,81,0.00031900592
490,81,-8.888915e-05
491,81,-4.861504e-06
492,81,0.00021515414
493,81,0.0008966876
494,81,0.00019256212
0,82,
1,82,0.00020012446
2,82,0.0003226837
3,82,0.00090624206
4,82,0.00045324024
5,82,0.0010428606
6,82,0.0011119703
7,82,0.0012302492
8,82,
9,82,
10,82,
11,82,
12,82,
13,82,
14,82,
15,82,
16,82,
17,82,
18,82,
19,82,
20,82,
21,82,
22,82,
23,82,
24,82,
25,82,
26,82,
27,82,0.0005511679
28,82,0.00027886685
29,82,0.0009346232
30,82,0.00022691581
31,82,0.0005772589
32,82,0.00050643925
33,82,0.0001858212
34,82,0.0003707921
35,82,0.00092876516
36,82,0.00048276223
37,82,0.0009976337
38,82,0.0005639056
39,82,0.00048362743
40,82,0.00092010293
41,82,0.0007429272
42,82,0.0003457619
43,82,0.0009765662
44,82,0.00019315816
45,82,0.000727104
46,82,0.00056313165
47,82,0.00040187407
48,82,0.000622049
49,82,0.0003770711
50,82,0.00015215855
51,82,0.00044440292
52,82,0.00096120406
53,82,0.0006192997
54,82,0.0006276434
55,82,0.00077372976
56,82,0.00031660963
57,82,0.00047422387
58,82,0.00020921044
59,82,0.0003201794
60,82,0.00052877795
61,82,0.0002255002
62,82,0.0005376516
63,82,3.335625e-05
64,82,0.0004450921
65,82,-0.00030597113
66,82,0.00018255971
67,82,0.0007808972
68,82,0.0009850804
69,82,0.000976677
70,82,0.0009008385
71,82,0.0003440641
72,82,0.00056311674
73,82,0.00046809763
74,82,0.00042175502
75,82,0.00025687367
76,82,-2.3654662e-05
77,82,-2.6285648e-05
78,82,0.00029639807
79,82,0.000698274
80,82,0.00043649413
81,82,0.00068208575
82,82,0.00048072822
83,82,0.000574626
84,82,0.001022812
85,82,0.0002508005
86,82,0.0008254852
87,82,0.00054347795
88,82,0.0010344638
89,82,0.0005583335
90,82,0.0009949673
91,82,0.0007795431
92,82,0.00032271352
93,82,0.0009244103
94,82,0.00012142956
95,82,0.0003836807
96,82,0.00057763886
97,82,0.000594927
98,82,0.00045977253
99,82,0.0004354436
100,82,0.0008626655
101,82,0.00037793815
102,82,0.00071057584
103,82,0.00069575664
104,82,0.00038208533
105,82,
106,82,0.00018885266
107,82,0.0006484734
108,82,
109,82,0.00060220156
110,82,
111,82,
112,82,
113,82,
114,82,
115,82,
116,82,
117,82,
118,82,
119,82,
120,82,
121,82,
122,82,
123,82,
124,82,
125,82,
126,82,
127,82,
128,82,
129,82,
130,82,
131,82,
132,82,0.00051725656
133,82,
134,82,
135,82,
136,82,
137,82,
138,82,
139,82,0.00054000877
140,82,0.00032806583
141,82,0.00030790176
142,82,-6.406661e-05
143,82,0.00051439926
144,82,0.0008479897
145,82,0.00061754603
146,82,0.0006441176
147,82,0.0005826857
148,82,0.0008207951
149,82,
150,82,
151,82,
152,82,
153,82,
154,82,
155,82,
156,82,
157,82,
158,82,
159,82,0.00083036534
160,82,0.0005862899
161,82,0.00071105827
162,82,0.0007540956
163,82,0.0008830819
164,82,0.00021952484
165,82,0.00068885554
166,82,0.0004872661
167,82,0.0005111974
168,82,0.00045834854
169,82,0.0006869547
170,82,0.00012261048
171,82,0.0006799875
172,82,0.00065837055
173,82,0.000697745
174,82,0.00092259236
175,82,0.0009268103
176,82,0.00019441359
177,82,0.00060848426
178,82,0.00012549385
179,82,0.0005994681
180,82,0.00067450944
181,82,0.0007416401
182,82,0.00039028283
183,82,0.0005777115
184,82,0.00027292594
185,82,0.00031476934
186,82,0.0006909324
187,82,-5.618483e-05
188,82,0.0006321166
189,82,5.5344775e-05
190,82,0.00033249427
191,82,0.00035708118
192,82,-8.691102e-05
193,82,0.0002468247
194,82,2.3502856e-05
195,82,0.00033269357
196,82,0.00011309888
197,82,0.00015258696
198,82,0.00032390095
199,82,0.0007676827
200,82,0.00029577594
201,82,0.00010909047
202,82,0.00032922346
203,82,0.00025116839
204,82,0.000430136
205,82,0.0009357147
206,82,0.00022691395
207,82,-7.1870163e-06
208,82,0.00066334195
209,82,0.0008162968
210,82,0.0005094111
211,82,0.00037741382
212,82,0.00048670545
213,82,0.00029884093
214,82,0.0005410323
215,82,0.0002941871
216,82,0.0009584939
217,82,0.000353802
218,82,0.0003687814
219,82,0.00030434784
220,82,0.00065343734
221,82,-2.6241876e-05
222,82,0.00040149502
223,82,0.00056724995
224,82,0.0006230101
225,82,-1.2642704e-05
226,82,0.00022350717
227,82,0.00029183086
228,82,0.00095446594
229,82,0.0005252734
230,82,0.0004409831
231,82,0.00040257163
232,82,5.5162236e-05
233,82,-0.00021430664
234,82,0.00021374784
235,82,0.000699874
236,82,0.00077006966
237,82,0.00068241544
238,82,0.0006647222
239,82,0.00065237284
240,82,0.00065814145
241,82,0.00075014774
242,82,0.0006982023
243,82,0.00040609762
244,82,0.0005575735
245,82,0.0007350249
246,82,0.00071056094
247,82,0.00091229193
248,82,0.0007161796
249,82,0.00070378557
250,82,0.00067624357
251,82,0.00042589754
252,82,0.00048894715
253,82,0.0010391083
254,82,0.00078501087
255,82,0.00035637058
256,82,0.0006586341
257,82,0.0010564597
258,82,0.00042305142
259,82,9.113457e-05
260,82,0.0004644394
261,82,0.001415316
262,82,0.0003681183
263,82,-0.00024797395
264,82,0.0008594636
265,82,0.0008307416
266,82,0.00067007355
267,82,0.00035123993
268,82,0.0007840311
269,82,0.0009685494
270,82,0.0008728048
271,82,0.0007440597
272,82,0.0007186681
273,82,0.00069725513
274,82,0.00040245242
275,82,0.0005672164
276,82,
277,82,0.00057024043
278,82,
279,82,0.00068009086
280,82,
281,82,
282,82,
283,82,
284,82,0.00062781386
285,82,0.00056570396
286,82,0.00018919818
287,82,0.00028880313
288,82,0.00056578964
289,82,1.9613653e-06
290,82,0.00023818575
291,82,0.0007518092
292,82,0.0003592195
293,82,0.0005692877
294,82,-6.3207e-05
295,82,0.00054189004
296,82,0.00035482086
297,82,0.00013658963
298,82,0.00082989875
299,82,0.0004510861
300,82,0.00083319284
301,82,8.3884224e-05
302,82,0.0004647998
303,82,0.0010385578
304,82,0.0007299036
305,82,0.00018459
306,82,0.00059904344
307,82,0.0008170903
308,82,0.0006155828
309,82,0.0006237142
310,82,0.00019674841
311,82,0.00088482536
312,82,0.000739011
313,82,0.00060298573
314,82,0.0010660188
315,82,0.0008239504
316,82,0.0005236156
317,82,0.00068592
318,82,0.00084317755
319,82,0.001057839
320,82,0.00033053476
321,82,0.0008398043
322,82,0.00033539068
323,82,0.00075845234
324,82,0.0009054048
325,82,0.000903463
326,82,0.00057609566
327,82,0.0005661519
328,82,0.0005985964
329,82,0.0006813966
330,82,0.00082241464
331,82,0.0006994195
332,82,6.0548075e-05
333,82,0.0005342383
334,82,0.0004802663
335,82,0.000832079
336,82,0.00082010496
337,82,0.00031760242
338,82,0.00014182087
339,82,0.00043126103
340,82,0.00028204918
341,82,0.0007040361
342,82,0.00023875665
343,82,0.0008745529
344,82,0.0003850935
345,82,-5.876925e-05
346,82,0.00062953867
347,82,-0.0002668379
348,82,7.1316026e-05
349,82,1.9148923e-05
350,82,0.00016108993
351,82,0.00080552604
352,82,0.00024834275
353,82,0.0005235905
354,82,0.00070280675
355,82,0.0007529566
356,82,0.0005726861
357,82,0.000511989
358,82,0.00093671866
359,82,6.0118735e-05
360,82,0.00089190993
361,82,1.4304183e-05
362,82,0.0006026104
363,82,0.00083617214
364,82,0.00091348216
365,82,0.00082575064
366,82,0.0010103462
367,82,0.000588309
368,82,0.0006482294
369,82,0.0005156342
370,82,0.0007380685
371,82,0.000311967
372,82,0.0005434528
373,82,0.00043561496
374,82,0.00037650298
375,82,0.00048047118
376,82,0.0005592238
377,82,0.00021481793
378,82,0.0006476464
379,82,0.00050447416
380,82,0.0008440297
381,82,0.0006136568
382,82,0.0006938586
383,82,0.0008373847
384,82,0.00096085574
385,82,0.00055463146
386,82,0.0004606722
387,82,0.00051770546
388,82,0.0004768446
389,82,0.00063541625
390,82,0.00039856043
391,82,0.0006890213
392,82,0.0010965085
393,82,-0.00012621842
394,82,0.0003590621
395,82,0.00054820254
396,82,0.00033736043
397,82,0.0004913155
398,82,0.0005804831
399,82,0.0010501314
400,82,0.00077239797
401,82,0.00057465583
402,82,0.00071135815
403,82,0.00070487335
404,82,0.00085851736
405,82,0.0008537173
406,82,0.0007676529
407,82,0.00090197567
408,82,0.00082570966
409,82,0.000573596
410,82,0.00061784405
411,82,0.0010113791
412,82,0.0011945618
413,82,
414,82,
415,82,0.0005483972
416,82,0.00068018027
417,82,7.535983e-05
418,82,0.00052597467
419,82,0.0011806088
420,82,0.00063498504
421,82,0.00055615045
422,82,0.00042137224
423,82,0.0003950242
424,82,0.00063544326
425,82,-0.0001264885
426,82,0.0006374251
427,82,0.0005279109
428,82,0.00066980347
429,82,0.0006826017
430,82,0.00043986272
431,82,0.00063396245
432,82,0.0007109111
433,82,0.00056314934
434,82,0.00015420839
435,82,0.0001838943
436,82,0.0001446046
437,82,0.0008264305
438,82,0.00024117809
439,82,0.0006167237
440,82,-7.4230134e-05
441,82,0.0008406788
442,82,0.00047200546
443,82,0.00060402974
444,82,0.0007011341
445,82,0.00017096661
446,82,0.0004173452
447,82,0.00053832214
448,82,0.00038093328
449,82,0.00041017123
450,82,0.0005855225
451,82,0.00043347664
452,82,0.0003440734
453,82,2.13366e-05
454,82,0.00083062984
455,82,0.00047778524
456,82,0.0010235412
457,82,0.0006538704
458,82,0.0008136397
459,82,0.00068013
460,82,0.0005510524
461,82,0.0008174032
462,82,0.00059242547
463,82,0.0006798431
464,82,0.00013063662
465,82,0.00068343524
466,82,0.0008442383
467,82,0.00083529484
468,82,0.0005180277
469,82,0.0006554369
470,82,0.0005945377
471,82,9.023864e-05
472,82,0.00080032647
473,82,0.000662338
474,82,0.0012391265
475,82,0.0010752687
476,82,0.00095821824
477,82,0.0008913409
478,82,0.0006226525
479,82,0.0008013891
480,82,0.0007340731
481,82,0.0006146403
482,82,0.0004739333
483,82,0.0008137375
484,82,0.00033314154
485,82,0.00034479983
486,82,0.0008653989
487,82,0.00035831053
488,82,0.00075880904
489,82,0.00096359756
490,82,0.00065701455
491,82,0.0007977076
492,82,0.00075434335
493,82,0.00042653084
494,82,0.00013936125
0,83,
1,83,
2,83,6.532017e-05
3,83,
4,83,0.00016406551
5,83,0.00048285723
6,83,0.0006296132
7,83,0.0006965408
8,83,0.0007078266
9,83,
10,83,
11,83,
12,83,
13,83,
14,83,
15,83,
16,83,
17,83,
18,83,
19,83,
20,83,
21,83,
22,83,
23,83,
24,83,
25,83,
26,83,
27,83,
28,83,0.0005735401
29,83,0.0009679906
30,83,0.0002307361
31,83,0.0014690375
32,83,0.0004953919
33,83,0.00056629255
34,83,0.0004549874
35,83,0.00048382953
36,83,0.00060965493
37,83,0.00049619935
38,83,0.000562639
39,83,0.0006276807
40,83,0.00065157656
41,83,0.00039475504
42,83,0.0006333394
43,83,0.0002961997
44,83,0.0006485358
45,83,0.00018264633
46,83,0.00092253834
47,83,0.00027295202
48,83,0.00040930323
49,83,0.00016336143
50,83,0.00025100168
51,83,0.00068244524
52,83,0.00049718004
53,83,0.00076842774
54,83,0.00028987322
55,83,0.00040999055
56,83,3.140513e-05
57,83,0.00013722852
58,83,0.00042227656
59,83,-2.2120774e-05
60,83,0.00019370951
61,83,0.00047605205
62,83,0.00056363735
63,83,0.00073003676
64,83,0.0012270194
65,83,0.000585217
66,83,1.1314638e-05
67,83,0.000997127
68,83,-6.3683838e-06
69,83,0.00038075726
70,83,0.00071472954
71,83,0.00036099833
72,83,0.00025092997
73,83,0.00029141642
74,83,0.0009987913
75,83,0.0006936034
76,83,0.00065557286
77,83,2.2030436e-05
78,83,0.0006288383
79,83,0.0007146215
80,83,0.0011121836
81,83,0.000736448
82,83,0.00070551876
83,83,0.00066591613
84,83,0.00025429577
85,83,0.0004705973
86,83,0.00070057623
87,83,0.00061098114
88,83,0.00044502225
89,83,0.00045122765
90,83,0.00091022346
91,83,0.0007008882
92,83,0.0007441472
93,83,0.00067117345
94,83,0.00039990805
95,83,-9.0250745e-05
96,83,0.0004421156
97,83,2.2701919e-05
98,83,0.000648506
99,83,0.0011002142
100,83,0.00081524625
101,83,0.00053871237
102,83,
103,83,
104,83,
105,83,
106,83,
107,83,
108,83,
109,83,
110,83,
111,83,
112,83,
113,83,
114,83,
115,83,
116,83,
117,83,
118,83,
119,83,
120,83,
121,83,
122,83,
123,83,
124,83,
125,83,
126,83,
127,83,
128,83,
129,83,0.00029451493
130,83,
131,83,0.0004366245
132,83,
133,83,0.00042421743
134,83,
135,83,0.00010698009
136,83,
137,83,
138,83,1.178775e-05
139,83,
140,83,0.00020071026
141,83,0.00056689046
142,83,0.00062010344
143,83,-8.1637874e-05
144,83,-0.00012650341
145,83,0.00013067015
146,83,0.00019135606
147,83,0.0006729299
148,83,
149,83,0.00045418646
150,83,
151,83,
152,83,
153,83,
154,83,
155,83,
156,83,
157,83,
158,83,0.0007052589
159,83,0.0007270649
160,83,0.00079480093
161,83,0.00026843604
162,83,0.0007171463
163,83,0.00020504929
164,83,0.0009425897
165,83,0.00030057877
166,83,0.00039356947
167,83,0.00027916767
168,83,0.0006496925
169,83,0.00015130639
170,83,0.00043564476
171,83,0.0006401213
172,83,8.628704e-06
173,83,0.0006929096
174,83,-5.5386685e-05
175,83,0.00015215576
176,83,0.00029036682
177,83,0.0005523795
178,83,0.0006424375
179,83,0.0003512539
180,83,0.0003879331
181,83,0.00069906376
182,83,0.0006369967
183,83,-0.00019385014
184,83,0.0007514786
185,83,9.274203e-05
186,83,0.00014835875
187,83,0.0008206712
188,83,0.00027498975
189,83,0.0006354116
190,83,0.00031128898
191,83,0.0009324895
192,83,-9.07518e-05
193,83,0.0007086154
194,83,0.00047751516
195,83,0.0004509939
196,83,0.0006972188
197,83,0.00033943448
198,83,0.00014789123
199,83,0.00021354295
200,83,0.0005716719
201,83,0.000784209
202,83,0.00019754935
203,83,0.00046395138
204,83,0.00041844603
205,83,0.00077534467
206,83,0.0012085158
207,83,0.00031624176
208,83,0.0003056489
209,83,0.0007196674
210,83,0.0007753894
211,83,0.00032745954
212,83,0.00058681984
213,83,0.00047301129
214,83,0.0005284613
215,83,0.000631745
216,83,1.9943342e-05
217,83,0.0008318024
218,83,0.001426843
219,83,-0.00012659561
220,83,0.00072165206
221,83,0.0005163234
222,83,0.0008531511
223,83,0.00067782775
224,83,0.0009731464
225,83,0.00056947116
226,83,0.0010575708
227,83,0.0013195071
228,83,0.0007773144
229,83,0.00034892187
230,83,0.0004553711
231,83,8.841511e-05
232,83,0.00041339267
233,83,0.0005841451
234,83,0.00039771572
235,83,0.00020716246
236,83,0.000238318
237,83,0.00037130062
238,83,0.0005150782
239,83,0.0005969582
240,83,0.00021778326
241,83,0.0006373245
242,83,0.00096770376
243,83,0.00035725534
244,83,0.0005914476
245,83,0.00038006715
246,83,0.00044442248
247,83,0.00032658223
248,83,0.00065805484
249,83,0.00056132115
250,83,0.0007591639
251,83,0.0006986335
252,83,0.00032658502
253,83,0.0009739455
254,83,0.0004535038
255,83,0.0008585844
256,83,0.00051626563
257,83,0.0003807051
258,83,0.00016452931
259,83,0.0010773605
260,83,7.693004e-05
261,83,0.001018594
262,83,0.00052489433
263,83,0.0006412044
264,83,0.00080092624
265,83,0.00040176138
266,83,0.00062946696
267,83,0.00055570435
268,83,0.0007659001
269,83,0.00093510095
270,83,0.000112980604
271,83,0.00084918924
272,83,0.0010303464
273,83,0.0006192168
274,83,0.0005135061
275,83,0.0009369422
276,83,0.00036384538
277,83,5.717203e-05
278,83,
279,83,
280,83,0.0006007934
281,83,
282,83,-0.00018334482
283,83,
284,83,0.0007331837
285,83,0.00058140047
286,83,0.0006395094
287,83,0.00037157722
288,83,0.0004095938
289,83,0.00010506902
290,83,0.0002961494
291,83,1.1843629e-05
292,83,0.00090790726
293,83,0.0006828215
294,83,0.0007927045
295,83,0.0001473641
296,83,0.0003717877
297,83,9.5855445e-05
298,83,0.0007620342
299,83,0.0006123036
300,83,0.00044703856
301,83,0.00045905635
302,83,0.00028431974
303,83,0.0004366031
304,83,0.00053485576
305,83,0.00061289594
306,83,0.00087075867
307,83,0.00083114486
308,83,0.00062827487
309,83,0.0006832797
310,83,0.00027863123
311,83,0.00085904915
312,83,0.0006088931
313,83,0.00058704894
314,83,0.00048851315
315,83,0.00030165166
316,83,0.00068428274
317,83,0.00090394076
318,83,0.0004063053
319,83,0.0009543309
320,83,0.0007081218
321,83,0.00044686254
322,83,0.00082781725
323,83,0.0007244926
324,83,0.0003324533
325,83,0.0004667295
326,83,0.00034066942
327,83,0.00024832785
328,83,0.00032866653
329,83,0.00043474324
330,83,0.00095597096
331,83,0.0006891666
332,83,0.0007676976
333,83,0.00038557872
334,83,0.0006353408
335,83,0.000646946
336,83,0.00031609926
337,83,0.00078685675
338,83,0.0005112402
339,83,0.0007799007
340,83,0.0006112559
341,83,0.0001932932
342,83,0.00022042543
343,83,0.00058523566
344,83,0.00072376616
345,83,0.0005265279
346,83,0.00033178087
347,83,0.00086036045
348,83,4.5675784e-05
349,83,-0.00010910258
350,83,0.0006373208
351,83,0.0006492445
352,83,0.0004434716
353,83,0.0004124744
354,83,0.0008157408
355,83,0.0003368361
356,83,0.00060409494
357,83,0.0002331147
358,83,0.00062625855
359,83,0.00044786278
360,83,0.00025087874
361,83,0.0006636437
362,83,0.00051845424
363,83,0.00033902284
364,83,0.00013866276
365,83,0.00080518425
366,83,-1.4739111e-05
367,83,0.00045348518
368,83,0.00074737705
369,83,0.00057909824
370,83,0.00066750776
371,83,0.00055840705
372,83,0.0008236272
373,83,0.00047321618
374,83,0.0006622793
375,83,0.0007007774
376,83,0.000489736
377,83,0.0005106516
378,83,0.0007380005
379,83,0.00045496505
380,83,0.00025387667
381,83,0.00064616
382,83,0.0009581661
383,83,0.00019579101
384,83,0.00022711046
385,83,0.0005465457
386,83,0.00022041425
387,83,0.000847402
388,83,0.0006298125
389,83,0.000176779
390,83,0.00072585605
391,83,0.0006605303
392,83,0.0005461909
393,83,0.0005152589
394,83,4.09903e-05
395,83,0.00029837992
396,83,0.00035784673
397,83,0.00058968365
398,83,0.00034629274
399,83,0.00057448633
400,83,0.00037488993
401,83,0.0005288338
402,83,0.00047949608
403,83,0.0008668322
404,83,0.00047298986
405,83,0.0006940719
406,83,0.00066217035
407,83,0.00026363134
408,83,0.000562123
409,83,0.00071729254
410,83,0.00093333144
411,83,0.001080024
412,83,0.0007860428
413,83,0.00079086516
414,83,0.0006607156
415,83,0.00028565433
416,83,0.00038737617
417,83,0.00047684927
418,83,0.00081406906
419,83,0.0005652467
420,83,0.0002650302
421,83,0.0005996395
422,83,0.00043894164
423,83,0.00044012815
424,83,0.00064339675
425,83,0.0005822573
426,83,0.00030722003
427,83,0.00030384026
428,83,0.00085857697
429,83,0.0007344596
430,83,0.00034565013
431,83,0.0012325011
432,83,0.00047110207
433,83,0.00035979226
434,83,0.000420928
435,83,0.00087315403
436,83,0.00028670672
437,83,0.0005424414
438,83,0.0006985152
439,83,0.0006583631
440,83,0.00096741505
441,83,9.2292204e-05
442,83,0.00064022
443,83,0.00064613484
444,83,3.6741607e-05
445,83,-6.6371635e-05
446,83,0.00045351405
447,83,0.0012233695
448,83,0.00018756837
449,83,0.00034016743
450,83,0.00070421025
451,83,0.0004472891
452,83,0.0008097859
453,83,0.00044842064
454,83,0.00067837536
455,83,7.79517e-05
456,83,0.00074342545
457,83,0.000382768
458,83,0.00022970792
459,83,0.0004213797
460,83,0.0004327828
461,83,0.0008843066
462,83,0.0010119984
463,83,0.0003832793
464,83,0.0007595122
465,83,0.00050853007
466,83,0.00077664666
467,83,0.0003961986
468,83,0.0012296103
469,83,0.00022085197
470,83,0.0009882394
471,83,3.203377e-05
472,83,0.0011074096
473,83,0.0010309638
474,83,0.00058915187
475,83,0.00053569954
476,83,-9.8270364e-05
477,83,0.0006547328
478,83,0.00063690543
479,83,0.00074573606
480,83,0.0007494567
481,83,0.0007985141
482,83,0.0004607262
483,83,0.00036766846
484,83,0.0006823018
485,83,0.00021812133
486,83,9.386707e-05
487,83,0.0004632296
488,83,0.00020273775
489,83,0.0003849771
490,83,0.0010096598
491,83,0.00083998963
492,83,0.00044043548
493,83,0.000958371
494,83,0.00029945746
0,84,
1,84,0.000820593
2,84,
3,84,
4,84,0.00039133895
5,84,0.00080222543
6,84,0.00065118633
7,84,0.0006074589
8,84,
9,84,0.0007737372
10,84,
11,84,
12,84,
13,84,
14,84,
15,84,
16,84,
17,84,
18,84,
19,84,
20,84,
21,84,
22,84,
23,84,
24,84,
25,84,
26,84,
27,84,0.0007707635
28,84,0.0005739508
29,84,0.00017223042
30,84,0.0010647979
31,84,-1.238659e-05
32,84,0.0005027512
33,84,0.0005087834
34,84,0.00051081274
35,84,0.0002558101
36,84,0.00020692497
37,84,0.0006496906
38,84,0.0008629961
39,84,0.00064888503
40,84,0.00063020084
41,84,0.00034526922
42,84,0.0006930344
43,84,0.0007571094
44,84,0.00071082544
45,84,0.00028591044
46,84,0.00021570828
47,84,0.0005588792
48,84,0.0003811242
49,84,9.403564e-05
50,84,0.00027531665
51,84,0.00067885965
52,84,1.0410324e-05
53,84,0.0003684573
54,84,0.0005064141
55,84,0.0009877775
56,84,0.0011412809
57,84,0.00042556506
58,84,0.00029737502
59,84,0.000106438994
60,84,0.0001823837
61,84,6.4265914e-05
62,84,0.0002248846
63,84,0.00047443341
64,84,0.00032073818
65,84,-0.00017170422
66,84,-0.00017385837
67,84,0.00026660692
68,84,0.00047940202
69,84,-0.00011344254
70,84,0.0005887607
71,84,0.000106750056
72,84,0.00030419417
73,84,0.00016502757
74,84,-0.00019096024
75,84,0.00074472465
76,84,0.00032468233
77,84,0.00050750375
78,84,0.0006716931
79,84,0.0006511472
80,84,0.0005738083
81,84,0.0005786568
82,84,0.00021438394
83,84,0.00079831574
84,84,0.00024979562
85,84,0.00032728724
86,84,0.00046321657
87,84,0.0009071594
88,84,0.0005725287
89,84,0.0007189
90,84,0.0009723762
91,84,0.0008083228
92,84,0.00033917464
93,84,0.00072964747
94,84,0.00056200847
95,84,0.0008447934
96,84,0.0008522719
97,84,0.00064462144
98,84,0.00050098356
99,84,0.00038829818
100,84,0.0004120227
101,84,0.0002105292
102,84,
103,84,0.0006989036
104,84,
105,84,
106,84,
107,84,
108,84,
109,84,
110,84,
111,84,
112,84,
113,84,
114,84,
115,84,
116,84,
117,84,
118,84,0.00081459153
119,84,
120,84,
121,84,
122,84,
123,84,
124,84,
125,84,
126,84,
127,84,
128,84,
129,84,
130,84,
131,84,
132,84,0.00078952406
133,84,0.0007663416
134,84,0.00012978539
135,84,
136,84,0.0004115142
137,84,
138,84,
139,84,0.00010148622
140,84,0.0005238075
141,84,0.00032797735
142,84,0.00063285045
143,84,0.00046207663
144,84,0.00064915884
145,84,0.00039427262
146,84,0.00050487835
147,84,0.0007122485
148,84,0.00018058252
149,84,0.00053635426
150,84,
151,84,
152,84,
153,84,
154,84,
155,84,
156,84,
157,84,
158,84,0.00033756997
159,84,0.0014283722
160,84,0.0004930701
161,84,0.00052551646
162,84,0.0005654488
163,84,0.00040400214
164,84,0.00065758824
165,84,0.0002697436
166,84,3.0267052e-05
167,84,0.000977261
168,84,0.0007672999
169,84,0.00060629006
170,84,0.0001596706
171,84,0.0005643442
172,84,0.00056346133
173,84,0.0002646204
174,84,0.00046330318
175,84,0.0008927593
176,84,0.0004256852
177,84,0.0006335201
178,84,-0.0002139248
179,84,0.00069069397
180,84,4.13619e-05
181,84,0.00027688965
182,84,2.2565015e-05
183,84,0.0002580164
184,84,0.0007358659
185,84,-9.428337e-05
186,84,0.00030160882
187,84,0.00052393787
188,84,0.00072387233
189,84,0.0007717684
190,84,3.1203963e-05
191,84,-0.0001450833
192,84,0.0005312776
193,84,0.0003378056
194,84,0.00020064693
195,84,6.267056e-05
196,84,0.00044301152
197,84,0.00066196546
198,84,0.00011575222
199,84,-0.00017760135
200,84,0.000427383
201,84,0.0006715525
202,84,-3.883615e-05
203,84,0.0011278819
204,84,-7.646438e-05
205,84,1.7313287e-06
206,84,0.0005475851
207,84,0.000724799
208,84,0.00074924063
209,84,0.00038024597
210,84,0.0007083155
211,84,0.00070792716
212,84,0.00055534486
213,84,0.0004974762
214,84,0.0002527181
215,84,4.0507875e-05
216,84,0.0010313736
217,84,0.00038390886
218,84,0.00061919354
219,84,0.00022225548
220,84,0.00060233567
221,84,0.0005789101
222,84,0.00068996474
223,84,0.00032097846
224,84,0.00052671134
225,84,0.000391745
226,84,0.0002210401
227,84,0.00029386207
228,84,0.00015073922
229,84,0.00027043186
230,84,0.0004773531
231,84,0.0009975033
232,84,0.0003690282
233,84,-0.00022382662
234,84,0.00018050242
235,84,0.0005078986
236,84,0.00039681979
237,84,0.00044794846
238,84,0.00027804263
239,84,0.00059278496
240,84,0.00070419535
241,84,0.00021318812
242,84,4.9978495e-05
243,84,0.0005952297
244,84,0.0007380359
245,84,0.0010930784
246,84,0.0007261401
247,84,0.0006520059
248,84,0.00059041753
249,84,0.0003096573
250,84,0.0006997371
251,84,0.0008490598
252,84,0.00042936858
253,84,0.000309865
254,84,0.00064093433
255,84,0.00078848004
256,84,0.0006484231
257,84,0.0006705392
258,84,0.00084471237
259,84,0.00070287567
260,84,0.00033179857
261,84,0.0005649105
262,84,0.0006625438
263,84,0.0010572793
264,84,0.0002622865
265,84,0.00087562297
266,84,0.0009793378
267,84,0.00093111116
268,84,0.0008254247
269,84,0.0001467336
270,84,0.0005154377
271,84,0.00092979614
272,84,0.0004439419
273,84,0.00064843334
274,84,0.0003878912
275,84,
276,84,0.00067612715
277,84,
278,84,
279,84,
280,84,
281,84,
282,84,
283,84,
284,84,
285,84,0.00047340244
286,84,-0.00032552332
287,84,3.898423e-05
288,84,0.0005817851
289,84,5.34039e-05
290,84,0.00022700056
291,84,0.00044789538
292,84,0.0006609233
293,84,0.0003242353
294,84,0.00016727205
295,84,0.0003675744
296,84,0.0011634752
297,84,0.0006712284
298,84,0.00017516967
299,84,0.00011558272
300,84,0.00038776826
301,84,0.0010922002
302,84,0.0007900363
303,84,0.00029957853
304,84,0.00055877306
305,84,0.0009059934
306,84,0.0001350427
307,84,0.0004919255
308,84,0.00093510654
309,84,0.0005572345
310,84,0.00089979824
311,84,0.00026968308
312,84,0.00064403005
313,84,0.00051985495
314,84,0.0006833868
315,84,0.00066176057
316,84,0.000765915
317,84,0.00046703778
318,84,0.00058722124
319,84,0.00067376904
320,84,0.00050376356
321,84,0.0003933981
322,84,0.00061396323
323,84,0.00085897
324,84,0.000108982436
325,84,0.00071679614
326,84,0.00010176934
327,84,0.0007071877
328,84,0.0006792573
329,84,0.00056028366
330,84,0.00010081101
331,84,0.00074819755
332,84,0.0007901406
333,84,0.00038196892
334,84,0.0004308829
335,84,0.00050115585
336,84,0.0005046595
337,84,4.7296286e-05
338,84,0.00036742166
339,84,0.00027400907
340,84,0.00010154303
341,84,0.0011983141
342,84,0.00043020025
343,84,0.0006823726
344,84,0.00079887547
345,84,0.0004648436
346,84,0.00020294078
347,84,0.00020459667
348,84,0.00026190747
349,84,0.0005188333
350,84,0.00060165767
351,84,0.0009601647
352,84,0.0004475629
353,84,0.0006762184
354,84,0.00073482096
355,84,0.00017008372
356,84,0.00027465727
357,84,0.0009184256
358,84,0.00018447824
359,84,0.00043164287
360,84,0.0006469358
361,84,0.00029601995
362,84,8.16565e-05
363,84,7.4568205e-05
364,84,0.0008207187
365,84,0.00062489323
366,84,0.00068128016
367,84,2.3411587e-05
368,84,0.00042440556
369,84,0.00047546625
370,84,0.0006717397
371,84,0.00023997296
372,84,0.0006022975
373,84,0.00084902253
374,84,0.0002144631
375,84,0.0005719308
376,84,0.0006423611
377,84,3.558956e-05
378,84,0.0006185351
379,84,0.0007942794
380,84,0.000996775
381,84,0.00058599375
382,84,0.0006427737
383,84,0.0009257337
384,84,0.00047044642
385,84,0.0009291405
386,84,0.0007775361
387,84,0.00065243896
388,84,0.0007721903
389,84,0.0005313335
390,84,0.0008100737
391,84,0.0010268847
392,84,0.00043800473
393,84,0.00025261194
394,84,0.000565107
395,84,0.00034270342
396,84,0.0004581455
397,84,0.00063907355
398,84,0.00035489444
399,84,0.0006517563
400,84,0.0008515315
401,84,0.0004846519
402,84,0.00043878797
403,84,0.0008713333
404,84,0.00086793024
405,84,0.0006896164
406,84,0.0007709507
407,84,0.00068073254
408,84,0.00089623034
409,84,0.00014191773
410,84,0.0005790377
411,84,0.00054848567
412,84,0.0007382408
413,84,0.0009826943
414,84,0.0007644752
415,84,0.0007436704
416,84,0.00062591396
417,84,0.0005112365
418,84,0.0006010877
419,84,0.00019439682
420,84,0.00048078503
421,84,0.00048138574
422,84,0.0003955569
423,84,0.00069012307
424,84,0.00057995226
425,84,0.00020054914
426,84,0.00092298444
427,84,0.0006181495
428,84,0.00038047414
429,84,8.3843246e-05
430,84,0.0004487615
431,84,0.001009455
432,84,0.0005203057
433,84,0.00054132845
434,84,0.00031719077
435,84,0.0006880993
436,84,0.00025119446
437,84,0.0005818391
438,84,0.0008792076
439,84,0.0007551154
440,84,0.00079771597
441,84,0.0007981844
442,84,0.0006219456
443,84,0.00054829195
444,84,0.0003621271
445,84,0.0005963128
446,84,0.0007047737
447,84,0.0006376952
448,84,0.0010439074
449,84,0.00071581174
450,84,-7.1316026e-05
451,84,0.000381561
452,84,0.00065197796
453,84,0.0006326251
454,84,0.00014557596
455,84,8.989405e-05
456,84,0.00040155463
457,84,0.00066364184
458,84,0.0005616732
459,84,0.00086459797
460,84,0.00054940954
461,84,0.0004994795
462,84,0.0006525945
463,84,0.0002101101
464,84,0.00061976723
465,84,0.0003991006
466,84,0.00067493226
467,84,0.0005004145
468,84,0.0010357685
469,84,0.00042785052
470,84,0.0009673899
471,84,0.00031936727
472,84,6.626453e-05
473,84,0.00071076676
474,84,0.00043891836
475,84,0.00035075936
476,84,0.0007077316
477,84,0.0002792636
478,84,0.00037867203
479,84,0.0006124154
480,84,0.00044680107
481,84,0.0007898733
482,84,0.00033692177
483,84,0.00037508644
484,84,0.0007060841
485,84,0.00084379315
486,84,0.0007102052
487,84,-1.2140721e-05
488,84,0.00073179323
489,84,0.00022895448
490,84,0.00068566576
491,84,0.00013539381
492,84,0.00034083985
493,84,-8.000154e-05
494,84,0.0008916324
0,85,
1,85,
2,85,0.00059338287
3,85,0.00081804674
4,85,0.0010086847
5,85,0.0002775211
6,85,
7,85,0.00036834087
8,85,0.00032929424
9,85,
10,85,
11,85,
12,85,
13,85,
14,85,
15,85,
16,85,
17,85,0.0006406782
18,85,
19,85,
20,85,
21,85,
22,85,
23,85,
24,85,
25,85,
26,85,0.00050335005
27,85,0.0010184413
28,85,-7.873122e-05
29,85,0.00054917205
30,85,0.0005116891
31,85,0.0008716425
32,85,0.0002486203
33,85,0.0003292309
34,85,9.310525e-05
35,85,0.0003292784
36,85,0.00030483678
37,85,0.00060191564
38,85,0.00023293402
39,85,0.0007589543
40,85,0.0006681541
41,85,0.00045245886
42,85,0.0005746158
43,85,0.00052383915
44,85,0.0005879253
45,85,0.00070980843
46,85,0.0008277213
47,85,0.00054766797
48,85,0.0006912453
49,85,0.00026897527
50,85,7.33044e-05
51,85,0.00013397727
52,85,0.000881277
53,85,0.0007062843
54,85,0.00010121148
55,85,0.00024757907
56,85,0.00047143735
57,85,0.0007220218
58,85,-5.956646e-05
59,85,0.0006134175
60,85,6.723311e-05
61,85,-3.711786e-05
62,85,0.0003076056
63,85,-5.0873496e-05
64,85,0.0003309073
65,85,0.00040159374
66,85,-0.00010806229
67,85,0.000832675
68,85,0.0007038228
69,85,0.000320415
70,85,0.0004400378
71,85,0.00078973826
72,85,8.773804e-05
73,85,0.00022697262
74,85,0.0008424707
75,85,0.0003879154
76,85,2.105534e-05
77,85,0.000862713
78,85,0.0003589131
79,85,0.00037588272
80,85,0.0005184058
81,85,0.0004509231
82,85,0.0005543381
83,85,0.00025827717
84,85,0.00075880066
85,85,0.00028993003
86,85,0.0003949618
87,85,0.00065679103
88,85,0.00070599746
89,85,0.00073817465
90,85,0.00086296536
91,85,-0.00014164392
92,85,0.00031311903
93,85,0.0008281544
94,85,0.00059520174
95,85,0.0007322384
96,85,0.0007028021
97,85,0.00059949886
98,85,0.0010743309
99,85,0.0009103995
100,85,0.0007316526
101,85,-4.2520463e-05
102,85,0.0008526044
103,85,
104,85,
105,85,
106,85,
107,85,
108,85,
109,85,
110,85,
111,85,
112,85,
113,85,
114,85,
115,85,
116,85,
117,85,
118,85,
119,85,
120,85,
121,85,
122,85,
123,85,
124,85,
125,85,
126,85,
127,85,
128,85,
129,85,
130,85,
131,85,
132,85,0.00016791187
133,85,
134,85,
135,85,0.0012849579
136,85,
137,85,
138,85,
139,85,-0.00032659154
140,85,-0.00013307668
141,85,0.0003358284
142,85,0.00018818025
143,85,0.0002376847
144,85,0.0002632672
145,85,0.0007438576
146,85,0.00070235226
147,85,0.00039386842
148,85,0.00087699667
149,85,0.0004247101
150,85,
151,85,
152,85,0.0012577791
153,85,
154,85,
155,85,
156,85,
157,85,
158,85,0.0005415771
159,85,0.00022986904
160,85,0.000594764
161,85,7.7829696e-05
162,85,-5.8300793e-07
163,85,0.0007142974
164,85,0.0002893554
165,85,0.00054785796
166,85,0.00039182417
167,85,0.0006850045
168,85,0.001128111
169,85,1.1333264e-05
170,85,0.00055998564
171,85,0.0003070226
172,85,0.0006325338
173,85,0.0008732313
174,85,0.00040689483
175,85,0.00038601086
176,85,-3.3790246e-05
177,85,0.00035153516
178,85,0.0015466139
179,85,0.00028369855
180,85,0.00014571846
181,85,5.029142e-07
182,85,0.001246823
183,85,0.00030831993
184,85,7.468648e-05
185,85,0.00051978417
186,85,0.0007220572
187,85,0.0005715862
188,85,0.00019759312
189,85,0.00068726204
190,85,0.00037667993
191,85,0.0006849505
192,85,0.0005322937
193,85,0.0003311513
194,85,0.0006069625
195,85,0.0009108288
196,85,0.00024051778
197,85,0.00020053051
198,85,0.000864584
199,85,0.00018971693
200,85,0.00019880664
201,85,0.0006912891
202,85,0.00045954436
203,85,0.00025672
204,85,0.00083864573
205,85,0.0008777091
206,85,0.00050507486
207,85,0.0004113661
208,85,0.00087945256
209,85,0.00023630634
210,85,0.00084780157
211,85,0.00038907118
212,85,0.0002614716
213,85,0.00047501829
214,85,0.00084380433
215,85,0.00072027184
216,85,-1.0735355e-05
217,85,0.00050233863
218,85,0.0003972277
219,85,0.0011366466
220,85,0.00038596522
221,85,0.0010516839
222,85,0.00068550743
223,85,0.000587224
224,85,0.00068626367
225,85,0.0004870277
226,85,0.00044634566
227,85,0.00092539005
228,85,2.5467016e-05
229,85,0.0007131798
230,85,0.00043161772
231,85,0.0006702095
232,85,0.00024174992
233,85,0.00063955877
234,85,0.00017533451
235,85,0.0005344078
236,85,0.00043546408
237,85,0.00052505825
238,85,0.00020931754
239,85,0.0003631655
240,85,0.00020798016
241,85,0.00027784053
242,85,0.00025493465
243,85,0.0006364798
244,85,0.0005767606
245,85,0.00067682005
246,85,0.0004641544
247,85,0.0008063838
248,85,0.00060582254
249,85,0.000766607
250,85,0.0008300375
251,85,0.0009348141
252,85,0.0006157104
253,85,0.00065909047
254,85,0.0003175484
255,85,0.00023201853
256,85,0.00032103527
257,85,0.00017422438
258,85,0.0005857479
259,85,0.00043426733
260,85,-7.552467e-05
261,85,0.00081581995
262,85,0.0010845968
263,85,0.00067275204
264,85,0.0008176891
265,85,0.0005177343
266,85,0.00081497617
267,85,0.00052788015
268,85,0.00052352436
269,85,0.0010952456
270,85,0.00040518772
271,85,0.0007679863
272,85,0.00030947383
273,85,0.0001845127
274,85,
275,85,
276,85,0.0009475257
277,85,
278,85,
279,85,
280,85,
281,85,
282,85,
283,85,
284,85,0.00044454634
285,85,0.00086890813
286,85,0.00082534924
287,85,0.00051543117
288,85,0.0002631601
289,85,0.00033415295
290,85,0.00040571857
291,85,0.00047968887
292,85,0.0004303865
293,85,0.00052040257
294,85,0.0005367603
295,85,0.0006322898
296,85,0.00011833012
297,85,0.0007690517
298,85,0.00031517074
299,85,0.00046130456
300,85,0.0007537594
301,85,0.000985858
302,85,0.000379215
303,85,0.0005149357
304,85,0.00040071085
305,85,0.0007504374
306,85,0.0007615611
307,85,0.0005832119
308,85,0.00045124162
309,85,0.0006890502
310,85,0.0011910107
311,85,0.00072174706
312,85,0.000692592
313,85,0.0007412117
314,85,0.0008745659
315,85,0.0007239422
316,85,0.0006097369
317,85,0.00075435266
318,85,0.0010817116
319,85,0.00089442637
320,85,0.000677092
321,85,0.0004959954
322,85,0.0006087385
323,85,0.00065957475
324,85,0.00037472416
325,85,0.0008709822
326,85,0.00041953474
327,85,0.00030524097
328,85,0.00048709195
329,85,0.00072842557
330,85,0.00022567902
331,85,0.0002916362
332,85,0.0007656999
333,85,0.0006020209
334,85,0.0004539648
335,85,0.000478331
336,85,0.00024329405
337,85,0.00030378718
338,85,0.00057693105
339,85,0.0004365798
340,85,0.00025044568
341,85,0.00041214284
342,85,0.000436984
343,85,0.00021344144
344,85,0.0006916113
345,85,0.00066185836
346,85,0.0003745407
347,85,0.000341353
348,85,0.0004388271
349,85,0.00024326704
350,85,0.00023258198
351,85,0.00050611235
352,85,0.000779164
353,85,0.00016749743
354,85,4.2296946e-05
355,85,-0.00045735948
356,85,0.0002882434
357,85,0.00088850595
358,85,0.00038471632
359,85,6.054435e-05
360,85,0.00014266092
361,85,0.0005123047
362,85,0.0004420476
363,85,0.0002209656
364,85,-1.7194077e-05
365,85,0.00024412945
366,85,0.0006180797
367,85,0.00037462078
368,85,0.0004967386
369,85,0.00096425787
370,85,0.00044439547
371,85,0.0002884455
372,85,0.00068500265
373,85,0.0007698834
374,85,0.00028908253
375,85,0.00039483514
376,85,0.0010213181
377,85,0.00045404024
378,85,-5.6662597e-05
379,85,0.0003896188
380,85,0.00049486104
381,85,0.000569636
382,85,0.0006273296
383,85,0.0005583456
384,85,0.00058482774
385,85,0.00090988725
386,85,0.00042450614
387,85,0.0007631015
388,85,0.00066158175
389,85,0.0006730594
390,85,0.00033029355
391,85,0.00088043325
392,85,0.0008316394
393,85,0.00048231333
394,85,0.00071391184
395,85,0.0008217618
396,85,0.00088417716
397,85,0.0004347181
398,85,0.00053022336
399,85,0.000997724
400,85,0.00075354706
401,85,0.00058888923
402,85,0.000118882395
403,85,0.0007760534
404,85,0.00020851288
405,85,0.0008202009
406,85,0.00083565246
407,85,0.0010347292
408,85,0.00075154006
409,85,0.00063807424
410,85,0.0005229628
411,85,0.00018998515
412,85,0.0008737873
413,85,0.00094733946
414,85,0.00074286945
415,85,0.00062767975
416,85,0.00083746575
417,85,0.0003445018
418,85,0.000115839764
419,85,0.00038039777
420,85,0.00069269165
421,85,0.00084332377
422,85,0.0007768478
423,85,0.0010890737
424,85,0.0007738378
425,85,0.00041024014
426,85,0.00027176924
427,85,0.00042584725
428,85,0.00014943164
429,85,0.00047143828
430,85,0.00010487717
431,85,0.0012276126
432,85,0.0007638838
433,85,0.00084744114
434,85,0.00057607703
435,85,0.0007962594
436,85,0.0006223358
437,85,0.0007905802
438,85,0.0006411383
439,85,0.0005771797
440,85,0.00060324464
441,85,0.0008208258
442,85,0.00028740708
443,85,0.00015516859
444,85,0.0007643383
445,85,0.00036809035
446,85,0.00029477756
447,85,0.00029711798
448,85,0.0007039374
449,85,0.00034333952
450,85,0.00088407286
451,85,0.00062759593
452,85,0.00068336073
453,85,-5.6494027e-06
454,85,0.00068499334
455,85,4.683435e-05
456,85,0.00036488008
457,85,0.00049178675
458,85,0.00065470114
459,85,0.00020571984
460,85,0.00052908715
461,85,0.0006274376
462,85,0.001120043
463,85,0.00061632786
464,85,0.0010744305
465,85,0.0006627068
466,85,0.00056330673
467,85,0.0003992403
468,85,0.0007415619
469,85,0.0006759437
470,85,0.0008879611
471,85,0.0005029328
472,85,0.00077346247
473,85,0.0009314697
474,85,0.00044800155
475,85,0.0006537074
476,85,0.0007380955
477,85,0.00033230986
478,85,0.00041459873
479,85,0.00066305976
480,85,0.000717313
481,85,0.00025332533
482,85,0.0006472729
483,85,0.0002127001
484,85,6.0033984e-05
485,85,0.00040413626
486,85,0.00082923565
487,85,0.0006406447
488,85,9.5939264e-05
489,85,0.00013931189
490,85,0.00045043323
491,85,0.0005719047
492,85,0.0003954582
493,85,0.0007311739
494,85,0.0002867179
0,86,
1,86,
2,86,
3,86,0.0001522908
4,86,
5,86,0.0009284206
6,86,0.00082919095
7,86,0.001032983
8,86,0.00013680756
9,86,0.0006214641
10,86,
11,86,
12,86,
13,86,
14,86,
15,86,
16,86,
17,86,
18,86,
19,86,
20,86,
21,86,
22,86,
23,86,
24,86,
25,86,
26,86,
27,86,0.00028176326
28,86,0.0005272133
29,86,0.0003504604
30,86,0.001079944
31,86,0.00053376146
32,86,0.00050888956
33,86,0.00037360378
34,86,0.0008391859
35,86,0.00054911524
36,86,0.00060435385
37,86,0.00086179003
38,86,0.00030542165
39,86,0.0009324737
40,86,0.0002961997
41,86,0.00055912323
42,86,0.0009859065
43,86,0.00058038253
44,86,0.0005751904
45,86,0.0003661327
46,86,0.00056492817
47,86,0.00032438897
48,86,0.00046980195
49,86,0.0006120298
50,86,0.00034482311
51,86,0.00045342091
52,86,0.00038652122
53,86,0.00022359379
54,86,0.00051112566
55,86,0.00040073413
56,86,0.00026474893
57,86,0.0007174732
58,86,0.00046298653
59,86,0.00014573522
60,86,0.000157197
61,86,0.00093222875
62,86,0.00080758333
63,86,0.00056571234
64,86,0.00012353342
65,86,0.000573623
66,86,0.000538107
67,86,0.00026155077
68,86,0.00021391455
69,86,0.00054029
70,86,0.00046650227
71,86,0.0001781378
72,86,0.0005699964
73,86,0.0005389247
74,86,0.00035103317
75,86,0.0008574277
76,86,0.00035889633
77,86,0.0002446212
78,86,0.00074173603
79,86,0.0006074952
80,86,0.00026277266
81,86,0.00051899627
82,86,0.0005697757
83,86,0.00030608475
84,86,0.0013907775
85,86,0.0005206121
86,86,0.0011960426
87,86,0.00064276997
88,86,0.0007697651
89,86,0.0008388739
90,86,0.00039102323
91,86,0.0005137669
92,86,0.00086802896
93,86,0.0006102575
94,86,0.00067253783
95,86,0.0007148022
96,86,0.00043263473
97,86,0.000986278
98,86,0.0007120948
99,86,0.0003409423
100,86,0.0005600909
101,86,0.00036016852
102,86,0.00088268705
103,86,0.00075237453
104,86,
105,86,
106,86,
107,86,
108,86,
109,86,
110,86,
111,86,
112,86,
113,86,
114,86,
115,86,
116,86,
117,86,
118,86,
119,86,
120,86,
121,86,
122,86,
123,86,
124,86,
125,86,
126,86,
127,86,
128,86,
129,86,
130,86,0.00033822283
131,86,0.0006119311
132,86,
133,86,0.00079806056
134,86,0.0005680807
135,86,0.00040331297
136,86,0.0005350625
137,86,0.0002354607
138,86,
139,86,0.00081315264
140,86,0.000790474
141,86,0.00030218903
142,86,0.0010336628
143,86,0.00013336726
144,86,0.00075064227
145,86,0.0004933644
146,86,0.00021417253
147,86,2.2890046e-05
148,86,0.00070685893
149,86,0.0002653962
150,86,
151,86,0.00040201377
152,86,
153,86,
154,86,
155,86,
156,86,0.00042538997
157,86,0.00056569185
158,86,0.00016737543
159,86,0.0006375583
160,86,-0.0001939889
161,86,0.0008493848
162,86,0.00026410632
163,86,0.00031077676
164,86,0.00061984826
165,86,0.00047457218
166,86,0.00069986656
167,86,0.00015258789
168,86,0.0008408297
169,86,0.00033036526
170,86,0.0005621994
171,86,0.0004313225
172,86,0.00071182195
173,86,0.00027464796
174,86,0.0008591926
175,86,0.00048541278
176,86,0.00039873924
177,86,0.00043493044
178,86,0.0007996522
179,86,0.0004876759
180,86,0.00072759576
181,86,0.00085729826
182,86,5.464442e-05
183,86,0.0012155501
184,86,0.00027888454
185,86,0.0006787861
186,86,0.0010289382
187,86,0.0002529705
188,86,0.00037470087
189,86,0.00051836483
190,86,0.00010336377
191,86,0.00048872177
192,86,0.00063037686
193,86,0.0002873754
194,86,-8.089468e-06
195,86,0.00030588824
196,86,-0.00021718629
197,86,0.00054282136
198,86,0.00035545602
199,86,0.00021919701
200,86,0.00041887444
201,86,0.00064161327
202,86,0.00022248179
203,86,0.00016577821
204,86,0.00074908603
205,86,0.00014676992
206,86,0.0005415967
207,86,0.0006448049
208,86,0.00053060986
209,86,0.000991893
210,86,0.0008063223
211,86,0.00029983278
212,86,0.0005848948
213,86,0.00047528185
214,86,0.0003406927
215,86,0.001263191
216,86,0.0010688044
217,86,0.0011169789
218,86,0.00081507117
219,86,9.6615404e-05
220,86,0.00044193678
221,86,0.00063126907
222,86,0.00054961536
223,86,0.0004219571
224,86,0.0002088463
225,86,0.0006087972
226,86,0.00068874285
227,86,-3.6044978e-05
228,86,0.0001421934
229,86,0.0007935241
230,86,0.00032441504
231,86,0.00044432562
232,86,0.0011140425
233,86,2.9895455e-06
234,86,0.0005892273
235,86,1.21593475e-05
236,86,0.00062016025
237,86,9.9805184e-05
238,86,0.00026655477
239,86,0.0004632026
240,86,0.00055158883
241,86,8.1258826e-05
242,86,2.90405e-05
243,86,0.0006110724
244,86,0.00054235384
245,86,0.0007990217
246,86,0.00070368964
247,86,0.00045051426
248,86,0.00084094796
249,86,0.00072689727
250,86,0.00056372955
251,86,0.0007048156
252,86,0.0006362386
253,86,0.00040198676
254,86,0.0007274309
255,86,0.00089290924
256,86,0.0005024951
257,86,0.0009417236
258,86,0.00047255028
259,86,0.00012904592
260,86,0.00091380626
261,86,0.0011021104
262,86,0.0006751679
263,86,0.0006085336
264,86,0.00050595216
265,86,0.0010078661
266,86,0.00038232934
267,86,0.0005205758
268,86,-6.039627e-05
269,86,0.0010226918
270,86,0.0010388456
271,86,0.00037905667
272,86,0.0005112691
273,86,0.00079467986
274,86,0.0004898729
275,86,0.0010109879
276,86,0.0003173016
277,86,0.00031349435
278,86,
279,86,0.0005011605
280,86,
281,86,
282,86,
283,86,
284,86,
285,86,0.00047020987
286,86,-0.00030914787
287,86,0.0009943191
288,86,0.00036716182
289,86,0.00025446154
290,86,0.0005027838
291,86,0.0004865583
292,86,0.00020646676
293,86,0.00085073337
294,86,0.0006097993
295,86,0.00050435774
296,86,0.0005315058
297,86,0.000695969
298,86,0.00061498024
299,86,0.00014011282
300,86,0.00034184288
301,86,0.0008355351
302,86,0.000115254894
303,86,0.0010246225
304,86,0.0010171328
305,86,0.0007375451
306,86,0.00096615404
307,86,0.00037763547
308,86,0.0006859228
309,86,0.00076794997
310,86,0.0007358268
311,86,0.0007048864
312,86,3.3890828e-06
313,86,0.00049293414
314,86,0.0008354066
315,86,0.0003791321
316,86,0.00043278933
317,86,0.00042905938
318,86,0.0007996857
319,86,0.0005720295
320,86,0.00060226675
321,86,0.0004975414
322,86,0.0008800179
323,86,0.00060977787
324,86,0.0009232601
325,86,0.00069376733
326,86,0.0005556345
327,86,0.0010130247
328,86,0.0007605711
329,86,0.0011060648
330,86,0.0008155154
331,86,0.00046274997
332,86,0.0005634278
333,86,0.0006999243
334,86,0.00068734214
335,86,0.0009131413
336,86,0.00064096786
337,86,0.00030327402
338,86,-6.977655e-05
339,86,0.000284967
340,86,0.00084823556
341,86,0.0008026846
342,86,0.0006547542
343,86,0.000841422
344,86,0.00015303493
345,86,0.00020580925
346,86,0.001014851
347,86,0.0008759713
348,86,0.0006054044
349,86,1.1860393e-05
350,86,-9.7616576e-05
351,86,0.000814667
352,86,0.00043622497
353,86,0.0010276232
354,86,0.00060315337
355,86,0.0005283123
356,86,7.6293945e-06
357,86,0.0005145725
358,86,0.00037858076
359,86,0.001091972
360,86,0.00019985717
361,86,0.001105017
362,86,0.00045094267
363,86,0.00036873668
364,86,0.0008973526
365,86,0.00058319606
366,86,0.0009326646
367,86,0.000808022
368,86,0.00058909226
369,86,0.0010300875
370,86,0.0005483348
371,86,0.00026101433
372,86,0.0007074699
373,86,0.00047872495
374,86,0.00044735242
375,86,0.00054313336
376,86,0.0006777961
377,86,-0.0001547141
378,86,0.0010760054
379,86,0.0003638314
380,86,0.0001717899
381,86,0.0007371558
382,86,0.0005453145
383,86,0.0010994971
384,86,0.00055492483
385,86,0.0003796909
386,86,0.00080478285
387,86,3.2922253e-05
388,86,0.00078295916
389,86,0.000224391
390,86,0.0006555589
391,86,0.0011047311
392,86,0.00052396767
393,86,0.0004289681
394,86,4.767999e-05
395,86,0.000120241195
396,86,0.0005830033
397,86,1.0843389e-05
398,86,0.00013674796
399,86,0.0005893726
400,86,0.0006348947
401,86,0.0009614285
402,86,0.00061740633
403,86,0.0010706792
404,86,0.0005475348
405,86,0.0004713256
406,86,0.0008847695
407,86,0.0011046771
408,86,0.00015657395
409,86,0.0013572546
410,86,0.00051861256
411,86,0.0012597805
412,86,0.00018678047
413,86,0.0008855704
414,86,
415,86,0.00078381225
416,86,0.0003579799
417,86,0.0007148264
418,86,0.0008574985
419,86,0.00033266377
420,86,0.00072942395
421,86,0.0009023277
422,86,0.0009381687
423,86,0.0008569611
424,86,0.0007263534
425,86,0.00070235133
426,86,0.00031837542
427,86,0.00022258237
428,86,0.0007568374
429,86,0.00035464484
430,86,0.00034380984
431,86,0.00065416284
432,86,0.0008689519
433,86,0.0005419161
434,86,0.0005773399
435,86,0.0009304201
436,86,0.00042958185
437,86,0.0007070722
438,86,8.67676e-05
439,86,0.00075735245
440,86,0.0004106406
441,86,-9.235833e-05
442,86,0.00016835146
443,86,0.00029641762
444,86,6.2414445e-05
445,86,0.00022700615
446,86,0.00093190465
447,86,0.0005950127
448,86,0.0005374178
449,86,0.0006770287
450,86,0.00046469923
451,86,0.00028568227
452,86,0.00085922796
453,86,0.0004285695
454,86,0.00051482767
455,86,0.00071452465
456,86,0.00028886832
457,86,0.0007953262
458,86,0.0006593568
459,86,0.00039886776
460,86,0.00061921217
461,86,0.00045110472
462,86,0.00057075825
463,86,0.00025609322
464,86,0.000609898
465,86,0.00043598656
466,86,0.00056151394
467,86,0.00096617546
468,86,0.0006914567
469,86,0.0008246694
470,86,0.0008121319
471,86,0.0005654553
472,86,0.00048999395
473,86,0.0005557835
474,86,0.00054696295
475,86,0.00036695786
476,86,0.0006659627
477,86,0.0013269288
478,86,0.00087356847
479,86,0.0004145773
480,86,0.0007377565
481,86,0.0009663878
482,86,0.000106524676
483,86,0.00083226524
484,86,0.0006193416
485,86,0.00090751797
486,86,0.00060047023
487,86,0.0011705179
488,86,0.00062330253
489,86,0.00024270453
490,86,0.00015010685
491,86,0.00017247722
492,86,0.0005755313
493,86,0.00088228565
494,86,0.0008096518
0,87,0.0006113462
1,87,0.000834818
2,87,
3,87,
4,87,0.0006466238
5,87,0.0009373054
6,87,5.0452538e-05
7,87,0.000295287
8,87,0.0002965415
9,87,0.0006007273
10,87,
11,87,
12,87,
13,87,
14,87,
15,87,
16,87,
17,87,
18,87,
19,87,
20,87,
21,87,
22,87,
23,87,
24,87,
25,87,
26,87,
27,87,
28,87,0.0006605089
29,87,0.0006322302
30,87,0.0005063424
31,87,-0.00010145269
32,87,0.00036057923
33,87,0.0005626334
34,87,0.00067235343
35,87,0.0010368349
36,87,0.0005412791
37,87,0.00092379004
38,87,0.00037446897
39,87,0.00053308904
40,87,0.0009847237
41,87,0.00036702864
42,87,0.0011952482
43,87,0.0006548716
44,87,0.00076279417
45,87,0.0001069298
46,87,0.00082135946
47,87,-3.4376048e-05
48,87,0.00093656033
49,87,0.00077048223
50,87,0.0009818152
51,87,0.00049781334
52,87,-0.00020297896
53,87,4.2471103e-05
54,87,0.00012666918
55,87,0.00049638376
56,87,0.0004186118
57,87,0.0006185826
58,87,0.00094014965
59,87,0.00020544417
60,87,0.0006307075
61,87,0.00046109036
62,87,0.0009319205
63,87,0.0006306842
64,87,0.000118777156
65,87,0.0007405644
66,87,0.00040184613
67,87,0.0008822335
68,87,0.00064963195
69,87,0.00064920075
70,87,-0.00013862643
71,87,0.000883244
72,87,0.00071076397
73,87,0.00052671786
74,87,0.000600311
75,87,0.00058901124
76,87,0.0003877012
77,87,0.0008296706
78,87,0.00051264744
79,87,0.0008238517
80,87,0.00029380154
81,87,0.0004176572
82,87,0.0007575173
83,87,0.0003682347
84,87,0.00026884954
85,87,1.3619661e-05
86,87,0.00085237063
87,87,0.0008065738
88,87,0.00052727386
89,87,0.0005171681
90,87,0.00079488195
91,87,0.00030576438
92,87,0.0007129498
93,87,0.00076903217
94,87,0.000831455
95,87,0.0003466718
96,87,0.0006900262
97,87,0.0006641364
98,87,0.00033768266
99,87,0.00047174282
100,87,0.00031310134
101,87,-1.915358e-05
102,87,0.00041001663
103,87,
104,87,
105,87,
106,87,
107,87,
108,87,
109,87,
110,87,-0.00018494949
111,87,
112,87,
113,87,
114,87,
115,87,
116,87,
117,87,
118,87,
119,87,
120,87,
121,87,
122,87,
123,87,
124,87,
125,87,
126,87,
127,87,
128,87,
129,87,
130,87,
131,87,
132,87,0.00028551463
133,87,0.00078279246
134,87,0.00024246704
135,87,0.00011782814
136,87,0.00047963206
137,87,
138,87,0.00047785323
139,87,0.000585909
140,87,0.00020144042
141,87,0.00020184182
142,87,-0.00012556091
143,87,0.00015492737
144,87,0.00041697733
145,87,0.00050280057
146,87,0.00063537154
147,87,0.00072654244
148,87,0.0007722145
149,87,4.034303e-05
150,87,0.000499418
151,87,0.0003844835
152,87,0.00026884675
153,87,
154,87,
155,87,
156,87,
157,87,
158,87,0.0001923209
159,87,0.0002307538
160,87,7.847324e-05
161,87,0.00055195484
162,87,0.0006478727
163,87,0.0006170217
164,87,0.0005629482
165,87,0.0004962282
166,87,0.0005056467
167,87,0.0006393967
168,87,0.0006199442
169,87,0.0011251504
170,87,0.00024589524
171,87,0.0003749691
172,87,0.0007716622
173,87,0.00025369693
174,87,0.00021418743
175,87,0.0008275984
176,87,0.0004185252
177,87,0.0010531638
178,87,0.00028593466
179,87,0.00033336785
180,87,0.0005281884
181,87,0.00016768277
182,87,0.00060503
183,87,0.00024618953
184,87,0.00026970915
185,87,0.00058966596
186,87,0.00036523864
187,87,0.00023528095
188,87,-0.00027157553
189,87,0.00051057525
190,87,0.00047329254
191,87,0.0003384594
192,87,0.00049028546
193,87,0.0010337047
194,87,0.0004575625
195,87,0.0005449997
196,87,-7.555541e-05
197,87,0.0003171796
198,87,0.00050055515
199,87,0.00030984078
200,87,-4.0452927e-05
201,87,0.0008705184
202,87,0.00056707766
203,87,-3.8248487e-05
204,87,0.00059890654
205,87,0.00051288586
206,87,0.0010473542
207,87,0.0006820429
208,87,0.00040503778
209,87,0.00047893263
210,87,0.0009893728
211,87,0.0002941899
212,87,-0.00045523513
213,87,7.124897e-05
214,87,0.0006085187
215,87,0.00068792515
216,87,0.0007889811
217,87,0.00032302924
218,87,0.0012484277
219,87,2.9362738e-05
220,87,0.00068976544
221,87,0.00037881546
222,87,0.0003805384
223,87,0.00066702627
224,87,0.0004414916
225,87,0.0005291365
226,87,0.00040421262
227,87,0.00097206235
228,87,6.48126e-05
229,87,0.00043425523
230,87,0.0004000375
231,87,0.0007167915
232,87,0.0006319145
233,87,0.00026106648
234,87,0.0007403428
235,87,0.0007757442
236,87,0.00063166395
237,87,0.0004699314
238,87,0.00093386136
239,87,0.00035135355
240,87,0.0009187078
241,87,0.00062938686
242,87,0.00053157564
243,87,0.00057258364
244,87,0.0007391805
245,87,0.00072976574
246,87,0.00090057496
247,87,4.3094158e-05
248,87,0.0002675634
249,87,0.00090143643
250,87,0.0005415501
251,87,0.0005255854
252,87,0.0007957062
253,87,0.00071062054
254,87,0.0005255304
255,87,0.0005452307
256,87,0.0010409895
257,87,0.000845477
258,87,0.0004440602
259,87,0.0007210607
260,87,0.0005620681
261,87,0.00015064608
262,87,0.0011313623
263,87,0.00086355396
264,87,0.00043151714
265,87,0.00046732277
266,87,0.00018887408
267,87,0.000562544
268,87,0.0011049379
269,87,0.00076009333
270,87,0.0009160917
271,87,0.00038076378
272,87,0.00034035183
273,87,1.4087185e-05
274,87,0.00014988892
275,87,0.00053241104
276,87,0.00077213906
277,87,
278,87,
279,87,0.000665335
280,87,
281,87,6.686617e-05
282,87,
283,87,
284,87,
285,87,3.870018e-05
286,87,0.0005087033
287,87,0.000704756
288,87,0.00044531748
289,87,0.0006062556
290,87,0.00052937586
291,87,0.0001499746
292,87,0.00041620806
293,87,0.00030303188
294,87,0.00052576046
295,87,0.00013514794
296,87,0.00088347774
297,87,7.7632256e-05
298,87,0.00012011733
299,87,0.000682367
300,87,0.0004930552
301,87,0.00046469364
302,87,0.0002851095
303,87,0.00016534608
304,87,0.0006774124
305,87,0.00056622364
306,87,0.0005904669
307,87,0.00028898753
308,87,0.0006288076
309,87,0.001125372
310,87,0.00034995843
311,87,0.0007591732
312,87,0.00042950362
313,87,0.0005359575
314,87,0.0003253892
315,87,0.00064322446
316,87,0.0008847704
317,87,0.0008831853
318,87,0.00022690836
319,87,0.0007792879
320,87,0.00088177714
321,87,0.00052298885
322,87,0.0009974912
323,87,0.00064536836
324,87,0.0009841416
325,87,0.00042246375
326,87,-5.284883e-05
327,87,0.000825163
328,87,0.00053331535
329,87,0.0005674204
330,87,0.0009012399
331,87,0.00073470734
332,87,0.00044078473
333,87,0.00045220274
334,87,0.0006746212
335,87,0.0010586325
336,87,0.00048695225
337,87,0.00041355286
338,87,0.00075550564
339,87,0.00083900336
340,87,0.0006448636
341,87,0.00060724374
342,87,0.00026753824
343,87,0.0002422994
344,87,0.0004092399
345,87,0.00085878186
346,87,0.00053360406
347,87,0.00057965424
348,87,0.00072578713
349,87,0.000321066
350,87,0.0005916804
351,87,0.00026704464
352,87,0.0008229455
353,87,0.00019297842
354,87,0.0003646072
355,87,6.813742e-05
356,87,0.0005105892
357,87,0.0004783487
358,87,-6.9751404e-05
359,87,0.00039047375
360,87,0.00039996766
361,87,0.00056375377
362,87,0.00092340633
363,87,9.216089e-05
364,87,0.0005477313
365,87,0.0012300685
366,87,0.0010480415
367,87,0.0010360479
368,87,0.0007737912
369,87,0.00066617224
370,87,0.00024454016
371,87,0.0009616064
372,87,0.00036905147
373,87,0.0003896393
374,87,0.0010006595
375,87,0.0007048426
376,87,2.504699e-05
377,87,0.00076787546
378,87,0.00051005185
379,87,0.00090342946
380,87,0.00030579977
381,87,0.0008957293
382,87,0.00038334914
383,87,0.00064662006
384,87,0.0008912599
385,87,0.00034454465
386,87,0.0009537237
387,87,0.00086040515
388,87,0.0007007867
389,87,0.00040098093
390,87,0.0008822717
391,87,0.00052236486
392,87,0.00026447605
393,87,0.00040085986
394,87,0.0007874798
395,87,0.00053831935
396,87,0.00081168674
397,87,0.0003670184
398,87,0.0007865494
399,87,0.00076756254
400,87,0.0006008735
401,87,0.0010108417
402,87,0.00080240984
403,87,0.0009852676
404,87,0.0010004397
405,87,0.0002452312
406,87,0.00085248146
407,87,0.0006757304
408,87,0.00081353076
409,87,0.000978983
410,87,0.0005480917
411,87,0.0008102162
412,87,0.0014615478
413,87,0.0009284122
414,87,0.001108272
415,87,0.0010983683
416,87,0.00011065416
417,87,0.0007005129
418,87,0.000707604
419,87,0.0007735146
420,87,0.00033237692
421,87,0.00062376354
422,87,0.0007418655
423,87,0.00095849857
424,87,0.0007484993
425,87,0.00040112995
426,87,0.00024704263
427,87,0.00070494134
428,87,0.00012795813
429,87,0.00035480596
430,87,0.00075046346
431,87,0.00055299234
432,87,0.000652194
433,87,0.00059316214
434,87,0.0008814717
435,87,7.469207e-05
436,87,0.0005456088
437,87,-4.181359e-05
438,87,0.0004386548
439,87,-5.2182004e-05
440,87,0.00054034404
441,87,0.00061263517
442,87,0.0010415269
443,87,0.0009102784
444,87,0.00050112605
445,87,0.00053112116
446,87,0.00049997214
447,87,0.00038493797
448,87,0.00058836024
449,87,0.00051668193
450,87,0.00079802424
451,87,0.00012745801
452,87,0.00068246294
453,87,0.000431031
454,87,0.0005086707
455,87,0.00050868
456,87,-0.00018211082
457,87,0.000690707
458,87,0.00089810975
459,87,0.0005090246
460,87,0.00071616285
461,87,0.00060956273
462,87,0.00065536983
463,87,0.00088685565
464,87,0.00040778797
465,87,0.0006062649
466,87,0.0004552072
467,87,0.00035940297
468,87,0.00036606845
469,87,0.00044363737
470,87,0.0007579662
471,87,0.00048034545
472,87,0.0009171888
473,87,0.0006218776
474,87,0.00090766326
475,87,0.0003958596
476,87,0.0010634074
477,87,0.0009790249
478,87,0.0005922541
479,87,0.00051337946
480,87,0.00021006912
481,87,0.0005500298
482,87,-7.2089024e-05
483,87,0.00075730775
484,87,0.00048193336
485,87,0.00079858117
486,87,0.00012545008
487,87,0.00037496816
488,87,0.00045233592
489,87,0.0007028179
490,87,0.00066431705
491,87,0.0003125118
492,87,0.00024416484
493,87,0.0007228935
494,87,0.0003571324
0,88,0.00034178048
1,88,0.00037574116
2,88,0.00012699328
3,88,0.0002516387
4,88,0.0010674298
5,88,0.00025836844
6,88,0.00073761493
7,88,0.0011217399
8,88,0.0007866863
9,88,0.0005273381
10,88,
11,88,
12,88,
13,88,
14,88,
15,88,
16,88,
17,88,
18,88,
19,88,
20,88,
21,88,
22,88,
23,88,
24,88,
25,88,
26,88,
27,88,0.000507595
28,88,0.00052349083
29,88,0.00084356964
30,88,0.00046519004
31,88,0.0003344752
32,88,0.00039125886
33,88,0.00045161694
34,88,0.0002722554
35,88,0.0013143308
36,88,0.00073131826
37,88,0.0008871723
38,88,0.00014843419
39,88,0.0002953587
40,88,0.00047601294
41,88,0.0010000588
42,88,0.00076233596
43,88,0.00090774894
44,88,0.00070723053
45,88,0.00053606275
46,88,0.0003322428
47,88,0.000115945935
48,88,0.00014553033
49,88,0.00076182093
50,88,-0.0001452323
51,88,0.0004988443
52,88,0.0010701474
53,88,0.0003771335
54,88,5.867146e-05
55,88,0.00041887723
56,88,0.00040058699
57,88,0.00055419747
58,88,0.00074212346
59,88,0.0010381658
60,88,0.00011970196
61,88,0.0003356943
62,88,0.000696443
63,88,0.0005187709
64,88,0.00066601485
65,88,0.00046799332
66,88,0.0006185202
67,88,0.0001362497
68,88,0.0008832738
69,88,-8.64258e-05
70,88,0.0003244402
71,88,0.00095968787
72,88,0.0007026158
73,88,3.6528334e-05
74,88,0.0004107114
75,88,0.00016630534
76,88,0.0006418396
77,88,0.0005768351
78,88,0.0004380867
79,88,0.00030500628
80,88,0.0004972182
81,88,0.00052336976
82,88,0.00044508092
83,88,0.00044438802
84,88,0.00034132786
85,88,0.0011440767
86,88,0.0008376399
87,88,0.00040078722
88,88,0.00011267327
89,88,0.00076419674
90,88,0.00043267012
91,88,0.00065796636
92,88,0.0008334415
93,88,0.00042469334
94,88,0.00027156714
95,88,0.0004941616
96,88,0.00032083876
97,88,0.00072155334
98,88,0.00047440734
99,88,0.00046705268
100,88,0.00035223085
101,88,0.000869412
102,88,0.0005883565
103,88,
104,88,
105,88,
106,88,
107,88,0.0007762052
108,88,
109,88,
110,88,
111,88,
112,88,
113,88,
114,88,
115,88,
116,88,
117,88,
118,88,
119,88,
120,88,
121,88,
122,88,
123,88,
124,88,
125,88,
126,88,
127,88,
128,88,
129,88,
130,88,0.000249777
131,88,0.00039451756
132,88,0.00029369444
133,88,0.00046876632
134,88,0.0002852725
135,88,0.000437906
136,88,0.0005745813
137,88,0.00042204
138,88,0.0005859472
139,88,-9.714812e-05
140,88,0.0009752633
141,88,0.0005093813
142,88,0.0003036447
143,88,0.00078504905
144,88,0.00013406854
145,88,0.00017530099
146,88,8.626282e-05
147,88,-0.0001621237
148,88,0.00037684664
149,88,0.00067335647
150,88,0.00026045367
151,88,0.0008520251
152,88,0.00062726624
153,88,0.00070900936
154,88,
155,88,
156,88,
157,88,
158,88,
159,88,0.0009899195
160,88,0.00041762367
161,88,0.0005628308
162,88,-0.0002337955
163,88,0.0004755333
164,88,0.0004096385
165,88,8.9538284e-05
166,88,9.072013e-05
167,88,0.00023078732
168,88,0.00034382287
169,88,0.00042421278
170,88,0.00049576256
171,88,0.0005770307
172,88,0.00093604624
173,88,9.7003765e-05
174,88,1.6447157e-05
175,88,0.00019044243
176,88,0.000557987
177,88,4.503131e-05
178,88,0.00063418597
179,88,6.435439e-06
180,88,0.0005220426
181,88,0.000245505
182,88,0.0005889768
183,88,0.00014795363
184,88,0.0004512379
185,88,-8.521695e-05
186,88,0.0006215628
187,88,0.00037114508
188,88,0.0004785601
189,88,0.0007564826
190,88,-4.6471134e-05
191,88,0.0003719963
192,88,8.1674196e-05
193,88,0.0004864959
194,88,-6.704591e-05
195,88,0.0003834702
196,88,0.00024049822
197,88,0.0007244386
198,88,0.00076747313
199,88,0.00055216067
200,88,0.00036375318
201,88,0.00012088008
202,88,0.00026569795
203,88,0.00026639365
204,88,0.0001055561
205,88,0.00070584007
206,88,0.00024833344
207,88,0.0007252004
208,88,0.000420684
209,88,0.0008285986
210,88,0.00025246385
211,88,-0.00016640406
212,88,0.00033291243
213,88,0.00041449256
214,88,-5.0635077e-05
215,88,0.0010191351
216,88,5.6980178e-05
217,88,0.00054273475
218,88,0.0001730565
219,88,0.00021525938
220,88,0.0005987212
221,88,0.00034266058
222,88,0.0007204795
223,88,0.00046750717
224,88,0.00029217917
225,88,0.00054956414
226,88,-0.00016557425
227,88,0.00024316646
228,88,0.0005159229
229,88,0.00018317346
230,88,0.00044428743
231,88,0.00088533014
232,88,0.00028354116
233,88,0.00033028238
234,88,-0.00011824258
235,88,0.0002941331
236,88,4.0533952e-05
237,88,0.00038466603
238,88,0.0006272616
239,88,0.000606779
240,88,0.0008132206
241,88,0.00064127706
242,88,0.0003888011
243,88,0.0006757984
244,88,0.0009874795
245,88,0.00033755228
246,88,-0.00015316531
247,88,0.00045157783
248,88,0.00012697093
249,88,0.00062920153
250,88,0.00017421134
251,88,0.0009235637
252,88,0.00043576956
253,88,0.0002499912
254,88,0.00020573754
255,88,0.00048967823
256,88,9.3961135e-05
257,88,
258,88,0.00060526934
259,88,0.0002518203
260,88,0.00044906512
261,88,0.00080501195
262,88,0.0010782145
263,88,0.00067246426
264,88,0.0005467357
265,88,0.00049735606
266,88,-1.0058284e-06
267,88,0.0006239163
268,88,0.0008529732
269,88,0.00093449745
270,88,0.00023932382
271,88,0.0005603768
272,88,0.0008240817
273,88,0.00014056079
274,88,0.00061464123
275,88,0.0005716197
276,88,0.00012636278
277,88,
278,88,0.0009285873
279,88,0.00050474145
280,88,
281,88,
282,88,
283,88,
284,88,
285,88,0.0009626718
286,88,0.0005396884
287,88,0.0002303347
288,88,0.00071436353
289,88,0.0005409792
290,88,0.00059348904
291,88,0.00038588978
292,88,0.00048689824
293,88,0.0005527446
294,88,0.00027455017
295,88,0.00036129914
296,88,0.0008021258
297,88,0.0006205989
298,88,6.892346e-05
299,88,0.00056576263
300,88,0.00034130365
301,88,0.00037039444
302,88,0.00054470357
303,88,0.00014136359
304,88,0.00064619817
305,88,0.0004930794
306,88,0.00049946737
307,88,0.00025290716
308,88,0.0007053977
309,88,0.00035071
310,88,0.00079088565
311,88,0.00088562723
312,88,3.298931e-05
313,88,0.0005462123
314,88,0.0003395602
315,88,0.000636952
316,88,0.00039652642
317,88,0.00078719575
318,88,0.0004356932
319,88,0.000885291
320,88,0.00085133873
321,88,0.00047518406
322,88,0.0006152522
323,88,0.00035049766
324,88,0.0006796252
325,88,0.00030982215
326,88,0.0004493799
327,88,0.00074754376
328,88,0.00051999465
329,88,0.001027693
330,88,0.0005542496
331,88,0.0010260539
332,88,0.00052493624
333,88,0.00064591225
334,88,0.0004437128
335,88,0.00071343314
336,88,0.0005296599
337,88,0.00014974177
338,88,0.00055265427
339,88,0.00062111486
340,88,0.0003183456
341,88,0.0007238183
342,88,0.00087982137
343,88,0.00046599656
344,88,0.00053376984
345,88,0.00077470485
346,88,2.5108457e-06
347,88,0.0001872126
348,88,0.00075664
349,88,0.000655096
350,88,0.00078788307
351,88,0.0005979864
352,88,0.00038400572
353,88,0.0004079733
354,88,-0.00035492145
355,88,0.0008124849
356,88,0.0004663244
357,88,0.0005230736
358,88,0.00065028574
359,88,-4.3082982e-06
360,88,0.00069759786
361,88,0.00021136645
362,88,0.00059884135
363,88,0.0008159317
364,88,0.000763651
365,88,-9.5941126e-05
366,88,0.0004026424
367,88,0.00080453325
368,88,0.00073256437
369,88,0.0007497743
370,88,1.8076971e-05
371,88,0.00013959128
372,88,0.00073633343
373,88,0.00047060102
374,88,0.00035258662
375,88,0.00058731437
376,88,0.0005057538
377,88,0.0002642544
378,88,0.00014601275
379,88,0.00077524316
380,88,0.00041743089
381,88,8.762814e-06
382,88,0.00025307853
383,88,0.00052151363
384,88,0.0008702688
385,88,0.000514959
386,88,0.0006456394
387,88,0.00058891997
388,88,0.0004713228
389,88,0.0004723752
390,88,0.00071319845
391,88,0.00026458316
392,88,0.00036963634
393,88,0.0009053219
394,88,0.00013182871
395,88,0.0005201567
396,88,0.0007357318
397,88,0.0005373545
398,88,0.00068124663
399,88,0.0007500639
400,88,0.00066318456
401,88,0.00012231804
402,88,0.00059291534
403,88,0.00092346314
404,88,0.0012238855
405,88,0.00055026077
406,88,0.00055410154
407,88,0.0009685382
408,88,0.0009883344
409,88,0.0003667781
410,88,0.00044870935
411,88,0.0007435465
412,88,0.0010643145
413,88,0.0006496962
414,88,0.00080946647
415,88,0.0011185044
416,88,0.00018964615
417,88,0.00071376655
418,88,0.00069139805
419,88,0.0012555737
420,88,0.0011634994
421,88,0.0009944681
422,88,0.0010217465
423,88,0.0011393782
424,88,0.0010030866
425,88,0.00074235164
426,88,0.0005989
427,88,-5.638227e-06
428,88,0.00014669448
429,88,0.00026458595
430,88,0.00077581033
431,88,0.00083313975
432,88,0.0005562054
433,88,0.0008887425
434,88,0.0005439641
435,88,0.0003818702
436,88,7.588696e-05
437,88,0.0002978975
438,88,0.00034323242
439,88,0.00045185722
440,88,0.0002136752
441,88,0.0012618722
442,88,0.0007888861
443,88,0.00073287915
444,88,0.000808022
445,88,0.00055492297
446,88,0.00074750185
447,88,0.00068164803
448,88,0.00072320737
449,88,0.0004890226
450,88,0.00084846374
451,88,0.0007140804
452,88,-6.548315e-05
453,88,0.0002895007
454,88,0.0008207867
455,88,0.0008750092
456,88,0.000784073
457,88,0.0008694576
458,88,0.0005285805
459,88,0.00068492815
460,88,0.00081972126
461,88,0.00042229798
462,88,0.0004708087
463,88,0.0001836326
464,88,0.000690341
465,88,0.00075098686
466,88,0.00043300632
467,88,0.00068350043
468,88,0.0009928718
469,88,0.0006570341
470,88,0.00089813676
471,88,0.00036246888
472,88,0.0006345399
473,88,0.0007596817
474,88,0.0005532922
475,88,0.00066315103
476,88,0.0006896667
477,88,0.0007065255
478,88,0.00042454712
479,88,0.0001465641
480,88,0.00057404395
481,88,0.00027973298
482,88,0.0005753562
483,88,0.00043347012
484,88,0.00021397322
485,88,0.00046025682
486,88,0.0008231979
487,88,0.0006574169
488,88,-0.00019017328
489,88,0.00024319254
490,88,0.0003623804
491,88,0.0006365217
492,88,0.0008174665
493,88,0.00030588917
494,88,0.00015174411
0,89,
1,89,0.00088308845
2,89,0.0005587023
3,89,
4,89,0.00018746778
5,89,0.0007721856
6,89,
7,89,0.0007116059
8,89,0.0009406153
9,89,0.00041107088
10,89,
11,89,
12,89,
13,89,
14,89,
15,89,
16,89,
17,89,
18,89,
19,89,
20,89,
21,89,
22,89,
23,89,
24,89,
25,89,
26,89,0.0007960852
27,89,0.00056795124
28,89,0.0008152742
29,89,0.00075187907
30,89,0.00052486453
31,89,0.00038924068
32,89,0.00096675754
33,89,0.0001686262
34,89,0.00013488252
35,89,0.0009330604
36,89,0.00063520204
37,89,0.0007666778
38,89,0.0010516215
39,89,0.0007457463
40,89,0.0009407718
41,89,0.00029517245
42,89,0.00032251608
43,89,5.024206e-05
44,89,0.000539694
45,89,0.00059777126
46,89,-0.00016522408
47,89,0.00018740911
48,89,3.5819598e-05
49,89,0.000984773
50,89,0.0003387276
51,89,0.0006784396
52,89,0.0008529704
53,89,0.0006393865
54,89,0.0003628293
55,89,0.00044892635
56,89,0.0002757758
57,89,0.00045638904
58,89,7.504877e-05
59,89,2.0656735e-06
60,89,0.00065888837
61,89,0.00021029264
62,89,0.0004921546
63,89,0.00021442492
64,89,0.00069447514
65,89,0.0010688696
66,89,0.00040783174
67,89,0.0007646242
68,89,0.0007278258
69,89,0.00061502494
70,89,0.0009818096
71,89,0.00066718087
72,89,0.0006344076
73,89,0.0007293308
74,89,0.00030137878
75,89,0.00033857021
76,89,0.00082617626
77,89,0.00072336383
78,89,0.00039340463
79,89,0.00024180394
80,89,0.00037658494
81,89,0.00042013545
82,89,0.00072383415
83,89,0.00043334626
84,89,0.0012768265
85,89,0.0006012805
86,89,0.0005821157
87,89,0.0009926865
88,89,0.00061356276
89,89,0.00060586166
90,89,3.2817945e-05
91,89,0.0006708931
92,89,0.00041307881
93,89,0.00037345663
94,89,0.0007663537
95,89,0.0005586827
96,89,0.0006369706
97,89,0.0010372512
98,89,0.0002778005
99,89,0.00025467202
100,89,0.00080926344
101,89,0.0005299831
102,89,5.663e-05
103,89,0.00020941254
104,89,
105,89,
106,89,0.000663843
107,89,
108,89,
109,89,
110,89,
111,89,
112,89,
113,89,
114,89,
115,89,
116,89,
117,89,
118,89,
119,89,
120,89,
121,89,
122,89,
123,89,
124,89,
125,89,
126,89,
127,89,
128,89,
129,89,
130,89,
131,89,
132,89,
133,89,0.0009244699
134,89,0.00014354102
135,89,0.00076176226
136,89,0.00072730985
137,89,0.0007525394
138,89,0.00084610283
139,89,0.00090866257
140,89,0.0006405469
141,89,-2.620183e-05
142,89,0.00012490153
143,89,-0.0001650406
144,89,0.00020961184
145,89,-0.00026807562
146,89,0.0007638596
147,89,0.00040109456
148,89,0.00031847693
149,89,0.0010486534
150,89,0.00043571834
151,89,1.4717691e-05
152,89,0.0006787572
153,89,0.0002933545
154,89,0.0005711587
155,89,
156,89,
157,89,
158,89,
159,89,0.0007148236
160,89,0.00010984298
161,89,0.0008106902
162,89,0.0003316095
163,89,0.000100074336
164,89,0.000582478
165,89,0.0005091196
166,89,0.00015152991
167,89,0.0003034547
168,89,-2.4376437e-05
169,89,0.0005042888
170,89,-7.4863434e-05
171,89,0.0006940169
172,89,0.0005865814
173,89,0.00016344339
174,89,0.00033615902
175,89,0.0002975827
176,89,0.0007017078
177,89,0.0006943494
178,89,-4.0018e-05
179,89,0.00033627264
180,89,0.0009582974
181,89,0.00022410508
182,89,0.0005461313
183,89,0.00047168415
184,89,4.8385933e-05
185,89,0.00039342325
186,89,0.0007080259
187,89,0.0007149689
188,89,0.0002457667
189,89,-0.00017671473
190,89,0.0013084076
191,89,0.00061164517
192,89,0.00016579591
193,89,0.0001801271
194,89,0.00012552831
195,89,0.00041033328
196,89,-1.7213635e-05
197,89,0.00021137018
198,89,0.00029089022
199,89,0.00060948916
200,89,0.0005139485
201,89,0.0009704381
202,89,0.00044774543
203,89,0.0005231602
204,89,0.00047855638
205,89,0.00030250195
206,89,0.0001730863
207,89,0.00012299884
208,89,0.0007689465
209,89,0.00043869112
210,89,0.0007699495
211,89,0.0005660262
212,89,
213,89,
214,89,
215,89,
216,89,
217,89,
218,89,0.0004048748
219,89,0.000604121
220,89,0.0009095464
221,89,0.0004892247
222,89,0.0009867772
223,89,0.0001757145
224,89,0.0006991597
225,89,9.605568e-05
226,89,0.0009623505
227,89,0.0004123859
228,89,3.419444e-05
229,89,0.0005836077
230,89,0.000502673
231,89,0.00064094085
232,89,0.0004194621
233,89,0.0005379794
234,89,0.00020405557
235,89,0.00033092313
236,89,0.00040887576
237,89,0.00045350567
238,89,0.0006886693
239,89,0.00063912384
240,89,0.00036341138
241,89,0.0008558603
242,89,2.2826716e-06
243,89,0.00015074946
244,89,0.0006271936
245,89,0.00061145425
246,89,0.00047668256
247,89,0.000992382
248,89,0.0004534442
249,89,0.0003047958
250,89,0.00032139104
251,89,0.00037355162
252,89,0.00029172935
253,89,0.00042602886
254,89,0.0011001797
255,89,0.0008900091
256,89,0.000738631
257,89,
258,89,
259,89,0.00079007447
260,89,0.0009938348
261,89,0.0009542424
262,89,0.0005281735
263,89,0.0008916147
264,89,0.0005855644
265,89,0.0007334603
266,89,0.00056412537
267,89,0.000485464
268,89,0.0004601041
269,89,0.00048450753
270,89,0.0006686328
271,89,0.0005806517
272,89,0.00050021335
273,89,0.00053982344
274,89,0.00080488063
275,89,0.00054227747
276,89,0.00085103884
277,89,
278,89,
279,89,
280,89,
281,89,
282,89,
283,89,0.00017538294
284,89,0.00012576114
285,89,
286,89,0.0007438194
287,89,0.0005563209
288,89,-5.3301454e-05
289,89,0.0005448479
290,89,0.00038618222
291,89,0.0012192912
292,89,-0.00041756034
293,89,0.00045559835
294,89,0.0001231134
295,89,0.0007750243
296,89,0.00043210387
297,89,0.00040747784
298,89,0.0010816008
299,89,0.00097476784
300,89,0.000275651
301,89,0.0006490024
302,89,0.00018840749
303,89,0.0008078888
304,89,0.00070321467
305,89,0.00047421083
306,89,0.00055227894
307,89,0.00037681498
308,89,0.00044363458
309,89,0.00040561054
310,89,0.0005161781
311,89,0.0008841278
312,89,0.0005066227
313,89,5.7402067e-05
314,89,0.000700647
315,89,0.0007139435
316,89,0.0006385129
317,89,0.00028794166
318,89,0.0008813422
319,89,0.00078786165
320,89,0.0004677847
321,89,0.00113553
322,89,0.00038938504
323,89,0.00088864844
324,89,0.00025903247
325,89,0.00090273935
326,89,0.0002818061
327,89,0.00044386927
328,89,0.00055473484
329,89,0.0007995581
330,89,0.00035907328
331,89,0.0006868746
332,89,0.0006099418
333,89,0.0004596943
334,89,0.000557838
335,89,0.0004894743
336,89,0.0006694142
337,89,-2.3953617e-06
338,89,0.00014821626
339,89,0.00035887025
340,89,0.0006508101
341,89,0.0007193899
342,89,0.0004958287
343,89,0.00042735413
344,89,0.00040372182
345,89,0.000720717
346,89,0.00021251012
347,89,-8.269213e-06
348,89,0.000789362
349,89,0.00087939017
350,89,0.0006267056
351,89,0.0009055091
352,89,0.00064848457
353,89,0.00028036628
354,89,0.0005495576
355,89,1.0503456e-05
356,89,0.00051428936
357,89,9.390805e-05
358,89,0.00021492783
359,89,0.0007360801
360,89,0.0007934775
361,89,0.0003153095
362,89,0.000406852
363,89,0.0010811463
364,89,0.0005452968
365,89,0.00074811187
366,89,0.00063971616
367,89,0.0004978711
368,89,0.00025480986
369,89,0.00062810164
370,89,0.00023407117
371,89,0.00089306757
372,89,0.0002627438
373,89,0.00017290376
374,89,-7.343851e-05
375,89,0.0007964084
376,89,0.0004620636
377,89,0.0011567855
378,89,0.0003003953
379,89,0.0009155497
380,89,9.5032156e-05
381,89,0.00052526966
382,89,0.0010560276
383,89,0.0003834553
384,89,0.0004082974
385,89,0.00055654533
386,89,0.0006609205
387,89,0.0008545406
388,89,0.0002609808
389,89,0.00020742696
390,89,0.00050235353
391,89,-0.00021973439
392,89,0.00059027504
393,89,0.0005676467
394,89,-0.00013196468
395,89,0.0005161604
396,89,0.00039951783
397,89,0.00047304947
398,89,4.0810555e-05
399,89,0.0010302244
400,89,0.0011908375
401,89,6.968621e-05
402,89,0.00066568423
403,89,0.00073548313
404,89,0.0011106767
405,89,-4.9142167e-05
406,89,0.00054026954
407,89,0.0005470468
408,89,0.001020778
409,89,0.00079143606
410,89,0.00067494623
411,89,0.0011745337
412,89,0.0006315643
413,89,0.0010620672
414,89,0.0010663355
415,89,0.0010741297
416,89,0.00097569916
417,89,0.00091264956
418,89,0.00078178383
419,89,0.00067174155
420,89,0.00064202864
421,89,0.00095564686
422,89,0.0009772191
423,89,0.0007460788
424,89,0.001277958
425,89,0.0011490798
426,89,0.0007064603
427,89,0.00062063336
428,89,0.0005660793
429,89,0.0005001463
430,89,0.00057222135
431,89,0.00018545613
432,89,0.00057188235
433,89,0.0009166915
434,89,0.000587984
435,89,0.00077990536
436,89,0.0007542735
437,89,0.00028763898
438,89,0.0005072588
439,89,0.00053902715
440,89,0.0011123437
441,89,0.00072632637
442,89,0.00035138614
443,89,0.0010072468
444,89,0.00013032556
445,89,0.00037533697
446,89,0.00074535236
447,89,0.0007664766
448,89,0.00069924723
449,89,0.0003618449
450,89,0.00039521232
451,89,-8.199923e-05
452,89,0.0007615397
453,89,0.00081883837
454,89,0.0004216833
455,89,0.00075218175
456,89,0.0008984739
457,89,0.0005326858
458,89,0.0007088259
459,89,0.000519515
460,89,0.0005940534
461,89,0.00039617345
462,89,0.00086263474
463,89,0.00080414675
464,89,0.0002692109
465,89,0.00047713146
466,89,0.00015978888
467,89,0.0011082552
468,89,0.00072356965
469,89,0.00047588442
470,89,0.00043513626
471,89,0.00059961714
472,89,0.000565229
473,89,0.000602602
474,89,0.00060420204
475,89,0.00056454726
476,89,0.00051555876
477,89,0.00050501525
478,89,0.0005071666
479,89,0.00055463053
480,89,5.8035366e-05
481,89,0.0003016591
482,89,0.0005388716
483,89,0.00014096126
484,89,0.0004129745
485,89,0.00061255414
486,89,0.0007085707
487,89,0.00082603376
488,89,0.00029435754
489,89,-0.00015222654
490,89,0.0004931921
491,89,0.00032922998
492,89,0.000341204
493,89,0.00028828252
494,89,0.00050736126
0,90,0.0010847868
1,90,0.00044600014
2,90,0.0010661669
3,90,0.00053984113
4,90,0.00046834257
5,90,0.0010528453
6,90,0.0006749686
7,90,0.00050260965
8,90,
9,90,0.00074873026
10,90,
11,90,
12,90,
13,90,
14,90,
15,90,
16,90,
17,90,
18,90,
19,90,
20,90,
21,90,
22,90,
23,90,
24,90,
25,90,
26,90,0.0005313521
27,90,0.0005387617
28,90,-0.000113121234
29,90,0.0004920708
30,90,0.0004131561
31,90,0.00077764783
32,90,0.00068267714
33,90,0.00016632024
34,90,0.0007560132
35,90,0.0005192291
36,90,0.000398227
37,90,0.000827075
38,90,0.0006179344
39,90,0.0012486065
40,90,0.0002367273
41,90,0.00068247225
42,90,0.0007981574
43,90,0.00078312494
44,90,0.00043177698
45,90,0.0008003684
46,90,0.0003638519
47,90,0.0012259334
48,90,0.00048248377
49,90,-9.5947646e-05
50,90,4.790537e-05
51,90,0.0005933484
52,90,0.00040001888
53,90,0.0010230085
54,90,-4.8606656e-05
55,90,4.194863e-05
56,90,0.00049245823
57,90,0.00015261024
58,90,0.0003746776
59,90,0.00024381
60,90,0.00022763759
61,90,0.000591076
62,90,0.00055268034
63,90,3.3332035e-05
64,90,0.00082483236
65,90,0.0007814979
66,90,-3.7029386e-05
67,90,0.00062522385
68,90,0.0006796634
69,90,0.00053022243
70,90,7.143244e-07
71,90,0.0003755074
72,90,0.00031554513
73,90,0.00061807316
74,90,0.00019288156
75,90,0.0004969761
76,90,0.00048589427
77,90,0.00018888526
78,90,0.0005678488
79,90,0.00015683472
80,90,0.00027065817
81,90,0.000580837
82,90,0.00018564425
83,90,0.0011065351
84,90,0.0004582135
85,90,0.0007401062
86,90,0.00073551666
87,90,0.0005640965
88,90,0.00032859948
89,90,0.00042135827
90,90,0.00091809593
91,90,0.0010315068
92,90,0.00019929744
93,90,0.0009674281
94,90,0.0006589452
95,90,0.00054461975
96,90,0.00041776244
97,90,0.0003556572
98,90,0.0006800126
99,90,0.00051631033
100,90,0.0003275657
101,90,0.00050544925
102,90,0.00023968983
103,90,0.00030745938
104,90,0.00027341768
105,90,
106,90,
107,90,
108,90,
109,90,
110,90,
111,90,
112,90,
113,90,
114,90,
115,90,
116,90,
117,90,
118,90,
119,90,
120,90,
121,90,
122,90,
123,90,
124,90,
125,90,
126,90,
127,90,
128,90,
129,90,
130,90,
131,90,
132,90,
133,90,0.0002684798
134,90,0.0004865909
135,90,0.000499242
136,90,0.000981369
137,90,0.0006298125
138,90,-0.00016010646
139,90,0.0003934987
140,90,0.0006137369
141,90,8.576177e-05
142,90,0.00059599243
143,90,-9.505544e-05
144,90,0.0002661124
145,90,0.000102749094
146,90,0.00012620911
147,90,0.00011891592
148,90,0.00017726794
149,90,0.00051481277
150,90,0.00083558913
151,90,0.00015253015
152,90,0.0005785404
153,90,0.0006513009
154,90,0.00036005955
155,90,0.00054131355
156,90,
157,90,
158,90,0.000989452
159,90,0.00012492761
160,90,0.0004899241
161,90,0.0003441386
162,90,0.0007600775
163,90,0.00022954307
164,90,0.00042126887
165,90,0.0007027956
166,90,0.0004620785
167,90,0.00050896406
168,90,0.0012904527
169,90,0.0007339921
170,90,0.00093490817
171,90,0.0006642854
172,90,0.0006489856
173,90,0.00030173548
174,90,0.00025482103
175,90,0.0011296906
176,90,0.00079194084
177,90,-0.00029903278
178,90,0.0003960356
179,90,0.00051909406
180,90,-4.08832e-05
181,90,0.00043662172
182,90,0.0006039981
183,90,0.00035444368
184,90,0.0008820817
185,90,0.0007572286
186,90,-0.00026070513
187,90,0.0006522648
188,90,0.00086557306
189,90,0.00020454731
190,90,0.000375201
191,90,0.00049134344
192,90,0.00027796347
193,90,0.00021005701
194,90,0.00068740454
195,90,0.0001724204
196,90,2.4233013e-06
197,90,0.00043383148
198,90,-1.1602417e-05
199,90,0.00029979367
200,90,0.00047633518
201,90,0.00051934924
202,90,0.00050779525
203,90,0.00028239563
204,90,0.00045663305
205,90,0.0008961912
206,90,0.00015892647
207,90,0.00075494684
208,90,4.8908405e-05
209,90,
210,90,
211,90,
212,90,
213,90,
214,90,0.00019939337
215,90,-0.0001619719
216,90,0.00059693307
217,90,0.0005165385
218,90,0.0006942358
219,90,0.0006250739
220,90,-0.0001485562
221,90,0.000623852
222,90,0.00032460317
223,90,0.00070889946
224,90,0.00041563157
225,90,0.00058688223
226,90,0.00052757375
227,90,0.0006630728
228,90,0.0007231524
229,90,0.0005746102
230,90,0.0008151913
231,90,0.0006653499
232,90,0.0006922744
233,90,-0.00019915309
234,90,0.00038504135
235,90,0.00053958036
236,90,0.00019438658
237,90,0.00027044117
238,90,0.00028983876
239,90,0.00077702105
240,90,0.0006996095
241,90,-0.0001576636
242,90,0.00064541586
243,90,0.0008761883
244,90,0.00047414284
245,90,0.0003899606
246,90,0.0008300645
247,90,0.00021481607
248,90,0.0007255152
249,90,0.0006921012
250,90,0.0004869448
251,90,0.00018908735
252,90,0.00016410183
253,90,-8.7405555e-05
254,90,0.0004418539
255,90,0.0006162524
256,90,
257,90,
258,90,0.00049782265
259,90,0.0005351519
260,90,-7.008575e-05
261,90,0.0012691561
262,90,0.00056489743
263,90,0.0008590445
264,90,0.0004034089
265,90,0.0006185649
266,90,0.0009539006
267,90,0.00044210535
268,90,0.0005118381
269,90,0.00062299427
270,90,0.0005135052
271,90,0.00054434873
272,90,0.0009278571
273,90,0.00040890742
274,90,
275,90,0.00043729134
276,90,0.0003857389
277,90,0.00058609527
278,90,0.0011584787
279,90,
280,90,
281,90,
282,90,
283,90,
284,90,
285,90,
286,90,0.0005210256
287,90,0.0006415909
288,90,0.00054720975
289,90,0.0006873775
290,90,0.00048619788
291,90,0.0005818233
292,90,0.0005501993
293,90,-2.1606684e-06
294,90,0.00042667706
295,90,0.0006722091
296,90,0.00039313827
297,90,0.0007963311
298,90,0.00023707654
299,90,0.0005906215
300,90,0.00059980806
301,90,0.00032659993
302,90,0.00010404177
303,90,0.0006632777
304,90,0.00030088704
305,90,0.00039359368
306,90,0.00046903733
307,90,0.00024479255
308,90,0.0005369261
309,90,0.0006754268
310,90,0.00019671116
311,90,0.00076486636
312,90,0.0007756129
313,90,0.00073374994
314,90,0.00034421124
315,90,8.079503e-05
316,90,0.00041272677
317,90,0.00085730944
318,90,0.0004684776
319,90,0.0007124543
320,90,0.00032982696
321,90,0.0006641047
322,90,0.00048202742
323,90,0.00044100452
324,90,0.0006889673
325,90,0.0007371139
326,90,0.000766268
327,90,0.0005855113
328,90,0.00051607843
329,90,0.00055381097
330,90,0.00046508946
331,90,0.0007211687
332,90,0.0008569518
333,90,0.0007823827
334,90,0.0005821306
335,90,0.00076538045
336,90,0.0006407378
337,90,0.0011674995
338,90,-0.00010802038
339,90,0.00018028077
340,90,0.00032642204
341,90,0.000554543
342,90,0.000792413
343,90,0.0008868668
344,90,0.00084076356
345,90,0.0005678218
346,90,0.00070728734
347,90,0.00063232053
348,90,0.0009804089
349,90,0.0006789295
350,90,0.0002203323
351,90,0.0006802343
352,90,0.0005494887
353,90,0.00020813942
354,90,0.0009790221
355,90,6.290898e-05
356,90,0.00032952242
357,90,0.00021661632
358,90,0.00024672225
359,90,0.0010935562
360,90,0.00034655258
361,90,0.00023489259
362,90,0.00020830799
363,90,0.001096407
364,90,0.00026002433
365,90,6.721541e-05
366,90,0.0005486747
367,90,0.00035360362
368,90,0.00024183281
369,90,0.0010475907
370,90,0.00013570767
371,90,0.00028475095
372,90,0.0011145817
373,90,0.0009431895
374,90,0.0011440814
375,90,0.0006121276
376,90,0.00016941968
377,90,0.00077272207
378,90,0.0006929375
379,90,0.0004278794
380,90,0.00028822012
381,90,0.000721938
382,90,8.370727e-06
383,90,0.00034367945
384,90,0.00046840683
385,90,0.00074752886
386,90,0.0008272268
387,90,0.00046645384
388,90,0.000919695
389,90,0.0004815776
390,90,0.0007640505
391,90,0.00042186305
392,90,0.00054748915
393,90,0.00022052601
394,90,0.000287842
395,90,0.0002138894
396,90,0.00031919964
397,90,0.00039274525
398,90,0.0005783159
399,90,0.00068866275
400,90,0.00057518017
401,90,0.00054712314
402,90,0.000608203
403,90,0.00075013936
404,90,0.000616841
405,90,0.00044854078
406,90,0.0006475672
407,90,0.00078353006
408,90,0.0004731845
409,90,0.0009830361
410,90,0.00044341013
411,90,0.0008179173
412,90,0.00058825035
413,90,0.0011206772
414,90,0.0008041272
415,90,0.0011333218
416,90,0.0012029
417,90,0.0012910077
418,90,0.000877941
419,90,0.00091590546
420,90,0.0007863939
421,90,0.00092778075
422,90,0.0009018844
423,90,0.001064063
424,90,0.0009381566
425,90,0.0006884262
426,90,0.0010191379
427,90,0.0010287771
428,90,0.0008171825
429,90,0.0001174137
430,90,0.0007142769
431,90,0.00042320415
432,90,0.00010187365
433,90,0.0003350461
434,90,0.00022098608
435,90,0.0006410107
436,90,0.0010082545
437,90,0.00017462298
438,90,0.00039059017
439,90,0.00041197706
440,90,0.00077464525
441,90,0.0008101957
442,90,0.00053858384
443,90,0.0007511722
444,90,0.0004997328
445,90,0.0006196592
446,90,0.00048410706
447,90,0.0005563488
448,90,0.0005781539
449,90,0.00078727957
450,90,0.0007042885
451,90,0.00080170855
452,90,0.00037746876
453,90,0.00072468165
454,90,0.0008116001
455,90,0.00076133944
456,90,0.0011073435
457,90,0.0007552458
458,90,0.00063355546
459,90,0.00038770866
460,90,0.0009345077
461,90,0.0006227493
462,90,0.00065484084
463,90,0.00096505135
464,90,0.0005210787
465,90,0.0005302653
466,90,0.00092129223
467,90,0.0005924152
468,90,0.000839781
469,90,0.00051548705
470,90,0.0013074894
471,90,0.00079751574
472,90,0.00044141337
473,90,0.0006229365
474,90,0.0003211191
475,90,0.00041222665
476,90,0.0003814362
477,90,0.0005447706
478,90,0.00029379223
479,90,0.0005390197
480,90,0.00055906456
481,90,0.0008574268
482,90,0.0006156573
483,90,6.454624e-05
484,90,7.2927214e-05
485,90,0.00077934377
486,90,0.00031196047
487,90,0.00025977194
488,90,0.0002038898
489,90,0.0005958723
490,90,0.00038931146
491,90,0.00064840633
492,90,0.0007318212
493,90,0.00034772418
494,90,0.00019566901
0,91,0.0005771052
1,91,0.0004444141
2,91,0.00018629245
3,91,0.00011724979
4,91,0.00067192875
5,91,0.0011764755
6,91,0.0004759375
7,91,0.0006840136
8,91,0.00060860254
9,91,
10,91,
11,91,
12,91,
13,91,
14,91,
15,91,
16,91,
17,91,
18,91,
19,91,
20,91,
21,91,
22,91,
23,91,
24,91,
25,91,
26,91,
27,91,0.00045043323
28,91,0.00027177949
29,91,0.00080002844
30,91,0.0005663056
31,91,0.0007936945
32,91,-4.4930726e-05
33,91,0.00034431834
34,91,0.0005008429
35,91,0.0005346127
36,91,0.0006462941
37,91,0.0006189514
38,91,0.0006780345
39,91,0.00059430115
40,91,0.00079538673
41,91,0.00026862416
42,91,0.00060045626
43,91,8.9053065e-06
44,91,0.0004763892
45,91,0.0007972978
46,91,0.00036922097
47,91,0.00030190963
48,91,0.0010745237
49,91,0.00072354637
50,91,0.00042721722
51,91,0.00026716292
52,91,2.0352192e-05
53,91,0.0003812099
54,91,0.0007118741
55,91,0.0007189354
56,91,0.0003302386
57,91,0.00092734955
58,91,0.0002023438
59,91,0.0005554855
60,91,0.0001915209
61,91,-9.149127e-05
62,91,0.00031684153
63,91,-0.00045576598
64,91,0.0003592344
65,91,0.00025446154
66,91,0.0002292078
67,91,0.000631745
68,91,-0.00026405603
69,91,0.0005881563
70,91,0.000584092
71,91,0.0008321749
72,91,0.00047757663
73,91,0.00023255777
74,91,0.0006833654
75,91,0.0009293789
76,91,0.00012820587
77,91,0.00014970358
78,91,0.0007402478
79,91,0.00037556887
80,91,0.00073869433
81,91,0.00015931297
82,91,0.0005778093
83,91,0.0005206615
84,91,0.0006161565
85,91,0.0005198475
86,91,0.00066667516
87,91,0.0006115865
88,91,0.00030065142
89,91,0.0005886825
90,91,0.00067933556
91,91,0.00076845475
92,91,0.00045927055
93,91,0.00071734935
94,91,0.0006466685
95,91,0.00057862233
96,91,0.0008131834
97,91,0.0009149937
98,91,0.0006460203
99,91,0.00030538999
100,91,0.0003090268
101,91,0.0008827429
102,91,0.00037458073
103,91,0.00064753555
104,91,0.0007224567
105,91,0.0005976856
106,91,
107,91,
108,91,
109,91,
110,91,
111,91,
112,91,
113,91,
114,91,
115,91,
116,91,
117,91,
118,91,
119,91,
120,91,
121,91,
122,91,
123,91,
124,91,
125,91,
126,91,
127,91,
128,91,
129,91,
130,91,
131,91,
132,91,0.00020739343
133,91,
134,91,-8.585956e-05
135,91,5.4561533e-05
136,91,0.0005841367
137,91,0.0010475144
138,91,0.0004074527
139,91,0.00041983463
140,91,0.00020197127
141,91,0.0007191906
142,91,0.00053117424
143,91,0.000632884
144,91,0.00052207336
145,91,0.00072989333
146,91,0.00038400013
147,91,0.0003428189
148,91,0.00036736764
149,91,0.00039451756
150,91,0.0006405208
151,91,0.0001117466
152,91,0.00023083389
153,91,0.0005673589
154,91,6.437674e-05
155,91,0.00076016225
156,91,
157,91,
158,91,
159,91,0.00026918575
160,91,0.0005692076
161,91,0.00032095984
162,91,0.00062148366
163,91,0.0003972603
164,91,0.00040736422
165,91,0.00011492055
166,91,0.0007303953
167,91,0.00073819794
168,91,0.00063406024
169,91,0.00013465527
170,91,0.00029631983
171,91,0.0003191959
172,91,0.00023774337
173,91,0.000322517
174,91,0.00035233237
175,91,0.00017984398
176,91,0.00076073594
177,91,6.286986e-05
178,91,0.00017918088
179,91,0.0006561447
180,91,0.0005065631
181,91,0.00077942293
182,91,0.0003226502
183,91,0.00045885425
184,91,0.00045152288
185,91,0.0006710673
186,91,0.0006036591
187,91,0.00024330802
188,91,0.000498835
189,91,0.0005654525
190,91,0.0010187775
191,91,0.00081980694
192,91,0.0005137399
193,91,0.0007724287
194,91,0.0006849868
195,91,-0.00010597613
196,91,0.00028886087
197,91,0.0008401098
198,91,0.0008270629
199,91,0.00045168586
200,91,-0.00010087807
201,91,0.00054695737
202,91,0.00043581892
203,91,0.0008480288
204,91,-0.00022833608
205,91,0.0006346572
206,91,0.0008523958
207,91,
208,91,0.00017624628
209,91,9.154715e-05
210,91,6.875489e-05
211,91,0.00041962042
212,91,5.5705197e-05
213,91,-0.00014539436
214,91,0.00047309883
215,91,
216,91,0.00066312775
217,91,0.00022934657
218,91,0.00016608648
219,91,4.780665e-05
220,91,0.00037882198
221,91,0.0004910249
222,91,0.0006723087
223,91,0.0007390706
224,91,0.00073957164
225,91,0.0005106656
226,91,0.00074960943
227,91,0.00021629222
228,91,0.0003975099
229,91,0.0008235229
230,91,0.0011373879
231,91,0.00079133734
232,91,0.0007409677
233,91,0.00033587497
234,91,0.00076691713
235,91,5.9528276e-05
236,91,0.0005834047
237,91,0.0004524924
238,91,0.00065397006
239,91,0.00087763276
240,91,0.0005488964
241,91,0.00084336195
242,91,0.0005086381
243,91,0.00073497556
244,91,0.0007132469
245,91,0.000790203
246,91,0.00023816526
247,91,0.00079592504
248,91,0.0006610509
249,91,7.333513e-05
250,91,0.0005306583
251,91,0.00038510934
252,91,0.0008603707
253,91,-0.00012572482
254,91,0.0010680165
255,91,0.00020503625
256,91,
257,91,
258,91,
259,91,-0.00014917273
260,91,-0.00015583262
261,91,0.0003858367
262,91,-2.113264e-05
263,91,0.0008367989
264,91,0.0002404796
265,91,0.00042197574
266,91,0.0008256212
267,91,0.00030640606
268,91,0.00040606316
269,91,0.0007246416
270,91,0.0005418705
271,91,0.0005265139
272,91,0.00031507295
273,91,0.00019998848
274,91,0.00064012967
275,91,0.0003682943
276,91,0.00070302095
277,91,0.0007110834
278,91,
279,91,0.00069046393
280,91,
281,91,
282,91,
283,91,
284,91,
285,91,
286,91,0.00055217184
287,91,0.00042512454
288,91,0.00082769524
289,91,0.00051524956
290,91,0.0010389108
291,91,0.00023757853
292,91,0.0004172707
293,91,0.0007602535
294,91,0.0009975703
295,91,0.0006540343
296,91,0.00033113547
297,91,0.00023646094
298,91,0.00059082545
299,91,0.00073653646
300,91,0.00018590596
301,91,0.00022278726
302,91,0.00033262558
303,91,0.00046703778
304,91,0.00079689827
305,91,0.00021791086
306,91,0.00073041953
307,91,0.0004789373
308,91,0.0006330004
309,91,0.00060675293
310,91,0.0005470887
311,91,0.00046332274
312,91,0.0005549509
313,91,0.00054800045
314,91,0.00067161955
315,91,0.00076393597
316,91,0.0007100282
317,91,0.00025646854
318,91,0.00039201602
319,91,0.0001264736
320,91,0.0005995333
321,91,0.00025961176
322,91,0.0006685406
323,91,0.00046263356
324,91,0.0004658373
325,91,0.0006315522
326,91,0.00035221223
327,91,0.0010883007
328,91,0.00041095726
329,91,0.00077474955
330,91,0.0005363142
331,91,0.0006271973
332,91,0.0006708279
333,91,0.00032116473
334,91,0.00026325975
335,91,0.0003377404
336,91,0.0002813004
337,91,0.00062750373
338,91,8.3475374e-05
339,91,0.0005381834
340,91,0.00020947214
341,91,0.00043640938
342,91,0.0007248232
343,91,0.000677445
344,91,0.00058357604
345,91,0.00025048666
346,91,0.00021332689
347,91,0.0011613034
348,91,0.0002055876
349,91,0.0011090888
350,91,-3.683567e-05
351,91,0.00076410733
352,91,0.0004340764
353,91,0.00043792278
354,91,0.00018820353
355,91,0.00015411153
356,91,0.00060821325
357,91,8.917693e-05
358,91,0.0005666977
359,91,0.00062415097
360,91,0.0004930487
361,91,0.00023921859
362,91,0.0005997382
363,91,0.00011030957
364,91,0.00081231445
365,91,0.0007884614
366,91,0.00032418035
367,91,0.0005148221
368,91,9.568781e-05
369,91,0.0008317698
370,91,2.2217631e-05
371,91,0.00033034757
372,91,0.0004567867
373,91,0.00094353035
374,91,0.00094705634
375,91,0.0005122842
376,91,0.0005717762
377,91,0.00015947595
378,91,0.00031646527
379,91,0.00078131445
380,91,0.0012183785
381,91,0.001095402
382,91,0.0005125087
383,91,0.0007698471
384,91,0.00069969054
385,91,0.00052003004
386,91,0.0008460432
387,91,0.0005231323
388,91,0.0007612128
389,91,0.00067311805
390,91,0.00040269736
391,91,0.0004077349
392,91,0.00095470995
393,91,2.9642135e-05
394,91,0.00028613023
395,91,0.00046618842
396,91,0.00079046935
397,91,0.0002705902
398,91,0.0008109296
399,91,2.8252602e-05
400,91,0.00035386812
401,91,0.00076212734
402,91,0.00059091486
403,91,0.00022844411
404,91,0.0001913337
405,91,0.0007577827
406,91,0.0004345728
407,91,0.000940864
408,91,0.0010018898
409,91,0.0013500452
410,91,0.00040762126
411,91,0.00070647337
412,91,0.0010432685
413,91,0.0007486632
414,91,0.0008565681
415,91,0.0007666927
416,91,0.0009690253
417,91,0.0007475838
418,91,0.0008184416
419,91,0.0006146971
420,91,0.00081950985
421,91,0.0011524102
422,91,0.0009212233
423,91,0.00095368363
424,91,0.00085210707
425,91,0.0007466953
426,91,0.00097632967
427,91,0.00073693134
428,91,0.00056749955
429,91,0.00083650183
430,91,0.0004626764
431,91,0.00084093027
432,91,0.0010525146
433,91,0.00079629105
434,91,0.0007265564
435,91,0.0006353278
436,91,0.0006863009
437,91,7.444527e-05
438,91,0.00028831325
439,91,0.00028673
440,91,0.00085016433
441,91,-1.8140301e-05
442,91,0.00057571195
443,91,0.0006122021
444,91,0.0003864318
445,91,0.0008345563
446,91,0.00032192562
447,91,0.00040210038
448,91,0.0003068354
449,91,0.00071500614
450,91,0.0002960302
451,91,0.00034241565
452,91,0.00039981585
453,91,0.00063706934
454,91,0.0006167907
455,91,0.00042707287
456,91,0.0011307029
457,91,0.00064125005
458,91,0.0005408358
459,91,0.00040865224
460,91,0.00060011167
461,91,0.0012689931
462,91,0.00071701873
463,91,0.0004568426
464,91,0.0003575608
465,91,0.0005915761
466,91,0.0007376205
467,91,0.0003246516
468,91,0.000763068
469,91,0.00084492285
470,91,0.00052435324
471,91,0.00092967134
472,91,0.0006028181
473,91,0.00010214932
474,91,0.00051178783
475,91,0.00048996136
476,91,0.0012182761
477,91,0.0007389346
478,91,0.0006319238
479,91,0.00077421125
480,91,0.000998525
481,91,8.922722e-05
482,91,0.000393942
483,91,0.00013886206
484,91,0.00043561403
485,91,0.00042358693
486,91,0.00044159126
487,91,0.0008242205
488,91,0.0003519468
489,91,-0.00026623625
490,91,0.00048561487
491,91,0.0005545486
492,91,0.000587482
493,91,0.0002321694
494,91,0.00019809417
0,92,0.000833177
1,92,0.0006951941
2,92,0.00030246284
3,92,7.4266456e-05
4,92,0.0012340732
5,92,2.3694709e-05
6,92,0.0005944753
7,92,0.00056753866
8,92,0.0011533936
9,92,0.0012419578
10,92,
11,92,
12,92,
13,92,
14,92,
15,92,
16,92,
17,92,0.000524994
18,92,
19,92,
20,92,
21,92,
22,92,
23,92,
24,92,
25,92,
26,92,0.0005074879
27,92,0.00064805336
28,92,0.0010720715
29,92,-2.0131469e-05
30,92,0.0002005035
31,92,0.0007444881
32,92,0.0008356422
33,92,0.0008156104
34,92,0.00085849036
35,92,0.00089876447
36,92,0.0003686985
37,92,0.00040523056
38,92,0.00066609215
39,92,0.0006523719
40,92,0.00066444837
41,92,0.0005759159
42,92,0.00027682167
43,92,0.00012499839
44,92,3.6776997e-05
45,92,0.00058018416
46,92,0.0007220572
47,92,0.00068164803
48,92,0.0004161736
49,92,0.0005757734
50,92,0.00045934878
51,92,0.000624096
52,92,0.0007446101
53,92,0.00024929643
54,92,0.00024349894
55,92,0.00063807424
56,92,0.00014629867
57,92,0.00012329593
58,92,-3.2528304e-05
59,92,0.00042393897
60,92,0.0004823543
61,92,0.00068076886
62,92,0.00018256716
63,92,0.00059114024
64,92,0.000763108
65,92,0.00019590743
66,92,0.0006422391
67,92,0.0008289907
68,92,7.082056e-05
69,92,0.0005666334
70,92,0.00044300035
71,92,0.0009941338
72,92,0.0009417925
73,92,0.0003550183
74,92,-0.00010786764
75,92,0.00070472155
76,92,0.0010565231
77,92,0.00030564237
78,92,8.02679e-05
79,92,0.00060996134
80,92,0.00048237573
81,92,0.00046462938
82,92,0.00017996319
83,92,0.00015841424
84,92,0.00083250273
85,92,0.00042667612
86,92,0.0006760489
87,92,0.00043187477
88,92,0.00048672408
89,92,0.00084287394
90,92,0.00087396987
91,92,0.0009779222
92,92,0.0003591366
93,92,0.00038445648
94,92,0.0007702615
95,92,0.00083694514
96,92,0.00091304444
97,92,0.00082130637
98,92,0.00077108294
99,92,0.0003550183
100,92,0.00045867264
101,92,0.0006279303
102,92,0.0006952649
103,92,0.0007486986
104,92,0.00024000742
105,92,0.00024175458
106,92,
107,92,
108,92,
109,92,
110,92,
111,92,
112,92,
113,92,
114,92,
115,92,
116,92,
117,92,
118,92,
119,92,
120,92,
121,92,
122,92,
123,92,
124,92,0.00025654025
125,92,0.0005045999
126,92,
127,92,
128,92,
129,92,
130,92,0.00068185665
131,92,
132,92,
133,92,0.0007056296
134,92,5.259551e-05
135,92,0.0004347181
136,92,0.000240542
137,92,0.0007621432
138,92,0.00040445104
139,92,0.00016384851
140,92,0.0003494434
141,92,0.0007107686
142,92,0.00014235359
143,92,0.0005604876
144,92,0.00074710324
145,92,0.0010308484
146,92,0.00055472646
147,92,0.00013002101
148,92,0.00023955293
149,92,0.00090257917
150,92,0.00071829837
151,92,0.0006784145
152,92,0.00048652105
153,92,0.00068851374
154,92,0.0007486008
155,92,-0.0001647016
156,92,0.0005568592
157,92,0.00015207566
158,92,0.00010228343
159,92,0.0005976185
160,92,0.00013588183
161,92,0.00035133027
162,92,0.00054995343
163,92,0.0005453294
164,92,0.0013049683
165,92,0.0002793558
166,92,0.00046513602
167,92,0.00021973904
168,92,0.00061766244
169,92,0.000186258
170,92,0.00070314296
171,92,3.5485253e-05
172,92,0.00061600097
173,92,0.0004221499
174,92,0.00074353255
175,92,0.00012274832
176,92,0.00033876952
177,92,0.0003598975
178,92,0.00036877766
179,92,0.00011332054
180,92,0.00025734864
181,92,0.0005384935
182,92,0.0005557593
183,92,0.0006043073
184,92,0.0006365124
185,92,0.00037182216
186,92,0.0005510384
187,92,0.00033297855
188,92,0.00041161478
189,92,0.0006196154
190,92,0.0004998641
191,92,0.0007550018
192,92,-7.0793554e-05
193,92,0.0007696077
194,92,0.00095267966
195,92,0.00055846665
196,92,0.00036320463
197,92,0.00031899847
198,92,0.0007468434
199,92,0.00021208543
200,92,0.00046788156
201,92,0.00049755815
202,92,0.0007687975
203,92,0.00055854954
204,92,4.70113e-05
205,92,0.00073219277
206,92,0.0006959606
207,92,0.0003964156
208,92,0.0005140975
209,92,0.00079810154
210,92,0.00077088084
211,92,0.0013067685
212,92,0.001080798
213,92,9.100977e-05
214,92,0.00020469166
215,92,0.00058953
216,92,-0.0002442468
217,92,0.0008192109
218,92,1.5464611e-05
219,92,0.00030847266
220,92,0.00033055805
221,92,0.0006943103
222,92,0.0002613375
223,92,0.00045149773
224,92,0.00063960906
225,92,0.00056314934
226,92,0.0004683109
227,92,0.00015839841
228,92,0.00080153905
229,92,0.0008048648
230,92,0.00020991266
231,92,-5.152542e-05
232,92,0.000916237
233,92,0.00035243575
234,92,0.00055800844
235,92,0.00021615718
236,92,0.00039274246
237,92,0.0010356307
238,92,0.00029010605
239,92,0.0008869367
240,92,0.00031166896
241,92,-1.863297e-05
242,92,0.00017877761
243,92,0.00018873718
244,92,0.0006967904
245,92,0.00031841453
246,92,0.0009828592
247,92,0.00021351501
248,92,0.00053346995
249,92,0.001007136
250,92,0.000645916
251,92,0.00062750373
252,92,0.0007695863
253,92,0.0004461417
254,92,0.0004573809
255,92,
256,92,
257,92,
258,92,
259,92,0.00057036337
260,92,0.00032219756
261,92,0.0008589253
262,92,9.945035e-05
263,92,0.00058472715
264,92,0.0012143068
265,92,0.0002746405
266,92,0.00090955384
267,92,0.00023147836
268,92,0.0008193003
269,92,0.0004870128
270,92,0.00041548163
271,92,0.00030713994
272,92,0.0005575968
273,92,0.0006309794
274,92,0.00055636466
275,92,0.00040343218
276,92,
277,92,-3.815163e-05
278,92,
279,92,
280,92,
281,92,
282,92,
283,92,0.00043571088
284,92,
285,92,
286,92,0.00043231156
287,92,0.000333949
288,92,0.0008166069
289,92,2.5984831e-05
290,92,0.0005263919
291,92,-9.1996975e-05
292,92,-7.804483e-05
293,92,0.0005921386
294,92,0.0005319752
295,92,0.00085237157
296,92,0.0011938512
297,92,0.00050803646
298,92,0.0006307373
299,92,0.0008122036
300,92,0.0006348789
301,92,0.0003108885
302,92,0.00070338976
303,92,0.00065378845
304,92,0.0007113386
305,92,0.00021510664
306,92,0.000638118
307,92,0.00080461055
308,92,0.00050293095
309,92,0.0006623389
310,92,0.00061346125
311,92,0.0006680237
312,92,0.0005418118
313,92,0.0010363283
314,92,0.0007528905
315,92,0.00053013954
316,92,0.0002701031
317,92,0.0005207816
318,92,0.00077218376
319,92,0.0011061458
320,92,0.00081744045
321,92,0.000808971
322,92,0.00034142006
323,92,0.0006957967
324,92,0.0005700104
325,92,0.0005436409
326,92,0.00036296714
327,92,0.0006314395
328,92,0.00092020724
329,92,0.00024512783
330,92,0.00076434575
331,92,0.00041079335
332,92,0.00046132412
333,92,1.4705583e-05
334,92,0.0007997127
335,92,0.0005545765
336,92,0.00048826542
337,92,0.00039745588
338,92,-4.150998e-05
339,92,0.000525563
340,92,0.0007075248
341,92,0.000722073
342,92,0.00037913676
343,92,0.0005345233
344,92,0.00022294186
345,92,0.00061005726
346,92,0.00012873206
347,92,0.000337461
348,92,0.00010340288
349,92,0.0005612802
350,92,0.0007406175
351,92,0.0008479366
352,92,0.0003994396
353,92,0.0008956995
354,92,3.099069e-05
355,92,0.00088032987
356,92,0.0006823726
357,92,0.00036514737
358,92,0.0005983375
359,92,0.0008597486
360,92,0.00010845438
361,92,0.0012138849
362,92,0.00017938204
363,92,0.0006632926
364,92,0.00045758206
365,92,0.00023408793
366,92,0.0009717094
367,92,0.00011120085
368,92,0.0005005812
369,92,0.0005226247
370,92,0.0003189994
371,92,0.00042295177
372,92,0.0005710721
373,92,0.00011309888
374,92,0.00041242782
375,92,-0.00019178074
376,92,0.0002365131
377,92,0.00075302925
378,92,0.00083408505
379,92,0.00059881713
380,92,0.00022165012
381,92,0.0006166976
382,92,0.0010072095
383,92,0.00028684735
384,92,0.000557214
385,92,0.00038698688
386,92,0.0006436175
387,92,0.00043737702
388,92,0.000843917
389,92,0.0003179051
390,92,0.0005723657
391,92,0.0005479241
392,92,0.00053155236
393,92,0.00087594055
394,92,0.0005255053
395,92,0.00040167663
396,92,0.0005961228
397,92,0.00041177496
398,92,0.00087844394
399,92,0.00023619737
400,92,0.00051541533
401,92,0.0006327694
402,92,0.00079684146
403,92,-0.0002450971
404,92,0.0010906607
405,92,0.00029271748
406,92,0.00012008846
407,92,0.00021693204
408,92,0.00036222115
409,92,0.001236096
410,92,0.0005524708
411,92,0.0009163786
412,92,0.00084458943
413,92,0.0008019069
414,92,
415,92,0.00078124925
416,92,0.0008363081
417,92,0.0005646702
418,92,0.000791925
419,92,0.0005171783
420,92,0.0010328926
421,92,0.0009932397
422,92,0.0009772656
423,92,0.0011639185
424,92,0.00052679423
425,92,0.0010659713
426,92,0.0012366902
427,92,0.0009856559
428,92,0.0009010639
429,92,0.001004383
430,92,0.00063511916
431,92,0.00032840762
432,92,0.0007331781
433,92,0.00074176583
434,92,0.0004938543
435,92,0.0006491542
436,92,0.00012656674
437,92,0.00048648193
438,92,0.0002128128
439,92,0.00068113673
440,92,0.0008602366
441,92,0.00061064214
442,92,0.000551709
443,92,0.0008339863
444,92,0.0006064717
445,92,0.00036637206
446,92,0.0002382975
447,92,0.000407774
448,92,0.00038786046
449,92,0.0008625658
450,92,0.0006630635
451,92,0.00066202413
452,92,0.0010900646
453,92,0.00037335698
454,92,0.0006711874
455,92,0.0007803086
456,92,0.00071892794
457,92,0.00063665025
458,92,0.0006482154
459,92,0.0009162156
460,92,0.0009348402
461,92,0.00088975485
462,92,0.00056168437
463,92,0.0009787269
464,92,0.00052688643
465,92,0.0005885605
466,92,0.000539314
467,92,0.0005399212
468,92,0.00081579573
469,92,0.0003061639
470,92,0.00050015934
471,92,0.0007707542
472,92,0.0006988384
473,92,0.00048081018
474,92,0.00073449686
475,92,0.00082951505
476,92,0.0005695503
477,92,0.0006215982
478,92,0.0010793963
479,92,0.00092293974
480,92,3.9752573e-05
481,92,0.00051169656
482,92,0.00021110848
483,92,0.00090743415
484,92,0.0006031841
485,92,0.00090361014
486,92,0.00021664333
487,92,0.00058195833
488,92,0.00045825355
489,92,0.00032818224
490,92,-0.0001622606
491,92,0.0005074553
492,92,0.00043140445
493,92,0.00021223631
494,92,7.8540295e-05
0,93,0.0005219765
1,93,0.00087449234
2,93,0.00059552863
3,93,0.00075481273
4,93,0.00089398026
5,93,0.0011250162
6,93,0.0009426819
7,93,0.00042855646
8,93,0.0004998315
9,93,0.0006011268
10,93,
11,93,
12,93,
13,93,
14,93,
15,93,
16,93,
17,93,
18,93,
19,93,
20,93,
21,93,
22,93,
23,93,
24,93,
25,93,0.0004324671
26,93,4.3678097e-05
27,93,0.0005274378
28,93,0.00052490365
29,93,0.00073645264
30,93,0.00030906033
31,93,0.0003748834
32,93,0.00053361896
33,93,0.0007177694
34,93,0.00069945306
35,93,0.0008218875
36,93,0.0006546546
37,93,0.0006655324
38,93,0.0008555297
39,93,0.0007852521
40,93,0.00067602843
41,93,0.0007393863
42,93,0.00037521962
43,93,0.0006277235
44,93,0.00035391096
45,93,0.0005534142
46,93,0.0007424578
47,93,0.00081098825
48,93,0.00020764116
49,93,0.00011463929
50,93,0.00067552086
51,93,1.7839484e-05
52,93,0.00047905277
53,93,0.00046924874
54,93,0.0005606115
55,93,0.00086666644
56,93,0.00054481067
57,93,0.000479687
58,93,0.00039867125
59,93,0.0004455354
60,93,2.1567568e-05
61,93,0.00013786461
62,93,0.00035306532
63,93,-0.00013232417
64,93,0.00038160942
65,93,0.00036141742
66,93,0.00028489344
67,93,0.0003631031
68,93,7.846765e-05
69,93,0.00042085536
70,93,0.00033974648
71,93,0.000775544
72,93,8.534454e-05
73,93,9.119976e-05
74,93,0.0003984319
75,93,0.0004198812
76,93,0.00042152684
77,93,0.0007680375
78,93,0.00062992144
79,93,0.00036484096
80,93,0.0004170239
81,93,0.00050317217
82,93,0.00047010183
83,93,0.00053982344
84,93,0.00053501036
85,93,0.00063046254
86,93,0.00073460024
87,93,0.0005738754
88,93,0.0006688386
89,93,0.0008657826
90,93,0.00073546637
91,93,0.0011270149
92,93,0.0003735833
93,93,0.0010431837
94,93,0.00095605385
95,93,0.00072535034
96,93,0.0011851834
97,93,0.00051007327
98,93,0.000619811
99,93,0.0005088635
100,93,0.0007593222
101,93,0.000701596
102,93,0.00044469908
103,93,0.0010440852
104,93,0.00058386475
105,93,0.0004282305
106,93,
107,93,
108,93,
109,93,0.00048366655
110,93,
111,93,
112,93,
113,93,
114,93,
115,93,
116,93,
117,93,
118,93,
119,93,
120,93,
121,93,
122,93,
123,93,
124,93,
125,93,
126,93,
127,93,
128,93,
129,93,0.00033368357
130,93,
131,93,0.0007609902
132,93,0.00040491484
133,93,
134,93,0.0006568674
135,93,0.00039036386
136,93,0.0010350589
137,93,0.0005425662
138,93,0.00084084366
139,93,0.00052896235
140,93,0.0003497433
141,93,0.0008462798
142,93,8.425582e-05
143,93,0.00056829676
144,93,0.00044214912
145,93,0.00027798302
146,93,0.00090623926
147,93,0.00022816751
148,93,0.0005119471
149,93,0.0007553315
150,93,0.00035149232
151,93,2.5572255e-05
152,93,0.00060011167
153,93,0.0005921796
154,93,0.0009048702
155,93,8.126814e-05
156,93,0.00012830645
157,93,0.0003555389
158,93,0.0008998951
159,93,0.0006428212
160,93,0.0004997989
161,93,0.0005273428
162,93,-0.00019767135
163,93,0.000422935
164,93,0.00019955263
165,93,0.00042420253
166,93,0.00057550427
167,93,0.0011617411
168,93,0.0004921695
169,93,0.00052603614
170,93,0.0008406257
171,93,0.000571209
172,93,0.00018513948
173,93,0.00075558946
174,93,0.0003453372
175,93,0.0011217976
176,93,9.736046e-05
177,93,0.0006422149
178,93,0.00014164671
179,93,0.0007036887
180,93,0.00045147166
181,93,0.0002829507
182,93,0.00030869618
183,93,0.00069242064
184,93,0.00079787616
185,93,0.00082574785
186,93,0.00036100484
187,93,0.00040661078
188,93,0.00045360345
189,93,0.000431329
190,93,0.0001798803
191,93,0.00069631543
192,93,0.00057605095
193,93,0.0007610861
194,93,0.00085921213
195,93,0.00033564214
196,93,0.0006320616
197,93,0.0003913073
198,93,0.0003235694
199,93,0.00032998808
200,93,0.00020517036
201,93,0.00047292188
202,93,0.0008533122
203,93,0.0006788606
204,93,-0.000112516806
205,93,0.00092256255
206,93,0.0006270781
207,93,0.0007688217
208,93,0.00038355868
209,93,3.0830503e-05
210,93,0.0002785949
211,93,0.0006608628
212,93,-0.00038827397
213,93,0.00041724276
214,93,0.00050337147
215,93,0.00094290264
216,93,0.0001356285
217,93,0.00035974756
218,93,0.0004766276
219,93,0.00084340665
220,93,0.00068691745
221,93,0.00033118855
222,93,0.00040047616
223,93,0.000406174
224,93,0.00027484074
225,93,0.00020923838
226,93,0.00042991806
227,93,0.00038971752
228,93,0.00048736483
229,93,0.00071235094
230,93,0.0004711626
231,93,0.0006922111
232,93,0.00032279268
233,93,0.00034168363
234,93,0.0005243607
235,93,0.00025832467
236,93,0.0003229594
237,93,0.0006574048
238,93,0.00024157576
239,93,0.0005650623
240,93,0.0007187594
241,93,0.000793688
242,93,0.00052970834
243,93,0.00045088306
244,93,0.00019034743
245,93,0.00070275366
246,93,0.0006618947
247,93,0.0006263908
248,93,0.0007221941
249,93,0.00066413265
250,93,0.00015146472
251,93,0.0006813435
252,93,0.0009842059
253,93,0.00021642074
254,93,0.00036575552
255,93,0.00044445414
256,93,0.0010019522
257,93,
258,93,
259,93,
260,93,0.0005767783
261,93,0.00030362885
262,93,0.0007096529
263,93,0.00042643212
264,93,0.00096435007
265,93,0.000626361
266,93,0.00041286834
267,93,0.00053602457
268,93,0.00027166773
269,93,0.0005579591
270,93,0.00020393915
271,93,0.00048105977
272,93,0.00038124248
273,93,0.0002765758
274,93,0.00041563995
275,93,0.0005579917
276,93,0.00043324102
277,93,1.0046177e-05
278,93,0.00019744225
279,93,
280,93,
281,93,
282,93,
283,93,
284,93,
285,93,
286,93,
287,93,0.00020014215
288,93,-0.0003453456
289,93,0.0004999656
290,93,0.00065568555
291,93,0.000621181
292,93,0.0006442964
293,93,0.0005149385
294,93,0.0005314704
295,93,0.0005363589
296,93,0.000451372
297,93,0.000601504
298,93,0.00027993508
299,93,0.0007186709
300,93,0.00031716097
301,93,0.0005610259
302,93,0.00040989555
303,93,0.0007504318
304,93,0.0005818233
305,93,0.00084193423
306,93,0.0007785838
307,93,0.0007632775
308,93,0.00018956419
309,93,0.0002095215
310,93,0.00012356229
311,93,0.00055000745
312,93,0.00039006118
313,93,0.0008039363
314,93,0.0006045513
315,93,-0.00035271794
316,93,0.00045981538
317,93,0.0007359525
318,93,0.0007027192
319,93,0.0006807968
320,93,0.00068966113
321,93,0.0004897453
322,93,0.000450016
323,93,0.00067999214
324,93,0.0005346816
325,93,0.0008110143
326,93,0.00052982755
327,93,0.0006560553
328,93,0.0009078635
329,93,0.0007893145
330,93,0.00032834895
331,93,0.00032703858
332,93,0.00011141971
333,93,0.0007433919
334,93,0.00049900915
335,93,0.000618672
336,93,0.00072011445
337,93,0.0006098449
338,93,0.0007625995
339,93,0.00060807634
340,93,0.0005255323
341,93,0.00018099416
342,93,0.0005291365
343,93,0.0005939342
344,93,0.000571548
345,93,-7.3689036e-05
346,93,0.00094893016
347,93,0.00030238554
348,93,0.00037450437
349,93,0.00014133938
350,93,0.00086783525
351,93,0.00055102445
352,93,0.0004457906
353,93,5.0999224e-05
354,93,0.00058992766
355,93,0.00095905084
356,93,0.00015527382
357,93,0.0004434297
358,93,0.0004818784
359,93,0.000659002
360,93,0.0008558845
361,93,0.0004039267
362,93,-0.00020617992
363,93,0.0006496031
364,93,-1.0486692e-05
365,93,0.00035640132
366,93,0.0005252939
367,93,0.000106475316
368,93,0.0006636642
369,93,0.0011129975
370,93,0.0004542563
371,93,0.00035814475
372,93,0.0006618006
373,93,0.0007454455
374,93,0.00057555176
375,93,0.0004288396
376,93,0.00054553524
377,93,0.0006124573
378,93,0.00028661452
379,93,0.0009379303
380,93,0.0007557934
381,93,0.0007173745
382,93,0.00071831234
383,93,0.000577406
384,93,0.0003654221
385,93,0.0007359162
386,93,0.0012513874
387,93,0.0005664695
388,93,0.00045239832
389,93,0.00074015185
390,93,0.0007048929
391,93,0.0006650444
392,93,0.0007717153
393,93,9.6242875e-05
394,93,-0.00010483898
395,93,0.0008433126
396,93,0.0005270075
397,93,0.0003411593
398,93,0.00065061916
399,93,0.00079653785
400,93,0.00015011244
401,93,0.00084571354
402,93,0.0002888795
403,93,0.0006706007
404,93,0.00039710756
405,93,-0.0002852399
406,93,0.00075129233
407,93,0.0008384334
408,93,0.0007890295
409,93,0.0011588074
410,93,0.00013536587
411,93,0.00081754196
412,93,0.0008258121
413,93,0.00074382965
414,93,
415,93,0.000981058
416,93,0.00071468577
417,93,0.0011608731
418,93,0.0007971749
419,93,0.00080874376
420,93,0.0007242346
421,93,0.0005421685
422,93,0.0005392637
423,93,0.0010833368
424,93,0.0011990657
425,93,0.00081610586
426,93,0.0010186946
427,93,0.0005907882
428,93,0.0008547362
429,93,0.0010810969
430,93,0.00077100284
431,93,0.00052546524
432,93,0.0010022614
433,93,0.000871758
434,93,0.00069946423
435,93,0.00043997914
436,93,0.00077191275
437,93,0.00050816033
438,93,0.00048995856
439,93,0.00041798223
440,93,0.0007073162
441,93,0.00042872876
442,93,0.0008657677
443,93,0.0008457918
444,93,0.0004666606
445,93,0.00077080075
446,93,0.0008177487
447,93,0.0008152127
448,93,0.0008194279
449,93,0.00085622445
450,93,0.00075782184
451,93,2.099108e-05
452,93,0.00028095394
453,93,0.000726847
454,93,0.0008468013
455,93,0.0013334053
456,93,0.0005094595
457,93,0.00045243558
458,93,0.00030186865
459,93,0.00048778113
460,93,0.00035420526
461,93,0.00022970699
462,93,0.000815575
463,93,0.00025373418
464,93,0.0005716579
465,93,0.0013187937
466,93,0.00023566093
467,93,0.0014858283
468,93,0.0006157458
469,93,0.00025353208
470,93,0.00014020316
471,93,0.0012795608
472,93,0.0011648266
473,93,0.0006226916
474,93,0.0009635333
475,93,0.0005345475
476,93,0.00096002687
477,93,0.00040907972
478,93,0.00053318776
479,93,0.0008401945
480,93,0.0002157772
481,93,0.00029810518
482,93,0.00041505136
483,93,0.00045648776
484,93,0.00016145222
485,93,0.00067007076
486,93,0.00056030136
487,93,0.0003047688
488,93,0.0005497616
489,93,0.00012902915
490,93,0.00063981675
491,93,-2.5058165e-05
492,93,4.1662715e-05
493,93,0.0003369581
494,93,0.00013108086
0,94,0.00053641945
1,94,0.0003013378
2,94,0.0003686864
3,94,0.0007680822
4,94,0.00048800744
5,94,0.00034881756
6,94,0.0007263152
7,94,0.0005850233
8,94,0.00032899436
9,94,0.0008496875
10,94,0.0005074842
11,94,
12,94,
13,94,
14,94,
15,94,
16,94,
17,94,
18,94,
19,94,
20,94,
21,94,
22,94,0.00049411133
23,94,
24,94,
25,94,0.0011891508
26,94,0.0007502837
27,94,0.00035798177
28,94,0.00060814805
29,94,0.0008893786
30,94,0.00071310066
31,94,0.00049090385
32,94,0.0006435048
33,94,0.00041625835
34,94,0.0003575189
35,94,0.0005509984
36,94,0.00042002648
37,94,0.00029004458
38,94,0.00052639283
39,94,0.00017068163
40,94,0.0004422227
41,94,0.00082162395
42,94,0.0006831009
43,94,0.0009280965
44,94,0.0005912427
45,94,0.00081645884
46,94,-5.7696365e-05
47,94,0.00064959005
48,94,0.0008904217
49,94,0.00045232847
50,94,0.00056880247
51,94,0.00034565944
52,94,0.0004910566
53,94,0.00033190288
54,94,0.000618591
55,94,0.00021302793
56,94,0.0004975265
57,94,0.000118818134
58,94,0.00028856192
59,94,0.0001560729
60,94,0.00077518914
61,94,-9.994488e-05
62,94,0.0007699169
63,94,0.00072312355
64,94,0.00013240892
65,94,0.00038991775
66,94,0.00033957325
67,94,0.00078709517
68,94,0.00023086928
69,94,0.0016842093
70,94,0.0001774095
71,94,-0.00022577122
72,94,0.0008349344
73,94,0.00053211395
74,94,0.0008130707
75,94,0.0010123039
76,94,0.00031490996
77,94,0.00041826162
78,94,0.00042553712
79,94,0.0007701125
80,94,0.00020716805
81,94,0.00034697633
82,94,0.0003463542
83,94,0.00075974315
84,94,0.00067730434
85,94,0.00081203505
86,94,0.0006228788
87,94,0.00047926046
88,94,0.0009985007
89,94,0.00095334277
90,94,0.00071089715
91,94,0.00013489556
92,94,0.00073097926
93,94,0.00067005306
94,94,0.0009153886
95,94,0.0007555289
96,94,0.0006787861
97,94,0.0007192232
98,94,0.0008921325
99,94,0.0005005384
100,94,0.0004834393
101,94,0.0010657161
102,94,0.00035148673
103,94,0.00028494
104,94,0.0006745998
105,94,
106,94,
107,94,0.00025482476
108,94,
109,94,
110,94,
111,94,
112,94,
113,94,
114,94,
115,94,
116,94,
117,94,
118,94,
119,94,
120,94,
121,94,
122,94,
123,94,
124,94,
125,94,
126,94,
127,94,
128,94,
129,94,
130,94,
131,94,
132,94,0.00040133018
133,94,0.0004840577
134,94,6.0985796e-05
135,94,-0.00012298115
136,94,-0.00028709974
137,94,0.0005896585
138,94,0.00087335706
139,94,0.0001522284
140,94,0.000516179
141,94,0.000308007
142,94,0.00064039975
143,94,0.00038072933
144,94,0.000242115
145,94,0.00018202141
146,94,0.00046097953
147,94,0.00050208624
148,94,0.0006942935
149,94,0.00051637273
150,94,-4.912261e-05
151,94,0.00044361036
152,94,0.0002989294
153,94,0.00079874694
154,94,0.0002301829
155,94,0.00017431192
156,94,0.00056314
157,94,0.00044715218
158,94,-2.5538728e-05
159,94,-2.1340325e-05
160,94,0.00043659005
161,94,-0.00011145044
162,94,0.0010823356
163,94,0.0004215371
164,94,0.0007944014
165,94,0.00013976637
166,94,0.00034268014
167,94,0.00034535024
168,94,0.00046345126
169,94,0.00043213926
170,94,7.562619e-05
171,94,0.00051536225
172,94,0.0005797986
173,94,0.00024993718
174,94,0.00016882177
175,94,0.00070875045
176,94,0.0007712832
177,94,-5.6612305e-05
178,94,0.0013698405
179,94,0.0006183265
180,94,0.0007107742
181,94,0.0008267015
182,94,0.0006326046
183,94,9.51197e-05
184,94,0.00064712204
185,94,0.0006892951
186,94,0.0009389911
187,94,0.001030298
188,94,0.00081167
189,94,0.0006739134
190,94,0.0005863253
191,94,0.0008370271
192,94,0.00072257966
193,94,0.0008657044
194,94,0.0002974812
195,94,0.00048215874
196,94,0.0006686775
197,94,0.00039607473
198,94,0.00045985263
199,94,0.00074567087
200,94,0.0009110281
201,94,0.0007069921
202,94,0.0007676231
203,94,0.0007801261
204,94,-8.310191e-05
205,94,0.00031686574
206,94,0.00048950315
207,94,0.00015043933
208,94,0.0005743522
209,94,0.00010412
210,94,0.0007730536
211,94,0.0003618691
212,94,0.0008273013
213,94,0.0005774554
214,94,0.00028010923
215,94,-0.0002918793
216,94,0.000549227
217,94,0.00023835897
218,94,0.0005088607
219,94,0.00015980005
220,94,0.00041335728
221,94,0.0005156584
222,94,0.00046848692
223,94,0.00067969784
224,94,0.00024206564
225,94,0.0005010683
226,94,0.00033818092
227,94,0.0003172271
228,94,0.00044255704
229,94,-5.951058e-05
230,94,0.0008521527
231,94,0.0002494147
232,94,0.0011144141
233,94,0.00053340197
234,94,0.00035047065
235,94,0.00089740753
236,94,0.0008262638
237,94,0.00097616203
238,94,3.488455e-05
239,94,0.0005298415
240,94,0.00025658123
241,94,0.00017954409
242,94,0.00025258027
243,94,0.00017430354
244,94,0.0004234463
245,94,0.0009916471
246,94,0.0005621379
247,94,0.0005389182
248,94,0.00046461448
249,94,0.0006806189
250,94,0.00020356383
251,94,0.0007668296
252,94,-0.00019761734
253,94,0.0005241381
254,94,0.00040294696
255,94,0.00058734417
256,94,
257,94,
258,94,0.000637142
259,94,-0.00039431453
260,94,0.0006779283
261,94,0.0005763788
262,94,0.00063643884
263,94,0.0004903106
264,94,7.8624114e-05
265,94,0.0011123922
266,94,0.0009168014
267,94,0.00043702312
268,94,0.0005132463
269,94,0.00046946108
270,94,0.00036638882
271,94,0.00025764853
272,94,0.00081207044
273,94,0.0005927449
274,94,0.00011766609
275,94,0.00012426358
276,94,
277,94,0.00026490726
278,94,
279,94,0.0008959649
280,94,
281,94,
282,94,
283,94,
284,94,
285,94,-0.00010749977
286,94,0.0008783573
287,94,0.00043834187
288,94,0.00015436672
289,94,0.00024783146
290,94,0.00025647506
291,94,0.00080277864
292,94,0.00050619803
293,94,0.00037518702
294,94,0.0013644733
295,94,0.00076469965
296,94,0.0005474165
297,94,0.0003364496
298,94,0.00072893593
299,94,0.0009101145
300,94,0.0005435897
301,94,0.0007025916
302,94,0.00036844984
303,94,0.0004134206
304,94,0.0006547272
305,94,0.0006433856
306,94,-0.0001381468
307,94,0.00025608577
308,94,0.0007271962
309,94,0.00051371567
310,94,0.00061171316
311,94,0.00020497758
312,94,0.0009142542
313,94,0.0004956955
314,94,0.0005621454
315,94,0.00020751171
316,94,0.0013409862
317,94,0.00022506341
318,94,0.0007147398
319,94,0.00031664036
320,94,0.0006636428
321,94,0.0005897973
322,94,0.00033806916
323,94,0.0007939134
324,94,0.0006773574
325,94,0.0006150119
326,94,0.0008616494
327,94,0.0010064235
328,94,0.0007500751
329,94,0.0004058592
330,94,0.00037822686
331,94,0.0007780716
332,94,0.00048095174
333,94,0.00082318485
334,94,0.0005218424
335,94,0.0006048456
336,94,0.00061700307
337,94,0.00016166456
338,94,0.0006211037
339,94,0.000415612
340,94,0.00075651426
341,94,0.00044839922
342,94,0.0006809896
343,94,0.00029446464
344,94,0.00060154684
345,94,0.0011098767
346,94,0.00063330494
347,94,0.00060657226
348,94,0.00066613406
349,94,0.00037625525
350,94,0.0004372578
351,94,0.0005587507
352,94,-3.601145e-05
353,94,0.0012870384
354,94,0.0004540393
355,94,8.990802e-05
356,94,0.00040362775
357,94,0.0006660633
358,94,0.0007539289
359,94,4.4351444e-05
360,94,0.0004313551
361,94,0.0007179687
362,94,0.00069726724
363,94,0.0008537797
364,94,0.0002723448
365,94,0.00031874795
366,94,0.00035103317
367,94,0.00016421173
368,94,0.0012225416
369,94,0.00015449151
370,94,0.00066343974
371,94,0.00033971667
372,94,0.0010469258
373,94,0.00041043572
374,94,0.00045263488
375,94,0.00034081936
376,94,0.000598371
377,94,0.00036454573
378,94,0.0008327784
379,94,0.0008470183
380,94,0.0008088723
381,94,0.00023010839
382,94,0.00040336885
383,94,0.0006883703
384,94,0.0005723825
385,94,0.0004036557
386,94,0.00043001678
387,94,0.00040583033
388,94,0.00048780348
389,94,0.0010011382
390,94,0.0005212836
391,94,0.0004904289
392,94,0.00031789578
393,94,3.758911e-05
394,94,5.849637e-06
395,94,0.00023064204
396,94,0.0010249689
397,94,0.0005606618
398,94,0.00027490687
399,94,0.0006485777
400,94,0.00080203265
401,94,0.0008292673
402,94,0.00064964127
403,94,0.00023628771
404,94,0.00035997387
405,94,0.00089999195
406,94,0.0007992098
407,94,0.00027203932
408,94,0.00050420687
409,94,0.0005866997
410,94,0.0005815076
411,94,0.00019171182
412,94,0.0007804837
413,94,0.00036008004
414,94,0.00040395744
415,94,0.0010364363
416,94,0.0007921122
417,94,0.00081614964
418,94,0.0010153903
419,94,0.0009010695
420,94,0.001222048
421,94,0.0013105506
422,94,0.0005329028
423,94,0.00069588143
424,94,0.0012373291
425,94,0.0009466503
426,94,0.00033175945
427,94,0.00044814125
428,94,0.00061799027
429,94,0.00055914
430,94,0.0008622259
431,94,0.0004346175
432,94,0.0011064848
433,94,0.0005615866
434,94,0.00038852915
435,94,0.0008108346
436,94,0.0005382756
437,94,0.000560916
438,94,0.00065017026
439,94,0.00066138804
440,94,0.0005284818
441,94,0.00032251887
442,94,0.00044658966
443,94,0.00024611875
444,94,0.0001473669
445,94,0.00035895035
446,94,0.00049059186
447,94,0.00040753372
448,94,0.0007072063
449,94,0.00042019412
450,94,0.0006661825
451,94,0.0006295331
452,94,0.0004055258
453,94,0.0008556638
454,94,0.0006643394
455,94,0.00035137963
456,94,0.0010676254
457,94,0.00066276826
458,94,0.00058372505
459,94,0.00027298648
460,94,0.00021292083
461,94,0.00067142304
462,94,0.00053680874
463,94,0.000585367
464,94,0.0006516492
465,94,0.0006435877
466,94,0.0007384978
467,94,0.0007669395
468,94,0.00019828789
469,94,0.0006273044
470,94,0.00039714854
471,94,0.00023854338
472,94,0.0010099746
473,94,0.00046047568
474,94,0.0005383417
475,94,0.00047236774
476,94,0.00027951784
477,94,0.00059972424
478,94,0.0007594526
479,94,0.00074913446
480,94,0.0008448353
481,94,0.00061697885
482,94,0.0002876157
483,94,0.00044248067
484,94,0.0009778859
485,94,0.000193079
486,94,0.00056434516
487,94,0.0010547535
488,94,0.00028451066
489,94,0.00021651108
490,94,0.00012948178
491,94,0.00034253672
492,94,0.00046322588
493,94,8.8877045e-05
494,94,0.00073171686
0,95,0.00021396391
1,95,0.00064747315
2,95,0.0005048271
3,95,0.00034252647
4,95,0.00031381194
5,95,0.00071278866
6,95,0.00059097447
7,95,0.0005820058
8,95,0.0007011993
9,95,0.00050528906
10,95,
11,95,
12,95,
13,95,
14,95,
15,95,
16,95,
17,95,
18,95,
19,95,
20,95,
21,95,
22,95,
23,95,
24,95,
25,95,-0.00014962722
26,95,-0.00014349539
27,95,0.000835862
28,95,0.00020284113
29,95,0.0005451003
30,95,0.0007394543
31,95,0.00014827121
32,95,0.00069865026
33,95,0.0007134937
34,95,0.000536765
35,95,0.0008365102
36,95,0.00087222084
37,95,0.00060659833
38,95,0.00033790246
39,95,0.0005225558
40,95,0.0010615978
41,95,0.00064214785
42,95,0.0007219557
43,95,0.00030109286
44,95,0.00034182053
45,95,0.0011978112
46,95,0.00032887422
47,95,0.00029070862
48,95,0.000656154
49,95,0.0010434082
50,95,0.0005738735
51,95,2.1683984e-05
52,95,0.000549227
53,95,0.00077122916
54,95,5.5691227e-05
55,95,0.00064825267
56,95,0.00043326616
57,95,0.000908236
58,95,0.00038746186
59,95,0.0004532095
60,95,0.0011024484
61,95,0.0005677175
62,95,0.00038784463
63,95,0.00073303375
64,95,-0.00012521446
65,95,0.00037788693
66,95,0.0007944871
67,95,2.5453046e-05
68,95,0.00032069348
69,95,0.00031126663
70,95,0.00068452675
71,95,0.00015873648
72,95,0.00041612424
73,95,0.0008542603
74,95,0.000815507
75,95,0.00054204836
76,95,0.000598683
77,95,-0.00012133457
78,95,0.0007907655
79,95,0.0009740805
80,95,0.00013140123
81,95,0.00021551922
82,95,0.00065160077
83,95,0.0013162168
84,95,0.0005971128
85,95,0.00028530043
86,95,0.0012053344
87,95,0.00073242374
88,95,0.00087577384
89,95,0.0005546333
90,95,0.0006518867
91,95,0.00078250654
92,95,0.0012998441
93,95,0.0007220935
94,95,0.0004332997
95,95,0.0007990906
96,95,0.0011851136
97,95,0.00074567646
98,95,0.0007009171
99,95,0.0004376471
100,95,0.00070685614
101,95,0.00052363146
102,95,0.0009616921
103,95,0.00072360877
104,95,9.435415e-05
105,95,
106,95,
107,95,
108,95,
109,95,0.00043732114
110,95,
111,95,
112,95,
113,95,
114,95,
115,95,
116,95,
117,95,
118,95,
119,95,
120,95,
121,95,
122,95,
123,95,
124,95,
125,95,
126,95,-0.00017060898
127,95,
128,95,
129,95,
130,95,
131,95,
132,95,0.0008896049
133,95,0.00075274426
134,95,0.0007388536
135,95,0.00035910122
136,95,0.0009509288
137,95,0.00026932172
138,95,0.00042873062
139,95,0.0004871348
140,95,0.00011445116
141,95,0.00054505095
142,95,0.0002452219
143,95,0.00069287606
144,95,0.00039947033
145,95,0.00037586596
146,95,0.0003810022
147,95,0.00026829448
148,95,0.0008127373
149,95,0.00019837078
150,95,0.0002470538
151,95,0.0003607031
152,95,0.00022667833
153,95,0.00065572
154,95,0.0010203309
155,95,0.0005739229
156,95,5.3648837e-05
157,95,8.337386e-05
158,95,0.0007351432
159,95,-0.000112748705
160,95,0.0009289719
161,95,0.0010845512
162,95,0.0002505351
163,95,0.00021532271
164,95,-0.0002667103
165,95,0.0005266145
166,95,0.0005415045
167,95,0.00051515177
168,95,-7.401779e-05
169,95,-0.00010950398
170,95,0.00015056692
171,95,0.00017504767
172,95,-0.00017656758
173,95,0.00021160394
174,95,0.00043499563
175,95,-9.0426765e-05
176,95,0.0008520456
177,95,0.0003159698
178,95,0.00022580661
179,95,0.0007161088
180,95,0.00017924141
181,95,0.00045009516
182,95,0.00056232605
183,95,0.00035589281
184,95,0.0010521114
185,95,0.0006727753
186,95,0.0008381307
187,95,0.00062334444
188,95,0.00045339018
189,95,0.00074645784
190,95,0.00027130637
191,95,0.00048565678
192,95,0.00084829144
193,95,0.00049869064
194,95,0.00040184148
195,95,0.00026905257
196,95,0.00072948076
197,95,0.0007832432
198,95,0.00058615487
199,95,0.0008027423
200,95,0.00058550853
201,95,0.00018705241
202,95,0.00044967793
203,95,0.00029744208
204,95,0.0004047351
205,95,0.00015188195
206,95,9.8377466e-05
207,95,0.00018586777
208,95,6.506592e-05
209,95,0.0008507874
210,95,-8.6919405e-05
211,95,-5.579088e-05
212,95,0.0002785623
213,95,0.0004950687
214,95,8.338876e-05
215,95,0.00076973997
216,95,0.00053363387
217,95,0.0012463387
218,95,0.00088033825
219,95,0.0007803887
220,95,0.0003391849
221,95,0.00026606023
222,95,0.00052968506
223,95,0.00028785877
224,95,0.0003195582
225,95,0.00047461875
226,95,0.0004889006
227,95,0.00064263586
228,95,0.00045039877
229,95,0.0004922636
230,95,3.5373494e-05
231,95,0.00040278956
232,95,0.00057448633
233,95,0.00039902236
234,95,0.0007371502
235,95,0.00019355305
236,95,0.00040518586
237,95,0.0010104775
238,95,0.00058146566
239,95,0.0007865261
240,95,0.00026273262
241,95,0.0005714148
242,95,0.0008109817
243,95,2.9853545e-05
244,95,0.00066396315
245,95,0.00029406976
246,95,0.00029038638
247,95,0.00012510363
248,95,0.00040588062
249,95,0.00013429578
250,95,0.00059014466
251,95,0.0010174531
252,95,0.0008037267
253,95,6.324705e-05
254,95,0.0006539514
255,95,0.00067116134
256,95,0.0008394802
257,95,
258,95,0.0009849072
259,95,0.00065558683
260,95,
261,95,0.00083340425
262,95,0.0004930878
263,95,0.0005150074
264,95,0.0006921729
265,95,0.0007090783
266,95,0.00077815447
267,95,0.0011663083
268,95,0.00029373355
269,95,0.0008060951
270,95,0.0002050763
271,95,0.000113494694
272,95,0.0002684621
273,95,0.000120008364
274,95,-0.000114199705
275,95,
276,95,0.001079292
277,95,
278,95,
279,95,
280,95,
281,95,
282,95,
283,95,
284,95,
285,95,
286,95,
287,95,0.0003847191
288,95,0.000913376
289,95,0.0006927904
290,95,0.0005217092
291,95,0.0003574835
292,95,0.00062078424
293,95,0.00036560744
294,95,0.0005764216
295,95,0.00060724
296,95,0.0010714428
297,95,0.0007171212
298,95,0.0006491812
299,95,0.00035670586
300,95,0.0014315126
301,95,0.00061628316
302,95,0.0005322518
303,95,0.00082556345
304,95,0.0005128002
305,95,0.0006248355
306,95,-7.664412e-05
307,95,0.00057671685
308,95,0.00079611037
309,95,0.000114142895
310,95,0.00068213977
311,95,0.00048682094
312,95,0.00070874486
313,95,0.0001205923
314,95,0.0006652279
315,95,0.0003745053
316,95,0.00070440583
317,95,0.0008257702
318,95,0.00027450547
319,95,0.0006751884
320,95,0.0008105058
321,95,0.00071810186
322,95,0.0006428957
323,95,0.00077792257
324,95,0.00096753053
325,95,0.00049079955
326,95,0.0001754649
327,95,0.0001499597
328,95,0.0005945023
329,95,0.00092287175
330,95,0.00049366336
331,95,0.0005414812
332,95,0.00039938744
333,95,0.0004479792
334,95,0.00035847537
335,95,0.00041912124
336,95,0.0006478708
337,95,0.0007322589
338,95,0.00034524314
339,95,0.0008325055
340,95,0.00034097675
341,95,0.00030151568
342,95,0.00048337132
343,95,0.00039616507
344,95,0.00018776953
345,95,0.00079092756
346,95,0.0003407197
347,95,0.00084130466
348,95,0.0005046278
349,95,-0.00016802642
350,95,0.00073503144
351,95,0.0005718684
352,95,0.0002465155
353,95,0.0009520035
354,95,0.00014402252
355,95,0.00090384576
356,95,0.00040517002
357,95,2.1573156e-05
358,95,0.00033464842
359,95,0.0009740554
360,95,0.0006587459
361,95,0.0007180823
362,95,0.00035591237
363,95,0.00030103233
364,95,0.0005009249
365,95,0.00039739162
366,95,0.0006789509
367,95,0.00044652913
368,95,0.00093749724
369,95,0.0001873551
370,95,0.00034877378
371,95,0.00035512634
372,95,0.0001223255
373,95,0.0004017735
374,95,0.00039652828
375,95,0.00029719435
376,95,7.69468e-05
377,95,0.0004333742
378,95,0.00031227712
379,95,0.0006069336
380,95,0.00062472094
381,95,0.0005762577
382,95,0.00038610585
383,95,0.00036071613
384,95,0.00039988197
385,95,0.0007783063
386,95,0.0005806312
387,95,0.00043681636
388,95,0.0004099058
389,95,0.00051837973
390,95,0.00096403714
391,95,0.00057834573
392,95,0.00031730533
393,95,0.0006386461
394,95,0.0005443357
395,95,0.000743242
396,95,0.00023580436
397,95,-0.0004283134
398,95,0.0004244307
399,95,0.0008007372
400,95,0.00083508994
401,95,0.0004132865
402,95,0.00089678075
403,95,0.00079685077
404,95,0.0012162412
405,95,0.00049445126
406,95,0.00031653885
407,95,0.0004138006
408,95,0.000565405
409,95,0.000683954
410,95,0.0006413739
411,95,0.0006411327
412,95,0.0004770737
413,95,0.00084374286
414,95,0.000988883
415,95,0.0010630777
416,95,0.000837544
417,95,0.00074650533
418,95,0.0013565402
419,95,0.0009477306
420,95,0.0009192657
421,95,0.0008417154
422,95,0.0013021939
423,95,0.000720731
424,95,0.0011687558
425,95,0.0005892357
426,95,0.00044114236
427,95,0.00082096923
428,95,0.0003812369
429,95,0.0012561828
430,95,0.00041659735
431,95,0.00079704635
432,95,0.00067859143
433,95,0.0009093676
434,95,0.00078711286
435,95,0.00038290303
436,95,0.00034064054
437,95,0.00062161405
438,95,0.0006104335
439,95,0.00073288847
440,95,0.00047544762
441,95,4.062429e-05
442,95,0.00052438583
443,95,0.00066302624
444,95,0.0006774748
445,95,0.0002210522
446,95,0.0007145917
447,95,-1.8065795e-05
448,95,0.00088573154
449,95,0.00085647404
450,95,0.00087362714
451,95,0.00051802397
452,95,0.00036791433
453,95,0.0007514525
454,95,0.000544833
455,95,0.0005453713
456,95,0.0005049957
457,95,0.0005842997
458,95,0.0005965084
459,95,0.00093299244
460,95,0.0007364871
461,95,0.0005017081
462,95,0.0012053493
463,95,0.00058378
464,95,0.00046150666
465,95,0.0005483115
466,95,0.0011845976
467,95,0.0007365495
468,95,0.0008968357
469,95,0.000562557
470,95,0.00030836836
471,95,0.0008175438
472,95,0.00054497644
473,95,0.0005339775
474,95,0.00015141815
475,95,0.00070413295
476,95,0.0003806334
477,95,0.0009489786
478,95,0.000601626
479,95,0.0009857779
480,95,3.974978e-05
481,95,0.0004022224
482,95,0.0010211114
483,95,0.00041880272
484,95,0.0004651239
485,95,0.00013445783
486,95,-9.06717e-05
487,95,0.00035189372
488,95,0.00019568205
489,95,0.0003803512
490,95,4.9233437e-05
491,95,0.00067849923
492,95,0.0007109577
493,95,0.00017750356
494,95,0.0008767657
0,96,0.000580037
1,96,0.0004961118
2,96,0.0011348752
3,96,0.00085728616
4,96,0.0008264072
5,96,0.00071145315
6,96,0.0002877917
7,96,0.00032903627
8,96,0.00034355093
9,96,0.0004141191
10,96,0.0010276437
11,96,
12,96,
13,96,
14,96,
15,96,
16,96,
17,96,
18,96,
19,96,
20,96,
21,96,
22,96,
23,96,
24,96,
25,96,0.00036521256
26,96,0.0002760347
27,96,0.0009498587
28,96,0.00042724423
29,96,0.00047681574
30,96,0.00046129804
31,96,0.0004230691
32,96,0.00074173324
33,96,0.00076057203
34,96,0.00064309314
35,96,0.00069872756
36,96,0.00020615291
37,96,0.00081859995
38,96,0.00035975873
39,96,0.0005248552
40,96,0.00038533285
41,96,0.00075791404
42,96,0.0005718926
43,96,0.00023301691
44,96,0.0010779006
45,96,0.0011795424
46,96,0.0009342721
47,96,0.0011134846
48,96,0.0010561775
49,96,0.0004964331
50,96,0.00010229647
51,96,0.0006110221
52,96,0.0005087396
53,96,0.0006622784
54,96,0.00010490883
55,96,0.00060506817
56,96,0.00039069913
57,96,0.00046467036
58,96,0.0002349997
59,96,0.00066710636
60,96,0.0005683834
61,96,0.00023458526
62,96,0.0007138746
63,96,0.0004449729
64,96,4.4403598e-05
65,96,0.0006686179
66,96,0.00066755153
67,96,0.00056145154
68,96,0.00011323951
69,96,0.0003517829
70,96,0.00017643534
71,96,0.00069115683
72,96,0.00030711666
73,96,-4.861504e-06
74,96,0.000220377
75,96,0.00044284482
76,96,0.00037464034
77,96,0.00039986987
78,96,0.0007452704
79,96,0.0008122623
80,96,5.625002e-05
81,96,0.00063929055
82,96,0.0003155172
83,96,0.0007967632
84,96,0.00057797506
85,96,0.0004689088
86,96,0.00051475875
87,96,0.0006893594
88,96,0.00079246797
89,96,0.00069769286
90,96,0.00060906354
91,96,0.00090591423
92,96,0.00065882225
93,96,0.00068263523
94,96,0.0006160131
95,96,0.00060072355
96,96,0.00066165626
97,96,0.0003386028
98,96,0.00068013463
99,96,0.0005623009
100,96,0.00055437535
101,96,0.0010553077
102,96,0.00048471615
103,96,-2.0812266e-05
104,96,0.00021389872
105,96,
106,96,
107,96,
108,96,
109,96,
110,96,
111,96,
112,96,
113,96,
114,96,
115,96,
116,96,
117,96,
118,96,
119,96,
120,96,
121,96,
122,96,
123,96,
124,96,
125,96,
126,96,
127,96,
128,96,
129,96,
130,96,
131,96,0.00022450276
132,96,
133,96,0.0004409887
134,96,0.00021983124
135,96,-4.5578927e-06
136,96,0.0003776066
137,96,0.0004091831
138,96,0.0005720239
139,96,0.0002952693
140,96,0.00011517387
141,96,0.0006003734
142,96,0.0007060878
143,96,0.0008624811
144,96,0.0003972426
145,96,0.0005886657
146,96,0.0008039614
147,96,0.00024063047
148,96,0.00015163142
149,96,0.00028847437
150,96,0.00052796863
151,96,0.00051541906
152,96,0.0011528833
153,96,0.00065005757
154,96,0.00029194728
155,96,0.00026397128
156,96,0.0007278109
157,96,7.3364936e-05
158,96,0.00067138486
159,96,0.00047519803
160,96,0.00018862542
161,96,0.0003607385
162,96,0.0002661748
163,96,0.0007747831
164,96,0.000336173
165,96,0.0003077546
166,96,0.00070991553
167,96,0.00022169575
168,96,0.0005308492
169,96,0.00059400965
170,96,0.00063999183
171,96,0.00052622985
172,96,0.0003229417
173,96,0.00041809492
174,96,-3.996305e-05
175,96,0.0006952137
176,96,0.0007936256
177,96,0.00063227024
178,96,-0.00028699078
179,96,0.0009529153
180,96,0.00030638743
181,96,0.00012695324
182,96,0.000117129646
183,96,0.00064000115
184,96,0.0005053524
185,96,0.00048602093
186,96,0.00046443287
187,96,0.0009449534
188,96,0.0007447433
189,96,0.00073516555
190,96,0.0009879526
191,96,0.00030853134
192,96,0.0006616246
193,96,0.0006024856
194,96,0.00079235435
195,96,0.00057742
196,96,0.0009964546
197,96,0.0005050758
198,96,0.0007464364
199,96,0.00054673385
200,96,0.0006393995
201,96,0.00021577254
202,96,0.00045667216
203,96,0.00057931524
204,96,0.00017698482
205,96,0.0003133407
206,96,0.0003421493
207,96,-5.5392273e-05
208,96,0.00013742317
209,96,0.00039562397
210,96,0.00021596346
211,96,0.0014054216
212,96,0.00020726025
213,96,-0.00017893407
214,96,0.0005152123
215,96,6.508734e-05
216,96,-0.00022658054
217,96,0.00048267934
218,96,0.00036360044
219,96,0.00038174167
220,96,0.00065806694
221,96,0.00024722517
222,96,0.0005332008
223,96,0.000437784
224,96,0.00041221175
225,96,0.0004507238
226,96,0.00042193756
227,96,0.00043225195
228,96,0.0005878899
229,96,0.00088296924
230,96,0.00047689863
231,96,-0.00022081658
232,96,0.00085438695
233,96,0.00046221633
234,96,0.00061852206
235,96,0.00060238596
236,96,0.00055726897
237,96,0.0010084547
238,96,0.0005285293
239,96,0.0006744638
240,96,0.0008525606
241,96,0.0004960075
242,96,0.00089713745
243,96,0.0002523819
244,96,-0.00015788805
245,96,0.00017529912
246,96,0.00085946824
247,96,0.0002587363
248,96,0.0006612018
249,96,-3.5136938e-05
250,96,0.0007611485
251,96,0.0006332034
252,96,0.00083948113
253,96,8.730218e-06
254,96,0.0005267458
255,96,0.0006332826
256,96,0.0008802023
257,96,9.8171644e-05
258,96,0.0007020589
259,96,0.0009551067
260,96,
261,96,
262,96,
263,96,-7.6546334e-05
264,96,0.00029698666
265,96,0.00056654867
266,96,0.00033600815
267,96,0.00041412562
268,96,0.00068645924
269,96,0.0006280448
270,96,0.00046059396
271,96,0.00037419237
272,96,0.0005284101
273,96,0.00021144748
274,96,0.00016042404
275,96,0.00033382233
276,96,0.0005191136
277,96,
278,96,0.00033477694
279,96,
280,96,
281,96,
282,96,
283,96,
284,96,
285,96,
286,96,0.00041402038
287,96,0.00038060825
288,96,0.0001300564
289,96,0.0004183501
290,96,0.00038990658
291,96,0.0010252083
292,96,0.0008266829
293,96,0.00068284664
294,96,0.00053239614
295,96,0.00069619156
296,96,0.00060490984
297,96,0.00080581475
298,96,0.0007983092
299,96,0.0006326083
300,96,0.00035336614
301,96,0.0008382378
302,96,0.0007608896
303,96,0.00067404285
304,96,0.0007222602
305,96,0.0005401019
306,96,9.917468e-05
307,96,0.0009986218
308,96,0.0003062375
309,96,0.0010476978
310,96,0.00075738505
311,96,0.0006260164
312,96,0.00061131455
313,96,0.0003440641
314,96,0.0006846888
315,96,0.0007114243
316,96,0.00033302326
317,96,0.0007888088
318,96,0.00068955496
319,96,0.0005341936
320,96,0.0004408732
321,96,0.0007604733
322,96,0.0006236555
323,96,0.0006239535
324,96,0.00050138496
325,96,0.0012333738
326,96,0.0008817343
327,96,0.0002551498
328,96,0.00063520484
329,96,0.0003098827
330,96,0.00077454746
331,96,0.0007226588
332,96,0.0004013162
333,96,0.00086815935
334,96,0.00013758801
335,96,0.0006579645
336,96,0.00066939555
337,96,0.0001458209
338,96,0.00069336034
339,96,0.000520844
340,96,0.00041729305
341,96,0.0006702868
342,96,0.00044432096
343,96,0.00062773284
344,96,0.000206884
345,96,-0.00018775743
346,96,0.0013941973
347,96,0.0006159507
348,96,0.0007921476
349,96,0.0003720196
350,96,0.0005792137
351,96,0.0005413629
352,96,0.00023202226
353,96,0.00073330756
354,96,0.00065475795
355,96,0.00038615987
356,96,0.00052289665
357,96,-3.2126904e-05
358,96,0.00022966042
359,96,0.00075545534
360,96,0.00081292726
361,96,0.0005980218
362,96,0.000515135
363,96,0.0004969854
364,96,0.00037097186
365,96,0.00035362225
366,96,0.00026075915
367,96,0.0006783167
368,96,0.00046596583
369,96,0.0011011027
370,96,0.0009274129
371,96,0.0006716531
372,96,0.00033993647
373,96,0.0006878488
374,96,0.00037087034
375,96,0.00026358664
376,96,0.0004709838
377,96,0.0008010296
378,96,0.00041742064
379,96,0.00013726857
380,96,0.00032844394
381,96,0.00015239883
382,96,0.0005813455
383,96,-4.6980567e-05
384,96,0.0005087014
385,96,0.000494441
386,96,0.0006791381
387,96,0.0005018804
388,96,0.0007912237
389,96,0.0007419558
390,96,0.0006921701
391,96,0.00051222276
392,96,0.00025479123
393,96,0.0008254191
394,96,0.0006757397
395,96,0.00050891005
396,96,-9.807665e-05
397,96,0.0008047223
398,96,0.00054806843
399,96,0.00039535295
400,96,0.0006264392
401,96,0.0004204912
402,96,0.0005818922
403,96,0.00019955076
404,96,0.0007360624
405,96,0.00029373076
406,96,0.00039993227
407,96,0.00051905867
408,96,0.0001966022
409,96,8.707307e-05
410,96,0.00080260076
411,96,0.00088761374
412,96,0.0006145481
413,96,0.00026758108
414,96,0.0005331319
415,96,0.0007704301
416,96,0.0007743649
417,96,0.00066879205
418,96,0.0013680086
419,96,0.0010750433
420,96,0.0005155122
421,96,0.00061033666
422,96,0.0005418109
423,96,0.0014607832
424,96,0.00090476405
425,96,0.0006090971
426,96,0.0009775152
427,96,0.00046290737
428,96,0.0007606689
429,96,
430,96,0.0008735731
431,96,
432,96,0.0008375868
433,96,0.0007581683
434,96,0.00050096214
435,96,0.00050376914
436,96,0.0007032361
437,96,0.000545376
438,96,0.00047348626
439,96,0.0002966039
440,96,0.0006020563
441,96,4.6703033e-05
442,96,0.00037532113
443,96,0.00074210856
444,96,-8.5870735e-05
445,96,0.0008303495
446,96,0.00052600726
447,96,-4.3970533e-05
448,96,0.0005832659
449,96,0.001167655
450,96,0.00033306703
451,96,5.5750832e-05
452,96,0.00040218234
453,96,0.00072166044
454,96,0.00034368224
455,96,0.00017092098
456,96,0.00047427788
457,96,0.0006181076
458,96,0.00024494622
459,96,0.00076847523
460,96,0.0008215755
461,96,0.0007260768
462,96,0.00062448066
463,96,0.00020158663
464,96,0.000319954
465,96,9.911321e-05
466,96,0.00052422937
467,96,0.0008596312
468,96,0.0011954335
469,96,0.000784711
470,96,0.0010520965
471,96,0.0003436003
472,96,0.000942016
473,96,0.000627242
474,96,0.00084122457
475,96,0.00090137403
476,96,-2.0805746e-05
477,96,0.00051389076
478,96,0.00052943546
479,96,0.00065117236
480,96,0.00076839887
481,96,0.0006417809
482,96,0.00071240123
483,96,0.000993913
484,96,0.0006618863
485,96,0.0007472541
486,96,0.00042758603
487,96,0.00055643823
488,96,0.0006863149
489,96,0.0002444731
490,96,5.287025e-05
491,96,0.00029410794
492,96,0.00085540954
493,96,0.00054553803
494,96,0.00040202308
0,97,0.0005349964
1,97,0.0004371591
2,97,0.0011568014
3,97,0.00060935784
4,97,0.0005164277
5,97,0.0010457207
6,97,0.000228093
7,97,0.0006169919
8,97,0.00091610476
9,97,0.00053916406
10,97,0.0003247941
11,97,0.00075120665
12,97,
13,97,
14,97,
15,97,
16,97,
17,97,
18,97,
19,97,
20,97,
21,97,
22,97,
23,97,
24,97,
25,97,0.0007369537
26,97,0.00043052528
27,97,-1.370348e-05
28,97,6.8751164e-05
29,97,0.00074288435
30,97,0.0002019722
31,97,0.00083637144
32,97,0.0007543033
33,97,0.0008270275
34,97,0.0004605567
35,97,0.00038172863
36,97,0.00061882194
37,97,0.0003829347
38,97,0.0003591869
39,97,0.00092557166
40,97,0.00034677982
41,97,0.0008469755
42,97,0.0005878182
43,97,0.001024954
44,97,0.0007870244
45,97,0.0004447084
46,97,0.0009053331
47,97,0.00067261327
48,97,0.00057866424
49,97,0.00054086465
50,97,0.000669064
51,97,0.0009284299
52,97,0.00048242975
53,97,-0.00013082754
54,97,0.000467062
55,97,0.0005650092
56,97,0.00061092246
57,97,0.0007182965
58,97,0.00081307534
59,97,0.00071686134
60,97,0.00030650105
61,97,0.00033124164
62,97,0.00044699106
63,97,0.00059020054
64,97,0.0009179488
65,97,0.0009927861
66,97,0.0006098738
67,97,-9.4581395e-05
68,97,0.0004854733
69,97,0.000693609
70,97,0.00036659557
71,97,0.00031868927
72,97,0.00029615313
73,97,1.4884397e-05
74,97,0.00037230365
75,97,0.00033133756
76,97,0.00020656176
77,97,0.0010254448
78,97,0.00013778266
79,97,0.0006877566
80,97,0.000494658
81,97,0.00063921046
82,97,0.0005728947
83,97,0.000740082
84,97,0.0005739387
85,97,0.00076354016
86,97,0.00048958324
87,97,0.00086995773
88,97,0.00061477534
89,97,0.000612
90,97,0.00026418082
91,97,0.0005205227
92,97,0.0004613148
93,97,0.00059794355
94,97,0.000454057
95,97,0.0005681459
96,97,0.0008860715
97,97,0.0005213497
98,97,0.000812551
99,97,0.0009352397
100,97,0.0009657955
101,97,0.0007624617
102,97,0.0004614303
103,97,0.0008779401
104,97,0.00060556456
105,97,
106,97,
107,97,
108,97,
109,97,
110,97,
111,97,
112,97,
113,97,
114,97,
115,97,
116,97,
117,97,
118,97,
119,97,
120,97,
121,97,
122,97,
123,97,
124,97,
125,97,
126,97,
127,97,
128,97,
129,97,
130,97,
131,97,0.00018021464
132,97,0.0005828105
133,97,0.00017914269
134,97,0.0005066795
135,97,0.0007195398
136,97,0.00023775082
137,97,0.0005824622
138,97,0.00076893717
139,97,0.00029252935
140,97,-0.00010423176
141,97,0.0007438548
142,97,0.0006962996
143,97,4.8265792e-05
144,97,0.00053747464
145,97,0.0002944423
146,97,0.00032007135
147,97,-0.00013557076
148,97,0.00019296166
149,97,0.0006878786
150,97,0.00024295878
151,97,0.0006759176
152,97,-0.00020103343
153,97,0.00058735907
154,97,0.00026444253
155,97,0.0004910948
156,97,0.0007432308
157,97,0.00069851056
158,97,0.0003582826
159,97,0.00025558844
160,97,1.2058765e-05
161,97,9.180885e-05
162,97,0.00044943113
163,97,0.00036399066
164,97,0.00065844506
165,97,0.0008130055
166,97,9.846222e-05
167,97,0.00033986196
168,97,0.000595063
169,97,0.0005723173
170,97,0.000604053
171,97,0.00045947824
172,97,0.00034340937
173,97,0.0005616341
174,97,0.0007053511
175,97,0.00055976864
176,97,-8.871779e-06
177,97,0.0007315073
178,97,0.0004318459
179,97,0.00071422756
180,97,0.00029225368
181,97,0.00048742816
182,97,0.00079115015
183,97,0.00065623596
184,97,0.00062733795
185,97,0.00030529033
186,97,0.00046783686
187,97,0.00037249364
188,97,0.0005063517
189,97,0.00043888856
190,97,7.5463206e-05
191,97,0.0006452035
192,97,0.0005083028
193,97,0.00041956455
194,97,0.0005328059
195,97,0.00083987974
196,97,0.0003477009
197,97,0.00064605847
198,97,9.756256e-05
199,97,0.00077073835
200,97,0.00069345627
201,97,0.00029345788
202,97,0.0006094696
203,97,0.0005736165
204,97,0.00044069905
205,97,0.00027084444
206,97,3.1045638e-05
207,97,0.0007198481
208,97,0.00030346774
209,97,0.000469652
210,97,0.00054955855
211,97,0.00052686594
212,97,0.00025826227
213,97,0.001008058
214,97,0.0003195135
215,97,0.0001528589
216,97,0.0005588699
217,97,0.0001742784
218,97,0.0007661134
219,97,0.00047721714
220,97,0.00090938155
221,97,0.00045242254
222,97,0.0005925149
223,97,0.00071233604
224,97,0.0007520467
225,97,0.00029763207
226,97,0.00048716273
227,97,0.0004115207
228,97,2.0841137e-05
229,97,-6.3794665e-05
230,97,0.00054788496
231,97,0.00033626612
232,97,0.00092520844
233,97,0.0008937409
234,97,-9.050593e-05
235,97,0.00051464513
236,97,0.00034956448
237,97,0.0005262019
238,97,0.00028011762
239,97,0.00085922144
240,97,-8.386001e-05
241,97,0.00021485891
242,97,0.00031119958
243,97,0.0006941734
244,97,0.00049173273
245,97,0.00083952583
246,97,0.00013289694
247,97,0.00032414962
248,97,0.0005658027
249,97,0.001033308
250,97,0.0007323958
251,97,0.0007576868
252,97,0.00040676072
253,97,0.0007408699
254,97,0.0006047888
255,97,0.0006020414
256,97,0.00060272496
257,97,0.0006819451
258,97,0.0005456703
259,97,0.00094726216
260,97,4.64404e-05
261,97,0.0006169155
262,97,5.3047203e-05
263,97,0.00029505696
264,97,0.0010075187
265,97,5.1908195e-05
266,97,0.00035497546
267,97,0.00035200547
268,97,0.0009270357
269,97,0.00017557666
270,97,0.00074603315
271,97,0.0003361646
272,97,0.00030687544
273,97,-0.00015955325
274,97,0.00076679327
275,97,
276,97,
277,97,0.00067463797
278,97,
279,97,
280,97,
281,97,
282,97,
283,97,
284,97,
285,97,
286,97,
287,97,0.00072717294
288,97,0.00034901127
289,97,0.00056326576
290,97,0.00018138438
291,97,0.0005966956
292,97,0.0004454609
293,97,0.0007540416
294,97,-5.893223e-05
295,97,0.0005433308
296,97,0.0012034103
297,97,0.0006945506
298,97,0.00048572104
299,97,0.00051143207
300,97,0.00027395785
301,97,0.0009960877
302,97,0.0003796313
303,97,0.00083077606
304,97,0.0009306986
305,97,0.0005013123
306,97,0.0007613981
307,97,0.0006727874
308,97,0.00029052887
309,97,0.0003118515
310,97,0.0007314244
311,97,0.00024663005
312,97,0.0002852697
313,97,0.00018007215
314,97,0.0005178461
315,97,-9.135436e-05
316,97,0.0007279422
317,97,0.0009311568
318,97,-0.00020348188
319,97,0.0004979558
320,97,0.0006146552
321,97,0.00046859868
322,97,0.00058303773
323,97,0.00058794953
324,97,0.00059795845
325,97,0.0009975797
326,97,0.00031249505
327,97,0.0007457882
328,97,0.00061427895
329,97,0.000702193
330,97,0.00042340625
331,97,0.00044397917
332,97,0.00016152486
333,97,0.00039442163
334,97,0.0007170737
335,97,0.0004638629
336,97,0.0009651743
337,97,0.00077005103
338,97,0.00034802966
339,97,0.0005902508
340,97,0.0008077454
341,97,0.00053934194
342,97,0.0008976478
343,97,0.00086952094
344,97,0.00087777525
345,97,-0.00040820148
346,97,0.00070041604
347,97,0.000320076
348,97,0.0013788976
349,97,0.00032999087
350,97,0.0002253307
351,97,0.0007977793
352,97,0.00023228303
353,97,0.00068676565
354,97,0.00044034887
355,97,0.0001603961
356,97,0.00029783137
357,97,0.00043628085
358,97,-0.00012820307
359,97,0.00028519146
360,97,0.0003350163
361,97,0.00039674342
362,97,0.00065798964
363,97,0.00056862086
364,97,0.00042410754
365,97,0.0008267984
366,97,0.0005010115
367,97,0.00043819845
368,97,0.00023060106
369,97,0.00031981152
370,97,0.0006995201
371,97,0.0006507691
372,97,0.00083724223
373,97,-0.00022524595
374,97,0.0005066227
375,97,0.0007302072
376,97,4.721433e-05
377,97,0.00087982696
378,97,0.0003588479
379,97,0.00029696617
380,97,0.00026956573
381,97,0.0005391296
382,97,0.0007575955
383,97,0.0011846982
384,97,0.0008413736
385,97,0.00058330875
386,97,0.0005286727
387,97,0.0009718146
388,97,0.00087638106
389,97,0.00067477487
390,97,0.0005878275
391,97,0.00066137966
392,97,0.00043190364
393,97,0.000776818
394,97,0.00093004946
395,97,0.00028391927
396,97,7.5814314e-05
397,97,0.00037723035
398,97,0.0005148165
399,97,0.00018290617
400,97,0.0005215788
401,97,0.0008991454
402,97,0.00035624206
403,97,-4.7359616e-05
404,97,0.00031563267
405,97,0.0007103225
406,97,0.00074124895
407,97,0.00036439206
408,97,0.0008411277
409,97,0.00029672775
410,97,0.00077050645
411,97,0.000705963
412,97,0.00042103603
413,97,0.0011554174
414,97,0.00088179857
415,97,0.00043818168
416,97,0.0006384589
417,97,0.0010798965
418,97,0.0011576768
419,97,0.00038691238
420,97,0.0009857398
421,97,0.0005194526
422,97,0.00081508514
423,97,0.0010842206
424,97,0.0010372056
425,97,0.00022311136
426,97,0.0005216859
427,97,0.000757684
428,97,0.0007200474
429,97,0.00089340936
430,97,0.0008844435
431,97,0.0007717712
432,97,0.0009064954
433,97,0.00063519925
434,97,0.00063901115
435,97,0.00022996031
436,97,0.00095873233
437,97,0.00012249779
438,97,0.00037524663
439,97,-0.00045591034
440,97,0.0005166363
441,97,0.0002598893
442,97,0.00014294218
443,97,0.0004363889
444,97,0.00033967663
445,97,5.1166862e-05
446,97,0.00038682856
447,97,0.0007869005
448,97,0.0007807687
449,97,0.00033717416
450,97,0.00036273617
451,97,0.00038604904
452,97,0.0006544208
453,97,0.0004699761
454,97,0.0010670219
455,97,0.0003384482
456,97,0.00033572596
457,97,0.0013396209
458,97,0.00024799164
459,97,0.00027580932
460,97,0.00054417737
461,97,0.00026865583
462,97,0.0006223088
463,97,0.0007376084
464,97,0.0002024686
465,97,0.00036072778
466,97,0.000108565204
467,97,0.00065754354
468,97,0.0005413452
469,97,0.00088976603
470,97,0.0013030479
471,97,0.00044383854
472,97,0.0006004935
473,97,0.00042797625
474,97,0.0005843481
475,97,0.00034123566
476,97,0.0009870073
477,97,0.0010406347
478,97,0.00036352128
479,97,0.0007773787
480,97,0.00055779424
481,97,0.00043427385
482,97,0.0010457821
483,97,0.0008019721
484,97,4.77992e-05
485,97,5.1323324e-05
486,97,0.0004662415
487,97,0.00068474375
488,97,0.0004770588
489,97,0.0006831717
490,97,2.8029084e-05
491,97,0.00024466962
492,97,0.000349544
493,97,0.00078545604
494,97,0.00045857858
0,98,0.0008550538
1,98,0.0005233437
2,98,0.00055840425
3,98,0.0007582009
4,98,0.00051942654
5,98,0.0009646993
6,98,0.0009270143
7,98,0.00032224692
8,98,0.00032842904
9,98,0.00040743034
10,98,0.0007380992
11,98,0.00039130077
12,98,
13,98,
14,98,
15,98,
16,98,
17,98,
18,98,
19,98,
20,98,
21,98,
22,98,
23,98,
24,98,
25,98,0.00072214473
26,98,0.00066640973
27,98,0.0005261861
28,98,0.00040905736
29,98,0.00024576206
30,98,0.0003719041
31,98,0.00058971345
32,98,0.00036027096
33,98,0.0009026015
34,98,0.0004974231
35,98,8.707307e-05
36,98,0.0005797539
37,98,0.00034907367
38,98,0.0006020535
39,98,0.0009192368
40,98,0.0010395469
41,98,0.0005483022
42,98,0.00058177114
43,98,0.0007497985
44,98,0.0005347058
45,98,0.0008917926
46,98,0.00033743028
47,98,0.0010108063
48,98,0.001011325
49,98,0.00080347806
50,98,0.00062655844
51,98,0.00070432015
52,98,0.0003562495
53,98,0.0003303392
54,98,3.4284778e-05
55,98,0.00095331017
56,98,0.00073336717
57,98,0.0006009238
58,98,0.00023838412
59,98,0.000810585
60,98,0.00027296226
61,98,0.0004006233
62,98,0.0006365273
63,98,0.0007279124
64,98,-7.002242e-05
65,98,0.0005388288
66,98,0.00039060786
67,98,0.0011072094
68,98,9.925943e-05
69,98,0.0009116493
70,98,0.0008262545
71,98,0.0003655972
72,98,0.00025179237
73,98,7.847324e-05
74,98,0.00032899994
75,98,0.000502971
76,98,-0.0001398595
77,98,0.0005093189
78,98,0.00088422187
79,98,0.00024560653
80,98,-4.3372624e-05
81,98,0.0010719635
82,98,0.0006167451
83,98,0.00057971664
84,98,0.0010199677
85,98,0.00089980103
86,98,0.0005874131
87,98,0.0006614821
88,98,0.00037518144
89,98,0.00079409685
90,98,0.00058463775
91,98,0.0009804154
92,98,0.00057795085
93,98,0.00088340417
94,98,0.0007931674
95,98,0.0010977089
96,98,0.000835767
97,98,0.00065408275
98,98,0.0007836502
99,98,0.00079609733
100,98,0.0006984193
101,98,0.0008071996
102,98,0.0005959682
103,98,0.0004015388
104,98,-0.00032445788
105,98,
106,98,
107,98,0.000633413
108,98,
109,98,
110,98,
111,98,
112,98,
113,98,
114,98,
115,98,
116,98,
117,98,
118,98,
119,98,
120,98,
121,98,
122,98,
123,98,
124,98,
125,98,
126,98,
127,98,
128,98,
129,98,
130,98,
131,98,
132,98,0.00016648881
133,98,0.00043108594
134,98,0.00020088069
135,98,3.6570244e-05
136,98,0.0003637988
137,98,0.00017397571
138,98,0.0006205682
139,98,0.00020789634
140,98,0.00025379192
141,98,0.00029430538
142,98,0.00072657596
143,98,0.00070265494
144,98,0.00020224974
145,98,0.00054780487
146,98,0.00050984696
147,98,0.0004639225
148,98,0.0007649753
149,98,0.00024759024
150,98,0.00097132754
151,98,0.00032816362
152,98,0.00042132288
153,98,0.00043885503
154,98,0.000826383
155,98,0.0004240349
156,98,0.00039562397
157,98,0.00029616524
158,98,0.000375201
159,98,0.00022849068
160,98,0.0006997036
161,98,0.0007012114
162,98,-0.0003670482
163,98,-6.6021457e-06
164,98,0.00020817108
165,98,0.00019662641
166,98,0.00044803508
167,98,0.0002701208
168,98,0.00080673676
169,98,-5.3131953e-06
170,98,0.0004178509
171,98,0.00026741996
172,98,0.0004472388
173,98,0.0008536717
174,98,0.0005248878
175,98,0.00049318466
176,98,0.00017158967
177,98,0.00030625984
178,98,0.0007224623
179,98,0.0002472978
180,98,0.001219851
181,98,0.0009641582
182,98,0.00091462396
183,98,0.0004424369
184,98,0.00038347393
185,98,0.00084444135
186,98,0.00032096636
187,98,0.00037230086
188,98,0.0008318769
189,98,0.0003666859
190,98,0.000384246
191,98,0.00035589654
192,98,0.0007403912
193,98,0.00023642648
194,98,0.00057866983
195,98,0.00099386
196,98,0.00065964926
197,98,0.00030941982
198,98,0.00066920463
199,98,0.00038263295
200,98,0.00036728848
201,98,0.000535368
202,98,0.00043518934
203,98,0.00016549975
204,98,0.0007788604
205,98,-0.0002672244
206,98,-7.5293705e-05
207,98,0.0004384555
208,98,0.00041116402
209,98,0.0010144776
210,98,0.00016503222
211,98,2.1194108e-05
212,98,0.0007186029
213,98,0.0006379243
214,98,0.0004916778
215,98,0.00031426083
216,98,0.00011746492
217,98,0.00015037041
218,98,0.0006555505
219,98,0.00029565115
220,98,0.0005118409
221,98,0.00011734292
222,98,0.00053033605
223,98,-5.3471886e-05
224,98,0.00048110727
225,98,5.2775256e-05
226,98,0.0003017895
227,98,0.00023627095
228,98,0.0004275944
229,98,0.00096648745
230,98,-0.000111431815
231,98,0.00043411367
232,98,0.00037755352
233,98,7.08336e-05
234,98,0.00055880565
235,98,0.0002305163
236,98,0.00040668622
237,98,0.00042104162
238,98,0.00077997055
239,98,0.00060410704
240,98,0.00050840713
241,98,8.7969005e-05
242,98,0.0007707691
243,98,0.00048677996
244,98,0.0009861691
245,98,0.00011556223
246,98,4.5268796e-05
247,98,0.00075571984
248,98,0.00087219756
249,98,0.0010789866
250,98,0.00017591193
251,98,0.00095871463
252,98,0.0002767304
253,98,0.00051692594
254,98,0.0009707296
255,98,0.00071351137
256,98,-5.993992e-06
257,98,0.00065556634
258,98,0.0004944643
259,98,4.246831e-06
260,98,0.00035251956
261,98,0.0010807551
262,98,0.00013042241
263,98,-0.00014377572
264,98,0.0006748792
265,98,7.010158e-05
266,98,0.00019286573
267,98,0.0001584934
268,98,0.00055485964
269,98,0.00072502997
270,98,0.00059110206
271,98,0.0006158771
272,98,0.00065309554
273,98,0.0005066553
274,98,0.000466194
275,98,0.000868639
276,98,0.0010565249
277,98,
278,98,0.00063282996
279,98,
280,98,
281,98,
282,98,
283,98,
284,98,
285,98,
286,98,
287,98,0.0004139319
288,98,0.00065433513
289,98,0.00058551226
290,98,0.0005489662
291,98,6.70664e-05
292,98,0.0007286519
293,98,0.00017765537
294,98,0.0007550251
295,98,0.00014253426
296,98,0.000503595
297,98,0.00015162025
298,98,0.00074972026
299,98,0.00041476171
300,98,0.00071597844
301,98,0.0003532879
302,98,0.0002461262
303,98,0.00047804695
304,98,0.00094735343
305,98,0.00035785045
306,98,0.00035441946
307,98,0.00019902829
308,98,0.00073010195
309,98,0.00010831095
310,98,0.0004804451
311,98,0.00083481614
312,98,0.0005900031
313,98,0.0006119497
314,98,0.00047230255
315,98,-3.8840808e-05
316,98,0.00050711073
317,98,0.0007912796
318,98,0.000840215
319,98,0.00021354388
320,98,0.00023274496
321,98,-1.0179356e-05
322,98,0.0005464768
323,98,0.00055716
324,98,0.0004200954
325,98,9.06717e-05
326,98,-3.9830804e-05
327,98,0.0005526785
328,98,0.00041220244
329,98,0.0007220041
330,98,0.0006119646
331,98,0.0005756039
332,98,0.0008448642
333,98,-5.246699e-05
334,98,0.0004983088
335,98,0.0006532967
336,98,0.00071260054
337,98,0.0005255453
338,98,-7.675309e-05
339,98,0.00011145137
340,98,0.00032817945
341,98,0.00049065705
342,98,0.0003717132
343,98,0.00021001603
344,98,0.00050007086
345,98,-1.5130267e-05
346,98,0.0007591117
347,98,6.043166e-05
348,98,-6.579701e-05
349,98,5.13345e-06
350,98,4.7372654e-05
351,98,0.00024340767
352,98,0.00029510073
353,98,0.00085426215
354,98,0.0003306726
355,98,0.0009786533
356,98,0.0005528573
357,98,0.000104685314
358,98,0.0010575876
359,98,0.00081659947
360,98,0.00023849122
361,98,0.0006394889
362,98,0.000287788
363,98,0.00071391463
364,98,0.0007478697
365,98,0.00069762487
366,98,0.0006164303
367,98,0.00048504025
368,98,0.00026002992
369,98,0.000397278
370,98,0.00089282356
371,98,0.0008366946
372,98,0.0007757442
373,98,0.00023880973
374,98,0.00084345136
375,98,0.0003818106
376,98,0.00040960684
377,98,0.00067571737
378,98,0.0003619846
379,98,7.463619e-05
380,98,0.00063197035
381,98,0.0006501414
382,98,-7.0035458e-06
383,98,0.00067244563
384,98,0.00086424313
385,98,0.0007601613
386,98,0.0007915152
387,98,0.0006118128
388,98,0.0008734539
389,98,0.00094931107
390,98,0.00063879415
391,98,0.0007472569
392,98,0.0008429047
393,98,0.0010441495
394,98,0.0007976014
395,98,0.0010002162
396,98,0.00071043335
397,98,0.00040223543
398,98,0.00064099673
399,98,0.00078251306
400,98,0.00054962747
401,98,0.0010986794
402,98,0.00042386726
403,98,0.00031195208
404,98,0.0007415628
405,98,0.00021274015
406,98,0.00019554328
407,98,0.00063128024
408,98,0.0008189818
409,98,-0.00013392046
410,98,0.0011236835
411,98,5.5189244e-05
412,98,0.00082452875
413,98,0.00067261886
414,98,0.00048314873
415,98,0.00046813954
416,98,0.0010687364
417,98,0.0004904
418,98,0.00031222682
419,98,0.0007782029
420,98,0.0006116871
421,98,0.00096557476
422,98,0.0005384125
423,98,0.00039826334
424,98,0.00087854825
425,98,0.00026905723
426,98,0.0012319814
427,98,0.00093490444
428,98,0.0013309438
429,98,0.00089436583
430,98,0.00017889403
431,98,
432,98,0.000948485
433,98,0.00083137956
434,98,0.00045106653
435,98,0.0007133251
436,98,0.00027951505
437,98,0.00057069305
438,98,0.0002708342
439,98,0.00039102603
440,98,0.0003033355
441,98,0.00011765212
442,98,0.0009578634
443,98,6.98613e-05
444,98,0.00059233233
445,98,0.00024295505
446,98,0.00015459768
447,98,0.00049157534
448,98,0.0006100638
449,98,-0.00011168048
450,98,0.00024014898
451,98,0.00019047782
452,98,0.0003184788
453,98,0.0003811363
454,98,0.00040935446
455,98,0.00074145384
456,98,0.0003089439
457,98,0.0008269269
458,98,0.0007101493
459,98,0.0010983003
460,98,6.78692e-05
461,98,0.00068106875
462,98,0.00018515438
463,98,0.00069123413
464,98,0.0004371982
465,98,0.0003712084
466,98,0.0009940537
467,98,0.00047148392
468,98,0.00082570687
469,98,0.00058143307
470,98,0.00040849298
471,98,0.0007783957
472,98,0.00052744895
473,98,0.0005498361
474,98,0.0004854733
475,98,0.00085277297
476,98,0.0006765304
477,98,0.000820728
478,98,0.0008062776
479,98,0.00081601646
480,98,0.00028375443
481,98,0.0011281259
482,98,0.0006191395
483,98,0.0009630658
484,98,0.00033595413
485,98,-9.459816e-05
486,98,0.00064407755
487,98,0.0007192353
488,98,0.00041326508
489,98,0.000575237
490,98,0.0005241893
491,98,0.0005931249
492,98,0.00032023527
493,98,0.0001248056
494,98,0.00034791138
0,99,0.00078408327
1,99,0.00075620133
2,99,0.0010050889
3,99,0.0003412105
4,99,0.00071979687
5,99,0.00047704484
6,99,0.000842344
7,99,0.00033899024
8,99,0.00056281686
9,99,0.00052954536
10,99,-4.3218955e-05
11,99,0.0007441621
12,99,0.0008971039
13,99,
14,99,
15,99,
16,99,
17,99,
18,99,
19,99,
20,99,
21,99,
22,99,
23,99,
24,99,
25,99,0.00017358828
26,99,0.00042862166
27,99,0.00038035493
28,99,0.00031865854
29,99,0.00037516188
30,99,0.00090665556
31,99,0.00057280436
32,99,0.0005149497
33,99,-0.00015601516
34,99,0.0011295611
35,99,0.00091501884
36,99,0.00056754425
37,99,0.0006869603
38,99,0.00049664546
39,99,0.0006495109
40,99,0.00065899175
41,99,0.00042354502
42,99,0.0008666627
43,99,0.0005875584
44,99,0.00083617587
45,99,0.00015815068
46,99,0.00056357775
47,99,0.00047429837
48,99,0.00067493226
49,99,0.0004886184
50,99,3.2390468e-05
51,99,0.00051915646
52,99,-0.00017623045
53,99,0.0013373727
54,99,0.0010184646
55,99,0.0008613402
56,99,0.00036368985
57,99,0.0005290387
58,99,0.00022946019
59,99,0.0007662587
60,99,0.000813582
61,99,0.00045422
62,99,0.00050372817
63,99,0.00028183777
64,99,0.00022785366
65,99,0.0005755257
66,99,0.0007125065
67,99,-6.175134e-05
68,99,0.0005845418
69,99,0.00041354075
70,99,0.0003588451
71,99,-0.0003364738
72,99,0.00035669375
73,99,0.0007358305
74,99,-0.00015526079
75,99,0.00040414743
76,99,-0.00014842208
77,99,0.0003628945
78,99,0.00044094957
79,99,0.0005162107
80,99,0.00067692064
81,99,0.00040166825
82,99,0.00021134969
83,99,0.00035668816
84,99,5.424302e-05
85,99,0.0003971504
86,99,0.00079209916
87,99,0.00071454514
88,99,0.0011279909
89,99,0.0006335769
90,99,0.0005508708
91,99,0.00045348797
92,99,0.0007734215
93,99,0.0010602083
94,99,0.0007019611
95,99,0.00041392725
96,99,0.0008296026
97,99,0.00037606806
98,99,0.0006823065
99,99,0.0008279318
100,99,0.00040895678
101,99,0.0006031962
102,99,0.00021477602
103,99,0.00048769172
104,99,0.0006013559
105,99,
106,99,0.0005125394
107,99,
108,99,
109,99,
110,99,
111,99,0.0008442495
112,99,
113,99,
114,99,
115,99,
116,99,
117,99,
118,99,
119,99,
120,99,
121,99,
122,99,
123,99,
124,99,
125,99,0.00053441804
126,99,
127,99,
128,99,
129,99,
130,99,0.0006304076
131,99,
132,99,0.00016389042
133,99,2.2445805e-05
134,99,-0.00016600266
135,99,0.00039822794
136,99,0.00044486485
137,99,0.000250509
138,99,0.00042264536
139,99,-2.0478852e-05
140,99,0.0002485551
141,99,-4.630536e-05
142,99,0.0006064335
143,99,5.078502e-06
144,99,0.00043929927
145,99,0.0003150059
146,99,0.0004343344
147,99,0.0001937719
148,99,0.000591564
149,99,0.00048379414
150,99,0.0006471807
151,99,0.00032835174
152,99,0.000439669
153,99,0.0003197752
154,99,0.00045392103
155,99,0.00047535822
156,99,-0.0001829397
157,99,0.0006797919
158,99,0.0002297014
159,99,0.00088777207
160,99,0.0003239764
161,99,0.0005448479
162,99,0.0004331302
163,99,0.0007307194
164,99,0.00079115666
165,99,0.00084348116
166,99,0.0007500909
167,99,0.00041014887
168,99,0.00048341788
169,99,0.00085501745
170,99,0.0008608103
171,99,0.0008094758
172,99,0.0007766448
173,99,0.00034078583
174,99,0.00041384995
175,99,7.900875e-05
176,99,0.00087388605
177,99,0.00034383312
178,99,0.0005142642
179,99,0.00021265633
180,99,2.9217452e-05
181,99,0.0007997304
182,99,0.00044861436
183,99,0.0005565211
184,99,0.00025629718
185,99,0.0005324809
186,99,0.00059541874
187,99,0.0009153392
188,99,0.0007865885
189,99,0.00030291453
190,99,0.00027193315
191,99,0.0004936401
192,99,0.00046899356
193,99,0.0007286705
194,99,0.00055177603
195,99,0.0008648606
196,99,0.0008583311
197,99,0.0006557107
198,99,0.0007514199
199,99,0.00013398938
200,99,0.0006269198
201,99,0.0008625854
202,99,0.0006307708
203,99,0.0003765719
204,99,0.00032891147
205,99,0.00044682808
206,99,0.00049625244
207,99,0.0002860846
208,99,0.00063409563
209,99,-0.00031292997
210,99,0.0009949487
211,99,-0.00023846701
212,99,0.00038281363
213,99,0.00054641627
214,99,0.0005354015
215,99,0.00019390043
216,99,0.00082507636
217,99,0.00038172305
218,99,0.00056038704
219,99,0.00038972497
220,99,0.0002923021
221,99,0.0009430405
222,99,0.00061074365
223,99,-0.00018326193
224,99,0.00028809346
225,99,0.00013197679
226,99,0.0004054373
227,99,0.00058147963
228,99,0.0001936974
229,99,0.0006130142
230,99,0.00040640216
231,99,0.00061255693
232,99,0.00030519813
233,99,0.0003378298
234,99,3.0669384e-05
235,99,0.0002820557
236,99,0.0002966905
237,99,0.0007693004
238,99,0.00014874991
239,99,0.0002994202
240,99,0.0007257536
241,99,0.00055067707
242,99,9.009801e-05
243,99,0.0006261831
244,99,0.00023012608
245,99,0.000645278
246,99,0.0008835476
247,99,0.0004536342
248,99,0.0003509028
249,99,0.0005984418
250,99,0.0003387602
251,99,0.0010126568
252,99,0.0005658679
253,99,0.00045863912
254,99,0.0007003313
255,99,-9.5264055e-05
256,99,5.6745484e-05
257,99,0.00012013689
258,99,0.0006611794
259,99,0.00023344904
260,99,0.0006304383
261,99,0.0009017801
262,99,0.000931832
263,99,0.0006570639
264,99,0.00073416065
265,99,0.0006172629
266,99,0.00075752474
267,99,0.00041288976
268,99,0.0006017368
269,99,0.0006578928
270,99,6.247312e-06
271,99,0.0003363723
272,99,0.00055045076
273,99,0.00032919925
274,99,0.00034568366
275,99,0.00057578646
276,99,0.0011959337
277,99,0.0002076514
278,99,0.0005646348
279,99,
280,99,
281,99,
282,99,
283,99,
284,99,
285,99,
286,99,
287,99,0.00056424923
288,99,0.0006275214
289,99,0.00065041706
290,99,0.00061558
291,99,0.0008590175
292,99,0.00069633033
293,99,0.00095771346
294,99,0.0006697327
295,99,0.00053045154
296,99,0.000886159
297,99,0.0009243842
298,99,0.00048415642
299,99,0.0007060049
300,99,0.00026686303
301,99,0.00065320916
302,99,0.0004937053
303,99,0.00068625715
304,99,0.0012408365
305,99,0.0011782637
306,99,0.00067425147
307,99,0.00027677882
308,99,0.0008747829
309,99,0.0001109289
310,99,-0.000118411146
311,99,0.0004381435
312,99,0.00029831193
313,99,0.00050443225
314,99,0.0005882876
315,99,0.00097426027
316,99,0.00043024123
317,99,0.00083909836
318,99,0.0003188122
319,99,0.00029946677
320,99,0.00037467014
321,99,0.00055094715
322,99,0.00080130994
323,99,0.00066351704
324,99,-8.860603e-05
325,99,0.0002610851
326,99,0.0006200122
327,99,0.0008170679
328,99,0.00017179921
329,99,0.00063648913
330,99,0.00062735844
331,99,0.0007755393
332,99,0.00035845302
333,99,0.00029231329
334,99,0.0002450617
335,99,0.00030492153
336,99,0.00030982215
337,99,0.0008584382
338,99,0.00053902715
339,99,0.00063197315
340,99,0.00064252503
341,99,0.00056424923
342,99,0.00080725085
343,99,0.00049020164
344,99,0.00037837029
345,99,0.00017316546
346,99,0.00065931026
347,99,0.00038508791
348,99,0.0007353369
349,99,0.0005295519
350,99,0.0009733215
351,99,0.0006733155
352,99,-2.0598993e-05
353,99,0.00043583754
354,99,0.0005948404
355,99,0.0005786726
356,99,1.6725622e-05
357,99,0.00013686344
358,99,0.0010156054
359,99,0.00082241744
360,99,0.000734861
361,99,0.0006454233
362,99,0.0004666876
363,99,0.0008787764
364,99,0.00061017834
365,99,0.00079132244
366,99,0.00042979605
367,99,0.0007501794
368,99,0.000895381
369,99,0.0005530352
370,99,0.0002890369
371,99,0.0006853342
372,99,0.00057096034
373,99,0.0005346723
374,99,0.00065180473
375,99,0.00084394775
376,99,0.00034451764
377,99,0.0004633125
378,99,0.00037069432
379,99,0.00019050948
380,99,0.00078555476
381,99,0.00090183504
382,99,0.000371892
383,99,0.00060550775
384,99,0.0004777694
385,99,0.00088170636
386,99,0.0006076209
387,99,0.0011603292
388,99,0.0010881117
389,99,0.00086501054
390,99,0.00075082574
391,99,0.0005874559
392,99,0.00083462335
393,99,0.0010325033
394,99,0.00067154504
395,99,0.0005219653
396,99,0.00046415534
397,99,-0.00036155432
398,99,0.00069047883
399,99,0.00073636323
400,99,6.959587e-05
401,99,0.0003277706
402,99,0.0009424342
403,99,0.00021193083
404,99,0.0004568454
405,99,0.00042975135
406,99,0.00076865125
407,99,0.00035256054
408,99,-5.2964315e-05
409,99,0.0010462189
410,99,0.00042946916
411,99,0.00062759593
412,99,0.0005081231
413,99,0.000877182
414,99,0.0007941574
415,99,0.0005441932
416,99,0.0006872183
417,99,0.0012431685
418,99,0.0005259812
419,99,0.00045946054
420,99,0.000654974
421,99,0.0006508706
422,99,0.0007948531
423,99,0.0007098671
424,99,0.0010580122
425,99,0.0010138499
426,99,0.0008407589
427,99,0.000962846
428,99,0.00063014124
429,99,0.00043457653
430,99,0.000999311
431,99,0.00074119214
432,99,0.00076432247
433,99,0.00054514036
434,99,0.0005999459
435,99,0.0008022357
436,99,8.042157e-05
437,99,0.00081175193
438,99,0.00020749122
439,99,8.222461e-05
440,99,0.00047064293
441,99,0.00050690584
442,99,0.00044815522
443,99,0.000855078
444,99,0.00041491352
445,99,0.00089983735
446,99,0.0005703317
447,99,0.00028681662
448,99,0.00028115977
449,99,0.001118931
450,99,0.0007911455
451,99,0.00057269447
452,99,0.0008531101
453,99,-0.00017216522
454,99,0.00080398656
455,99,0.00016921852
456,99,0.001112516
457,99,0.00042940117
458,99,0.00040950812
459,99,0.0005851174
460,99,0.00047484506
461,99,0.000338763
462,99,0.0005059019
463,99,5.084742e-05
464,99,0.0008294368
465,99,0.0008449713
466,99,0.00075776037
467,99,0.00038281083
468,99,0.00067442004
469,99,0.00056009647
470,99,0.00061613973
471,99,0.00072842
472,99,0.00048146583
473,99,0.00065691024
474,99,0.00054858904
475,99,0.00077898055
476,99,0.000449582
477,99,0.0009112181
478,99,0.001132383
479,99,0.0006151218
480,99,0.0005051708
481,99,0.0007704934
482,99,0.0006296728
483,99,0.00078022666
484,99,0.0005478291
485,99,0.00021978188
486,99,0.00055280235
487,99,0.00051045045
488,99,0.00046364125
489,99,0.00040829927
490,99,0.00030320417
491,99,0.0005874513
492,99,0.000424752
493,99,0.00043781288
494,99,0.00083492044
0,100,0.00062963646
1,100,0.00025356188
2,100,0.0006212853
3,100,0.0006547207
4,100,8.1244856e-05
5,100,0.0007875096
6,100,0.0008518528
7,100,0.0006636046
8,100,0.0003559906
9,100,-0.0004384201
10,100,0.00032234844
11,100,0.0006863205
12,100,0.0009635305
13,100,0.0008910578
14,100,
15,100,
16,100,
17,100,
18,100,
19,100,
20,100,
21,100,
22,100,
23,100,
24,100,
25,100,9.767059e-05
26,100,0.0002547372
27,100,-0.00028409902
28,100,0.0007691905
29,100,0.00045188423
30,100,0.0007203324
31,100,0.00045749918
32,100,0.0009253025
33,100,0.0005086465
34,100,0.00058550853
35,100,0.0011919141
36,100,0.00078132004
37,100,0.0005909307
38,100,0.00074664224
39,100,0.00039284024
40,100,0.0006580688
41,100,0.00031156652
42,100,0.00077125244
43,100,0.00054656155
44,100,0.0010275207
45,100,0.00032173283
46,100,0.00045418926
47,100,0.0001955321
48,100,0.0003244672
49,100,0.0005861968
50,100,0.00034947786
51,100,0.00064258
52,100,0.00026871543
53,100,0.00072253123
54,100,0.000811453
55,100,1.3753772e-05
56,100,0.00020752568
57,100,0.0007347269
58,100,5.7990663e-05
59,100,0.00045973342
60,100,-0.00018270127
61,100,0.000399285
62,100,0.0009459611
63,100,0.00011320971
64,100,0.00030021835
65,100,0.00040765293
66,100,0.000589082
67,100,0.00057702325
68,100,0.00038204435
69,100,0.0002997145
70,100,-3.5203993e-06
71,100,0.00013639778
72,100,0.00039578415
73,100,0.00084854197
74,100,-0.00023940299
75,100,0.0005859956
76,100,0.00068293046
77,100,0.00017033704
78,100,0.0002294099
79,100,-1.2953766e-05
80,100,0.00083790533
81,100,0.0008975351
82,100,0.00067494716
83,100,0.00052056555
84,100,0.0003330242
85,100,0.00017705094
86,100,0.00085766055
87,100,0.0011676447
88,100,0.0007752981
89,100,0.0004281327
90,100,0.0006881077
91,100,0.0004926473
92,100,0.0006614728
93,100,0.0010355758
94,100,0.0011710227
95,100,0.0006777346
96,100,0.0004850095
97,100,0.00062756054
98,100,0.00093930773
99,100,0.000832296
100,100,0.0004299553
101,100,0.00063573103
102,100,0.0005657133
103,100,2.3485161e-05
104,100,-0.00025322754
105,100,0.0007750243
106,100,
107,100,
108,100,
109,100,
110,100,
111,100,
112,100,
113,100,
114,100,
115,100,0.0008069575
116,100,
117,100,
118,100,
119,100,
120,100,
121,100,
122,100,
123,100,
124,100,
125,100,
126,100,0.0005635917
127,100,
128,100,
129,100,
130,100,
131,100,
132,100,0.00065791793
133,100,0.00037261657
134,100,0.0010449393
135,100,0.0004622806
136,100,-5.5873767e-05
137,100,0.0004409831
138,100,0.00027132593
139,100,0.0003448585
140,100,0.0004487494
141,100,0.00021663867
142,100,-9.77451e-05
143,100,0.00048719998
144,100,0.0004358003
145,100,0.00067198556
146,100,0.0004116483
147,100,0.00011564512
148,100,0.00058969855
149,100,0.0005731005
150,100,0.0007025711
151,100,0.00012366567
152,100,0.0003118459
153,100,0.00037596002
154,100,0.00060431566
155,100,0.00033046864
156,100,0.00056452956
157,100,0.000106354244
158,100,0.00056449696
159,100,8.550845e-05
160,100,0.00039871223
161,100,5.129818e-05
162,100,-8.1609e-05
163,100,0.0006429963
164,100,0.00052569434
165,100,0.00072663464
166,100,0.00044327974
167,100,0.0006908085
168,100,0.00022012927
169,100,0.00046536606
170,100,0.0002956167
171,100,0.00022735074
172,100,0.00044080894
173,100,0.00014376547
174,100,0.00077130646
175,100,0.00036147423
176,100,0.0010166811
177,100,0.00042680837
178,100,0.0008952953
179,100,0.0002425462
180,100,8.973293e-06
181,100,0.00069240574
182,100,-0.00019075163
183,100,0.00061427243
184,100,0.0004351586
185,100,0.00039619114
186,100,0.00037106872
187,100,0.00042163394
188,100,0.0005058637
189,100,0.0007465901
190,100,0.0005695941
191,100,0.00072288327
192,100,0.00019683875
193,100,0.0009948993
194,100,0.00041856617
195,100,0.0005121976
196,100,0.00060077105
197,100,0.0009990726
198,100,0.00048754364
199,100,0.0009442745
200,100,0.0008859448
201,100,0.0008794572
202,100,0.00052189734
203,100,0.0004712101
204,100,0.00031957403
205,100,-0.00018695928
206,100,0.00038071256
207,100,0.0005835341
208,100,0.000516898
209,100,0.00047772005
210,100,0.00090488046
211,100,0.00046246592
212,100,0.00039169937
213,100,0.0006625764
214,100,0.00025370345
215,100,0.00014293194
216,100,0.00047878455
217,100,0.0005488517
218,100,-0.00013035629
219,100,-4.7232956e-05
220,100,0.0005892897
221,100,0.00044217333
222,100,0.0005267309
223,100,0.0005522268
224,100,0.00043030735
225,100,0.00069998857
226,100,0.0006638402
227,100,0.0003618626
228,100,0.00031022727
229,100,0.0008739447
230,100,0.00046627782
231,100,0.0004666187
232,100,0.0006646784
233,100,0.0006322721
234,100,0.0007870011
235,100,0.00080400426
236,100,0.00017199386
237,100,0.0006485209
238,100,0.00080167875
239,100,0.00071815867
240,100,0.00045249797
241,100,0.0005575465
242,100,0.0003364496
243,100,0.000697257
244,100,0.0006205477
245,100,0.00049770344
246,100,0.00029494613
247,100,0.0003645094
248,100,0.0005154172
249,100,0.00018326193
250,100,0.00033668242
251,100,0.0005826503
252,100,0.00075236335
253,100,0.0011124918
254,100,0.00035172608
255,100,0.00052049477
256,100,0.00017363485
257,100,0.0007716194
258,100,0.00044749957
259,100,0.0007140925
260,100,0.0005131159
261,100,0.00046824943
262,100,0.0005281307
263,100,0.0005549146
264,100,0.00011189096
265,100,0.00075711124
266,100,0.00036882982
267,100,0.00012632273
268,100,0.0001952881
269,100,0.00036485866
270,100,0.00087194704
271,100,0.00019751303
272,100,0.0002865428
273,100,4.884042e-05
274,100,0.00047322642
275,100,0.00073418114
276,100,0.0011045141
277,100,0.0010916227
278,100,
279,100,
280,100,
281,100,
282,100,
283,100,
284,100,
285,100,0.0009793947
286,100,
287,100,0.00046939775
288,100,0.00019972306
289,100,0.0010542572
290,100,0.0007361956
291,100,0.0008302126
292,100,0.0004082173
293,100,0.0005767718
294,100,0.00041443668
295,100,0.00047430117
296,100,0.00014475081
297,100,0.0004929798
298,100,0.0004514195
299,100,0.000921553
300,100,0.00061275344
301,100,0.00041456055
302,100,0.0005257763
303,100,0.00042366236
304,100,0.0010713935
305,100,0.0004887674
306,100,0.0008284049
307,100,0.00079759024
308,100,0.00039153825
309,100,0.00029787235
310,100,0.0009370232
311,100,0.00079074036
312,100,0.00045526214
313,100,0.0008318536
314,100,0.00020367093
315,100,0.00092429016
316,100,0.0005041342
317,100,0.00038483832
318,100,0.00018311664
319,100,0.00018441025
320,100,0.0004537711
321,100,0.0006273398
322,100,0.0008166218
323,100,0.00045573805
324,100,0.00033220835
325,100,0.0001349682
326,100,0.000591428
327,100,0.0006689653
328,100,0.0010566935
329,100,0.0009794608
330,100,0.00027027167
331,100,-7.0061535e-05
332,100,0.00036072358
333,100,0.00044679362
334,100,0.00014535431
335,100,0.0006320914
336,100,8.736923e-05
337,100,9.9115074e-05
338,100,0.00050293934
339,100,0.00034800824
340,100,0.00061113853
341,100,0.00065685995
342,100,0.00037261005
343,100,0.00020089746
344,100,0.000577149
345,100,0.0010076342
346,100,-1.7086975e-05
347,100,0.00018362515
348,100,-3.185682e-05
349,100,0.00035360456
350,100,0.00014724582
351,100,0.0004012352
352,100,0.00062517915
353,100,0.00011152495
354,100,0.00013405643
355,100,0.00038752798
356,100,0.0006773677
357,100,0.0004903078
358,100,0.00079724845
359,100,0.00031286012
360,100,0.00069702975
361,100,0.00075407326
362,100,0.0008895686
363,100,0.00036660396
364,100,0.0007444266
365,100,0.0006355159
366,100,0.0005105147
367,100,0.00036929548
368,100,0.00035743695
369,100,0.00055555906
370,100,0.00040189363
371,100,0.00031179376
372,100,0.0003134543
373,100,0.0008951109
374,100,0.00040273275
375,100,0.0005760528
376,100,0.00041381828
377,100,0.0005694581
378,100,0.00076896884
379,100,0.0006877249
380,100,0.0005620383
381,100,0.0004077116
382,100,0.0009032823
383,100,0.00046213437
384,100,0.00058461726
385,100,0.0006120587
386,100,0.00074723177
387,100,0.00071051624
388,100,0.0006409483
389,100,0.0008945912
390,100,0.0005649114
391,100,0.00076954626
392,100,0.00073959585
393,100,0.0008364199
394,100,0.0008102888
395,100,0.00088608544
396,100,0.00043112785
397,100,0.0003372291
398,100,0.00031580962
399,100,0.0007600719
400,100,0.00023594871
401,100,0.00013071392
402,100,0.00066519156
403,100,0.00016133487
404,100,0.000399556
405,100,0.0010032849
406,100,0.00042850152
407,100,0.00041421782
408,100,0.00060635805
409,100,0.00045033172
410,100,0.0006917706
411,100,0.0007465994
412,100,0.0013569379
413,100,0.000780344
414,100,0.00025173835
415,100,0.0007092869
416,100,0.00076166354
417,100,0.0006016316
418,100,0.001138838
419,100,0.00087178964
420,100,0.001245332
421,100,0.0010745404
422,100,0.0007493291
423,100,0.00074679963
424,100,0.0006467132
425,100,0.0010826923
426,100,0.0011656908
427,100,0.0010229871
428,100,0.001256072
429,100,
430,100,0.00038746558
431,100,
432,100,
433,100,
434,100,0.00040777307
435,100,0.00064207707
436,100,0.00023546256
437,100,0.0007116124
438,100,0.0007982664
439,100,0.0002005864
440,100,0.00037553255
441,100,0.00069881324
442,100,0.00046199467
443,100,0.00059669465
444,100,0.000706912
445,100,0.00082938
446,100,0.0010237843
447,100,0.0004349323
448,100,0.00088146515
449,100,0.00073362887
450,100,0.0012162123
451,100,0.0005283337
452,100,0.0010170806
453,100,-5.989615e-05
454,100,0.00094680116
455,100,0.00039466843
456,100,0.0009282371
457,100,0.00045985077
458,100,0.0007506609
459,100,0.0010032188
460,100,0.0007365858
461,100,0.00052120537
462,100,0.00071028154
463,100,0.00089833327
464,100,0.00020779297
465,100,0.00014791079
466,100,0.0006273119
467,100,0.00066847075
468,100,0.00072667096
469,100,0.00075657107
470,100,0.00079391897
471,100,0.00023894105
472,100,0.00077400636
473,100,0.00041968655
474,100,0.00069568213
475,100,0.0002120398
476,100,0.0001354292
477,100,0.000838005
478,100,0.00054622535
479,100,0.000913837
480,100,0.0009413129
481,100,0.0007054191
482,100,0.000568673
483,100,0.00045268983
484,100,0.00036822818
485,100,9.0567395e-05
486,100,0.0005615903
487,100,-4.249811e-05
488,100,0.0004173806
489,100,0.000219943
490,100,0.0009550033
491,100,0.00026847236
492,100,0.00057660975
493,100,0.0006619692
494,100,0.0010284157
0,101,0.00045791734
1,101,0.00032310467
2,101,9.843893e-05
3,101,0.0004446162
4,101,0.00023120549
5,101,0.00037971511
6,101,0.0005094819
7,101,0.0008241888
8,101,0.0005475739
9,101,0.0006026691
10,101,0.00029483065
11,101,0.00080947485
12,101,0.0006613117
13,101,
14,101,0.0010745982
15,101,
16,101,
17,101,
18,101,
19,101,
20,101,
21,101,
22,101,
23,101,
24,101,
25,101,0.0008399412
26,101,0.00014697481
27,101,0.00040210038
28,101,0.0003721658
29,101,0.000522241
30,101,0.00052389037
31,101,0.00048415083
32,101,0.0008835923
33,101,0.00079472363
34,101,0.00012985151
35,101,0.0003181668
36,101,0.0005447231
37,101,0.0007172795
38,101,0.00045098457
39,101,0.00093221944
40,101,0.0006806487
41,101,0.00064484216
42,101,0.00075986143
43,101,0.00069989543
44,101,0.0007891655
45,101,0.0008010445
46,101,0.0009801481
47,101,0.0006393725
48,101,0.0007283427
49,101,0.000470059
50,101,0.00074590184
51,101,-4.9294904e-05
52,101,0.00033830293
53,101,-0.00022901222
54,101,0.00053868536
55,101,0.00034883153
56,101,0.00043902732
57,101,0.0009636907
58,101,0.000252218
59,101,0.000721639
60,101,0.00039491057
61,101,0.00028722826
62,101,0.00040501915
63,101,0.00035961065
64,101,0.0004217513
65,101,0.00023534894
66,101,0.000419504
67,101,0.00028978754
68,101,0.0005215155
69,101,0.00026716944
70,101,0.0002790885
71,101,0.0005654227
72,101,0.00017946679
73,101,0.00057445
74,101,0.00075697526
75,101,0.0006536646
76,101,0.00039517507
77,101,0.0005141394
78,101,0.00031527318
79,101,0.00030573085
80,101,6.578863e-05
81,101,-6.440468e-05
82,101,0.00061984546
83,101,0.00091762096
84,101,0.0005614115
85,101,0.0005988879
86,101,0.00018488616
87,101,0.0006248988
88,101,0.0013047811
89,101,0.0009130724
90,101,0.0008767769
91,101,0.00036777835
92,101,0.0004908163
93,101,0.0005408954
94,101,0.00028728228
95,101,0.0011285609
96,101,0.00022607204
97,101,0.00044738594
98,101,0.0008367179
99,101,0.0006015934
100,101,0.0009393804
101,101,0.00037892163
102,101,0.00020894036
103,101,0.0010197842
104,101,
105,101,
106,101,
107,101,
108,101,
109,101,
110,101,
111,101,
112,101,
113,101,
114,101,
115,101,
116,101,
117,101,
118,101,
119,101,
120,101,
121,101,
122,101,
123,101,
124,101,
125,101,
126,101,
127,101,0.00046791136
128,101,
129,101,
130,101,
131,101,0.0001372192
132,101,7.517077e-05
133,101,0.00057900883
134,101,0.00026767794
135,101,0.00045433175
136,101,0.00032795407
137,101,0.00089593884
138,101,0.00033034943
139,101,-8.068606e-05
140,101,0.0009185327
141,101,0.000796753
142,101,0.00034253113
143,101,-2.556853e-05
144,101,0.00053971726
145,101,0.0008981982
146,101,0.00039440487
147,101,0.00044680666
148,101,0.00041787792
149,101,0.00050793216
150,101,0.00019175373
151,101,0.0008410197
152,101,0.00021316111
153,101,0.0007697707
154,101,-0.0001749238
155,101,0.000735119
156,101,0.0007196665
157,101,0.00086224824
158,101,0.00029502064
159,101,0.0008077128
160,101,3.741868e-05
161,101,0.0005656574
162,101,0.0003850693
163,101,0.0009701941
164,101,0.00028435793
165,101,0.0002260087
166,101,0.0003993921
167,101,0.00047138892
168,101,0.00027848594
169,101,0.00048509892
170,101,0.00046467222
171,101,1.4303252e-05
172,101,0.00045157876
173,101,0.00011893548
174,101,0.00023639947
175,101,-0.0005213199
176,101,5.441718e-06
177,101,0.0002147248
178,101,0.0010572644
179,101,-0.0001981156
180,101,0.00047669932
181,101,0.0008138586
182,101,0.00058819354
183,101,0.00025373138
184,101,0.0014384333
185,101,0.0011767354
186,101,0.0012066904
187,101,0.0011646906
188,101,0.00088179484
189,101,0.0007959986
190,101,0.00039037503
191,101,0.00025882106
192,101,0.0005735336
193,101,0.0010767002
194,101,0.001002769
195,101,0.0006996989
196,101,0.0007578302
197,101,0.001160861
198,101,0.00038244296
199,101,0.00014929287
200,101,0.00043281168
201,101,0.00038629398
202,101,-0.00018410385
203,101,0.0002650097
204,101,0.0006266702
205,101,-0.000100602396
206,101,0.00034578983
207,101,0.0002745604
208,101,-0.00016109366
209,101,0.0008349661
210,101,0.00021602027
211,101,0.0007080808
212,101,9.742472e-05
213,101,-0.00035933033
214,101,0.00017951429
215,101,0.0004943572
216,101,0.00027382374
217,101,0.00023329724
218,101,0.0003433628
219,101,0.00044378918
220,101,0.00063877087
221,101,0.00065923855
222,101,0.00012226589
223,101,0.0005403012
224,101,0.00021162629
225,101,0.00038978923
226,101,0.00077165477
227,101,0.00017095171
228,101,0.00058943406
229,101,-9.4172545e-05
230,101,-1.2202188e-05
231,101,0.00081432983
232,101,0.00029092375
233,101,0.00031126756
234,101,0.000893306
235,101,0.0004726993
236,101,0.0009022616
237,101,0.0005239211
238,101,0.0006299587
239,101,0.0007145144
240,101,0.00086556654
241,101,0.0007108366
242,101,0.00021579023
243,101,0.00057209004
244,101,0.00059718266
245,101,0.00014917925
246,101,0.0005936222
247,101,0.00083351135
248,101,0.00028564595
249,101,0.00059622806
250,101,0.00086960476
251,101,0.0005088551
252,101,0.0002516564
253,101,0.0005080011
254,101,0.0008955132
255,101,0.00019307248
256,101,0.00030009449
257,101,0.0006400887
258,101,0.0010239948
259,101,0.0006990656
260,101,-4.0128827e-05
261,101,0.0007606866
262,101,0.00027538743
263,101,0.00043615326
264,101,0.0003846055
265,101,0.00033881422
266,101,0.00077090785
267,101,0.0002466431
268,101,0.00056961924
269,101,0.00070930365
270,101,0.0003315853
271,101,0.0001427345
272,101,0.0007964941
273,101,-5.8162026e-05
274,101,0.00047555286
275,101,0.0004396867
276,101,-5.8626756e-05
277,101,0.00043530297
278,101,
279,101,
280,101,
281,101,
282,101,
283,101,
284,101,
285,101,
286,101,
287,101,0.00058577117
288,101,0.00070202164
289,101,0.0008695312
290,101,0.0005878676
291,101,0.00046455115
292,101,0.00057462044
293,101,0.00011333916
294,101,0.00044736546
295,101,0.00012513064
296,101,0.00045706984
297,101,0.0005903179
298,101,0.00059837755
299,101,1.6417354e-05
300,101,0.00048010796
301,101,0.00029521622
302,101,0.0005323654
303,101,0.0007681791
304,101,-0.00012604427
305,101,0.00075791776
306,101,0.00083118305
307,101,0.00033028424
308,101,0.00037993584
309,101,0.0003327718
310,101,0.00021671038
311,101,0.00035425927
312,101,0.00061162
313,101,-0.00017993152
314,101,0.00063130725
315,101,0.0006550513
316,101,0.00014665909
317,101,0.0009107422
318,101,0.0005831411
319,101,0.0002595121
320,101,0.00041550677
321,101,0.00026324484
322,101,0.0006309692
323,101,0.0006152643
324,101,0.00034756586
325,101,0.00059496425
326,101,0.00038334262
327,101,0.0005833069
328,101,0.0010042107
329,101,0.00028357562
330,101,0.0007878542
331,101,3.78564e-05
332,101,0.00045010354
333,101,0.0006401492
334,101,0.00025148224
335,101,0.0005344553
336,101,0.00027027447
337,101,0.00040124543
338,101,0.00027666986
339,101,-5.8738515e-05
340,101,0.00035016146
341,101,0.00022349879
342,101,0.0009920327
343,101,0.00044851378
344,101,0.0006045811
345,101,0.00048466492
346,101,0.00089557003
347,101,0.0001816107
348,101,0.0006297827
349,101,0.00059454516
350,101,0.00088013336
351,101,0.00022852048
352,101,0.00040938146
353,101,0.0006938381
354,101,0.0007851813
355,101,0.0007646857
356,101,0.0002419306
357,101,0.0002753511
358,101,0.00064378325
359,101,0.00068275165
360,101,0.00061777234
361,101,0.0008036494
362,101,0.0008219676
363,101,0.0005272534
364,101,0.0006116703
365,101,0.00030029844
366,101,0.00050857663
367,101,0.0005887067
368,101,0.0011122124
369,101,0.0011640815
370,101,0.0004457673
371,101,0.0008911947
372,101,0.00056635775
373,101,0.00082859956
374,101,0.0009338623
375,101,0.00025856495
376,101,0.00093255006
377,101,0.0003926782
378,101,0.0006200373
379,101,0.0005457457
380,101,0.00089313183
381,101,0.0007719407
382,101,0.00061343424
383,101,0.00057563465
384,101,0.0006716661
385,101,0.00084625836
386,101,0.00040102843
387,101,0.00079839583
388,101,0.00044709072
389,101,0.00072736107
390,101,0.0010364
391,101,0.000878945
392,101,0.00078063086
393,101,0.0011730483
394,101,0.0007889159
395,101,0.0009273719
396,101,3.8027763e-05
397,101,0.00080111716
398,101,0.00013855472
399,101,0.0006159898
400,101,0.00083041005
401,101,0.0009615794
402,101,7.460546e-05
403,101,0.00072124973
404,101,0.000705475
405,101,0.0005008066
406,101,0.00053537916
407,101,0.0008699363
408,101,0.00094319973
409,101,0.00073200185
410,101,0.0009471327
411,101,0.00081693474
412,101,0.00085266866
413,101,0.0012091575
414,101,0.0011756262
415,101,0.00062978547
416,101,0.00095479656
417,101,0.00068471767
418,101,0.0007464122
419,101,0.0011740858
420,101,0.00050982647
421,101,0.00039485283
422,101,0.0009089578
423,101,0.0008147368
424,101,0.00032110792
425,101,0.0004995521
426,101,0.0010656156
427,101,0.0008819038
428,101,0.00033043046
429,101,0.00021649897
430,101,0.00043823104
431,101,0.00044962205
432,101,0.0003348086
433,101,
434,101,0.00019468646
435,101,0.0007784171
436,101,0.0005214447
437,101,0.0005872473
438,101,0.0005957931
439,101,0.00050111953
440,101,0.00055944733
441,101,3.7634745e-06
442,101,0.0006830627
443,101,0.00046327617
444,101,0.0007163361
445,101,8.358527e-05
446,101,0.0010055462
447,101,6.551482e-05
448,101,0.0001534177
449,101,0.0008642031
450,101,0.00052392576
451,101,0.00038416404
452,101,0.00022225361
453,101,0.00027625635
454,101,0.00049348455
455,101,0.0006716028
456,101,0.00024586264
457,101,0.00085870083
458,101,0.0007260125
459,101,0.00053969305
460,101,0.00023258384
461,101,0.00069102086
462,101,0.001198167
463,101,0.00092965364
464,101,0.0005400395
465,101,0.0005266303
466,101,0.0008789152
467,101,0.0006685024
468,101,0.00034086592
469,101,0.0005249558
470,101,0.0002498338
471,101,0.00050198194
472,101,0.0007421486
473,101,0.00044188462
474,101,0.0004452318
475,101,0.00046892092
476,101,0.0006385902
477,101,0.00080213044
478,101,0.000991554
479,101,0.00066298805
480,101,0.0006019259
481,101,0.0008539269
482,101,0.00045023952
483,101,0.0006235307
484,101,-4.698895e-05
485,101,0.0011491757
486,101,-0.0001666611
487,101,0.00064421725
488,101,0.00056760013
489,101,0.00011563022
490,101,0.0007214621
491,101,0.00045288354
492,101,0.0006990908
493,101,0.0006391611
494,101,0.0007190192
0,102,0.00093151256
1,102,0.0007931031
2,102,7.64234e-05
3,102,0.00043505337
4,102,0.0006158594
5,102,0.0009096749
6,102,0.0005506864
7,102,0.00066977274
8,102,0.0011800267
9,102,0.0004528286
10,102,-0.00021100137
11,102,0.0004100548
12,102,0.000875853
13,102,0.00023174006
14,102,0.0005677035
15,102,
16,102,
17,102,
18,102,
19,102,
20,102,
21,102,
22,102,
23,102,
24,102,0.0001142649
25,102,0.0005584052
26,102,4.1648746e-05
27,102,-8.383673e-05
28,102,0.00061363634
29,102,0.0002209451
30,102,0.000598941
31,102,0.0005744668
32,102,0.001082208
33,102,0.0009582285
34,102,0.000244244
35,102,0.0002175942
36,102,0.00034488086
37,102,0.00042340904
38,102,0.00055614207
39,102,0.00054273196
40,102,0.0012326026
41,102,0.00054184534
42,102,0.0006244574
43,102,0.0010066759
44,102,4.4810586e-05
45,102,0.00036229752
46,102,0.0003070878
47,102,0.0006723078
48,102,0.00056669116
49,102,0.0008127559
50,102,0.00072159804
51,102,0.00023845397
52,102,-6.198324e-05
53,102,0.00054177456
54,102,0.0015241411
55,102,0.0005706139
56,102,1.7905608e-05
57,102,-2.4301931e-05
58,102,0.00083284266
59,102,0.0006613331
60,102,0.000838127
61,102,0.0004083421
62,102,-8.7208115e-05
63,102,0.00014311634
64,102,0.0006375676
65,102,0.00081697106
66,102,0.00048672222
67,102,0.00056853425
68,102,0.0009265831
69,102,0.00061619934
70,102,0.0007132171
71,102,0.0005833823
72,102,0.00027716346
73,102,0.00046532787
74,102,0.00027415436
75,102,0.00079469196
76,102,0.00037120376
77,102,0.00054263044
78,102,0.0009906823
79,102,0.00011836365
80,102,0.00034823548
81,102,4.73829e-05
82,102,0.00036855694
83,102,0.00060124416
84,102,0.00034010224
85,102,0.0004150672
86,102,0.0005129501
87,102,0.00064348243
88,102,0.0005026236
89,102,0.0006989222
90,102,0.0005790768
91,102,0.00062238704
92,102,0.0010736464
93,102,0.0011529652
94,102,0.0005515944
95,102,0.0011393558
96,102,0.0011453964
97,102,0.00030682422
98,102,0.0011016447
99,102,0.00013663247
100,102,0.0005398132
101,102,0.00071048643
102,102,-8.4412284e-05
103,102,0.00056335516
104,102,
105,102,
106,102,
107,102,
108,102,
109,102,
110,102,
111,102,
112,102,
113,102,
114,102,
115,102,
116,102,
117,102,
118,102,
119,102,
120,102,
121,102,
122,102,
123,102,
124,102,
125,102,
126,102,
127,102,0.0004127752
128,102,
129,102,
130,102,
131,102,0.00047614705
132,102,1.2444332e-05
133,102,-0.00015680213
134,102,0.00032456685
135,102,0.0007908456
136,102,0.00088442955
137,102,0.00043904595
138,102,0.00051583815
139,102,0.00021393504
140,102,0.00065526273
141,102,5.7195313e-05
142,102,-2.4278648e-05
143,102,0.00044184085
144,102,0.0005481504
145,102,0.0004820414
146,102,-0.00011430681
147,102,0.00063338503
148,102,0.0004226435
149,102,0.0005856389
150,102,0.0007350221
151,102,0.0007911697
152,102,0.00020036288
153,102,0.0003230786
154,102,0.0006744368
155,102,0.0005111769
156,102,8.749776e-06
157,102,0.00019234512
158,102,0.0005814135
159,102,0.0010218984
160,102,0.000441961
161,102,0.00018258765
162,102,0.00056340545
163,102,0.00072815455
164,102,0.00045262743
165,102,0.0009253556
166,102,0.00029277988
167,102,0.00080235023
168,102,0.00056434236
169,102,0.00043621007
170,102,0.00046618097
171,102,0.0007685069
172,102,0.0004672464
173,102,-8.288771e-05
174,102,0.0007662261
175,102,0.000329813
176,102,0.00051068794
177,102,0.00074161123
178,102,0.00060450844
179,102,0.00085221697
180,102,0.00042542443
181,102,0.0005130172
182,102,0.0003854409
183,102,0.00023606885
184,102,0.00083210785
185,102,0.0006052302
186,102,0.00040287338
187,102,0.00061227474
188,102,0.00029460993
189,102,0.0007904349
190,102,0.0006691711
191,102,0.00028650835
192,102,0.00076269545
193,102,0.0006521391
194,102,0.0010935729
195,102,0.00019666739
196,102,0.0010749893
197,102,0.00047381502
198,102,0.000499879
199,102,0.000740313
200,102,0.0005564578
201,102,0.00074014254
202,102,0.0005319584
203,102,0.00061861146
204,102,0.00031245872
205,102,0.0003715707
206,102,0.0006026495
207,102,0.00028383918
208,102,0.00030765124
209,102,0.000495499
210,102,0.0003646696
211,102,0.0009158077
212,102,-6.600935e-05
213,102,0.0014379257
214,102,0.00068907347
215,102,0.00021448359
216,102,0.0004980471
217,102,0.0004845839
218,102,0.00056511443
219,102,-8.377526e-05
220,102,8.92235e-05
221,102,0.00047452748
222,102,0.00061952043
223,102,-0.00014973246
224,102,0.0005958015
225,102,0.00031512417
226,102,0.00023059826
227,102,0.00045797415
228,102,0.00020765513
229,102,0.00040771533
230,102,0.00094401464
231,102,0.00049277674
232,102,0.00036370102
233,102,0.00053947326
234,102,0.00044588838
235,102,0.0005638683
236,102,0.00032566953
237,102,0.00027236156
238,102,8.820649e-05
239,102,-2.2484921e-05
240,102,7.933099e-05
241,102,0.00016046874
242,102,0.00049701054
243,102,0.000352256
244,102,-8.825399e-05
245,102,0.0004384471
246,102,0.0005186517
247,102,0.00035178754
248,102,0.0009777052
249,102,0.00057442114
250,102,0.0009255195
251,102,0.00035107322
252,102,0.00043665897
253,102,0.00045386143
254,102,0.00017189886
255,102,0.0005198503
256,102,0.00053289253
257,102,0.00032698736
258,102,0.00089955796
259,102,-0.00037792698
260,102,0.0008084122
261,102,0.0005261088
262,102,0.0008392194
263,102,0.001174516
264,102,0.00071793236
265,102,0.00043090992
266,102,0.00040492974
267,102,0.0009632353
268,102,0.0007277271
269,102,0.0003170306
270,102,0.0006201854
271,102,0.00030944124
272,102,0.00069140084
273,102,0.00073674414
274,102,0.00056210905
275,102,0.00027264003
276,102,0.0011710878
277,102,
278,102,
279,102,
280,102,
281,102,
282,102,
283,102,
284,102,
285,102,
286,102,
287,102,0.00050299056
288,102,0.00043788832
289,102,0.0006869007
290,102,0.0006179679
291,102,0.00054373406
292,102,0.00027744658
293,102,0.0005728556
294,102,0.00060520694
295,102,0.00041252282
296,102,0.00061871484
297,102,0.0007056454
298,102,0.00074407645
299,102,0.00052834675
300,102,0.0006766431
301,102,0.0005035931
302,102,0.00074838847
303,102,0.00024209172
304,102,0.00069887284
305,102,0.00031681266
306,102,0.00067927595
307,102,2.5480986e-05
308,102,0.0005080262
309,102,0.00059866626
310,102,0.0004356932
311,102,0.000706207
312,102,0.00057383906
313,102,0.00056152046
314,102,0.0007977113
315,102,0.0009826478
316,102,0.00089792814
317,102,0.0006227493
318,102,0.00057088584
319,102,0.0008278154
320,102,0.0004108008
321,102,0.0005204389
322,102,0.0003490122
323,102,0.00028568227
324,102,0.00039447565
325,102,5.3336844e-05
326,102,0.00038587023
327,102,0.00012448803
328,102,0.000913661
329,102,0.00042113382
330,102,0.0006502699
331,102,0.00070931483
332,102,0.00059717055
333,102,0.00042010192
334,102,0.0003587501
335,102,0.0003990531
336,102,0.0003655702
337,102,0.00034706853
338,102,0.00039561838
339,102,0.000330708
340,102,0.0007038545
341,102,0.0005050041
342,102,0.00042187236
343,102,0.00016509928
344,102,0.0005814638
345,102,0.0007931525
346,102,0.0007699169
347,102,0.00071535166
348,102,0.00031910464
349,102,0.00054986496
350,102,0.0002900511
351,102,0.00080731325
352,102,0.00092698727
353,102,0.00092009734
354,102,0.00043131784
355,102,0.0005075261
356,102,0.00048637576
357,102,0.00019725785
358,102,0.0009246608
359,102,0.000628775
360,102,0.00080216397
361,102,0.0007828707
362,102,0.0004899306
363,102,0.00065575074
364,102,0.00047914218
365,102,0.0003688084
366,102,0.00073669106
367,102,0.00036815368
368,102,0.00040449016
369,102,0.00030275248
370,102,0.00059285015
371,102,0.00068321545
372,102,0.0008123014
373,102,0.00021570548
374,102,0.00034783222
375,102,0.0007083714
376,102,0.0006657634
377,102,0.0008037798
378,102,0.00040308014
379,102,0.0005031144
380,102,0.00033193827
381,102,0.0005053282
382,102,0.00051001646
383,102,0.0005139578
384,102,0.00071910024
385,102,0.0009999629
386,102,0.000781158
387,102,0.0007472038
388,102,0.0009230133
389,102,0.00044372864
390,102,0.00044191256
391,102,0.0006806832
392,102,0.00047508907
393,102,0.000513725
394,102,0.0005432246
395,102,0.000733898
396,102,0.00022131205
397,102,0.0007808497
398,102,0.0006613219
399,102,0.00034868065
400,102,0.00021204352
401,102,0.00096938293
402,102,0.0007056296
403,102,0.00029665604
404,102,0.0006831158
405,102,0.00080350786
406,102,0.0011098608
407,102,0.0012131268
408,102,0.00074236747
409,102,0.0005894257
410,102,0.00032327604
411,102,0.0006677434
412,102,0.00016274955
413,102,0.00062853936
414,102,0.0008288631
415,102,0.00031239167
416,102,0.00035529584
417,102,0.0008785408
418,102,0.00088970456
419,102,0.0014939858
420,102,0.0013040686
421,102,0.0010806574
422,102,0.00073119625
423,102,0.00055645965
424,102,0.0005885931
425,102,0.0010606442
426,102,0.00097031146
427,102,0.0008517429
428,102,0.0013649194
429,102,0.00048415922
430,102,0.00031449087
431,102,0.00025925692
432,102,0.0007211119
433,102,0.0010823179
434,102,0.00095438305
435,102,0.00047428906
436,102,0.0009261621
437,102,0.00052955654
438,102,0.00022930652
439,102,6.458908e-05
440,102,0.00077158306
441,102,0.00052887015
442,102,0.0008124197
443,102,0.00048106536
444,102,0.00071738195
445,102,-0.00031436887
446,102,0.00072514825
447,102,0.0006095087
448,102,0.00082642585
449,102,0.000114354305
450,102,-2.1923333e-06
451,102,0.0009775497
452,102,2.3084693e-05
453,102,0.000956065
454,102,0.0005692765
455,102,0.0008051889
456,102,0.00036023743
457,102,0.0006939145
458,102,0.0007430678
459,102,-0.00010378566
460,102,0.00011767447
461,102,0.00039001647
462,102,0.0003908472
463,102,0.00048654433
464,102,0.00090791285
465,102,7.569324e-05
466,102,0.0004878752
467,102,0.000729125
468,102,0.00040081143
469,102,0.0006495323
470,102,0.0005628923
471,102,0.00043441262
472,102,0.0008828044
473,102,0.0004106965
474,102,0.00042655412
475,102,0.000581583
476,102,0.0007584961
477,102,0.00060016755
478,102,0.00091391336
479,102,0.00019137189
480,102,0.00016674772
481,102,0.0005054204
482,102,0.0005671941
483,102,0.00042488053
484,102,0.0006279629
485,102,0.0004983023
486,102,4.787091e-05
487,102,0.0010726908
488,102,0.0001377305
489,102,0.00012119766
490,102,0.00010306109
491,102,-0.0002508415
492,102,0.00070134737
493,102,0.00047807302
494,102,0.00046057068
0,103,0.00044769794
1,103,6.6309236e-05
2,103,0.00079555716
3,103,0.0011283681
4,103,0.0005183909
5,103,0.0006581396
6,103,0.00018930715
7,103,0.0006735958
8,103,0.0008423142
9,103,0.00038249698
10,103,0.0006652083
11,103,0.00040016696
12,103,0.00013588462
13,103,0.000673159
14,103,0.0006671613
15,103,
16,103,
17,103,
18,103,
19,103,
20,103,
21,103,
22,103,
23,103,
24,103,
25,103,0.00021122489
26,103,0.00064859167
27,103,0.00022524316
28,103,0.00039824937
29,103,0.001198587
30,103,0.0005809795
31,103,0.00087690353
32,103,0.00088412315
33,103,0.0003052503
34,103,0.0006257305
35,103,0.00037935283
36,103,0.00027766638
37,103,-7.6286495e-05
38,103,0.0005561989
39,103,0.00026486441
40,103,0.00034278817
41,103,0.0012997864
42,103,0.00037829485
43,103,0.00045382138
44,103,0.00066192355
45,103,0.00054160226
46,103,0.00032702088
47,103,0.0005609514
48,103,0.0006914148
49,103,0.0009343717
50,103,0.0007570656
51,103,0.00089110807
52,103,0.00047629885
53,103,0.0009714011
54,103,0.0008797012
55,103,0.0004830677
56,103,0.00046961568
57,103,0.00071459636
58,103,0.00027224235
59,103,0.00017967168
60,103,0.00029354263
61,103,0.00016088411
62,103,0.00027687568
63,103,0.00061972346
64,103,0.00052835234
65,103,0.0002431469
66,103,0.0004126709
67,103,0.00048354082
68,103,0.0003436068
69,103,0.0006453721
70,103,0.0004970096
71,103,0.00021420699
72,103,0.00062746275
73,103,0.000613329
74,103,0.0003451025
75,103,0.0009459518
76,103,0.00020281877
77,103,0.00017952174
78,103,0.00033371057
79,103,0.00069970544
80,103,0.0005114451
81,103,-1.2993813e-05
82,103,0.0007709656
83,103,0.0003308365
84,103,0.00046558958
85,103,8.886028e-05
86,103,0.00010887254
87,103,7.525366e-05
88,103,0.00032662507
89,103,0.00075146
90,103,0.0009880047
91,103,0.00068926625
92,103,0.00028678495
93,103,0.00070818793
94,103,0.0004252866
95,103,0.00078061037
96,103,0.00070798676
97,103,0.0009742435
98,103,0.000618211
99,103,0.0008038655
100,103,0.0009362139
101,103,0.000600216
102,103,0.0005494375
103,103,0.00033674575
104,103,
105,103,
106,103,
107,103,
108,103,
109,103,
110,103,
111,103,
112,103,
113,103,
114,103,
115,103,
116,103,
117,103,
118,103,
119,103,
120,103,
121,103,
122,103,0.00045047235
123,103,
124,103,
125,103,
126,103,
127,103,0.00071450975
128,103,
129,103,0.00037084613
130,103,0.000102989376
131,103,
132,103,0.00011959579
133,103,0.0004873136
134,103,0.00015727151
135,103,0.00014534313
136,103,0.00083258376
137,103,0.0003090566
138,103,3.7235208e-05
139,103,0.00090282876
140,103,0.00035793893
141,103,0.0004815664
142,103,0.0006208671
143,103,7.241964e-05
144,103,0.00039200298
145,103,0.0006454149
146,103,0.00079016946
147,103,0.0004088888
148,103,0.0007487433
149,103,-0.00010920223
150,103,0.00081777386
151,103,0.0009784997
152,103,0.00069861487
153,103,0.0006339988
154,103,0.00027532782
155,103,0.0004455233
156,103,0.0004888121
157,103,0.00044006016
158,103,0.0004885625
159,103,7.1188435e-05
160,103,0.00065815076
161,103,-7.5646676e-05
162,103,0.00018121768
163,103,0.00029324275
164,103,0.00052370597
165,103,0.00018286891
166,103,0.00015888736
167,103,0.00025079772
168,103,0.0005273428
169,103,0.00038470887
170,103,-0.00034547225
171,103,5.3893775e-05
172,103,0.0004163785
173,103,0.00038884394
174,103,0.0003902819
175,103,0.0002792962
176,103,-3.2747164e-05
177,103,0.00092703104
178,103,0.00032303575
179,103,0.0009026658
180,103,0.0002742298
181,103,0.0005888883
182,103,0.00042870734
183,103,0.0007365756
184,103,0.0005190503
185,103,0.00036261044
186,103,0.00029160827
187,103,0.0007849345
188,103,0.0005575167
189,103,0.0008028466
190,103,0.0005393317
191,103,0.00063934084
192,103,0.0005528806
193,103,0.00075797737
194,103,0.00019986462
195,103,0.00047655124
196,103,0.00075431913
197,103,0.00062304456
198,103,0.00054808985
199,103,0.0002457546
200,103,0.0006857151
201,103,0.00052791927
202,103,0.0005069496
203,103,0.00047022756
204,103,0.00029026624
205,103,0.0006593615
206,103,0.0005052611
207,103,0.00046815537
208,103,0.00026219897
209,103,0.0003683567
210,103,0.00023228116
211,103,0.0007547075
212,103,0.00035013445
213,103,0.00034256373
214,103,0.00019784272
215,103,0.00043429155
216,103,0.0010685688
217,103,0.00018169545
218,103,0.00049210247
219,103,0.00041690748
220,103,0.00083805434
221,103,0.00043042842
222,103,0.0004513394
223,103,0.00045082904
224,103,0.0007255934
225,103,0.00030961167
226,103,0.00021521747
227,103,0.0002766205
228,103,0.00016314909
229,103,-2.3379922e-05
230,103,0.0005308641
231,103,0.00050595216
232,103,0.00086817704
233,103,0.00016279519
234,103,0.0005415473
235,103,0.00062716566
236,103,0.00044481643
237,103,0.0008014748
238,103,0.00030650292
239,103,0.00023214985
240,103,0.000113108195
241,103,0.00015288964
242,103,0.00037081633
243,103,0.00026279502
244,103,0.0007882081
245,103,0.00059623644
246,103,0.0004999414
247,103,0.0005360199
248,103,0.0007370394
249,103,0.00032227952
250,103,0.00063610636
251,103,0.00048701558
252,103,6.9815665e-05
253,103,0.00023434963
254,103,0.0005588392
255,103,0.0007167896
256,103,0.00032549817
257,103,-0.00016612932
258,103,0.00061840564
259,103,4.7513284e-05
260,103,0.0006888136
261,103,0.0008268347
262,103,0.00033765566
263,103,0.00069200713
264,103,0.00058384426
265,103,0.00041862018
266,103,0.00016456097
267,103,0.0003866572
268,103,0.00067747664
269,103,0.0007882938
270,103,0.00074006524
271,103,0.0003214581
272,103,0.00020947494
273,103,0.0008138474
274,103,0.0006212238
275,103,0.0006782133
276,103,
277,103,
278,103,
279,103,
280,103,
281,103,
282,103,
283,103,
284,103,
285,103,
286,103,0.00032253098
287,103,0.00030328892
288,103,0.0003415048
289,103,0.0008075647
290,103,0.0005913209
291,103,0.0003485903
292,103,0.0005984865
293,103,0.0005636206
294,103,0.0006808415
295,103,0.00051005464
296,103,0.0005035037
297,103,0.00055203773
298,103,0.00025386177
299,103,0.00036055036
300,103,0.0005669752
301,103,0.00036018714
302,103,0.00048774295
303,103,0.00069062505
304,103,0.0001558438
305,103,0.00028845295
306,103,-9.3052164e-05
307,103,0.00045732595
308,103,0.000405835
309,103,0.0003352156
310,103,0.00043342076
311,103,0.00010934379
312,103,0.0006456636
313,103,0.0005841069
314,103,0.00035884697
315,103,0.0004709605
316,103,0.0008532265
317,103,0.00054359064
318,103,0.0004159119
319,103,0.00029773824
320,103,0.0003917953
321,103,0.0005831169
322,103,0.00048374198
323,103,0.00032338314
324,103,0.0002054954
325,103,0.0004223371
326,103,0.0003587734
327,103,0.00064315554
328,103,0.0005883118
329,103,0.00029887073
330,103,-0.00014941487
331,103,0.00059156027
332,103,0.00045481324
333,103,0.00019049458
334,103,0.00012552552
335,103,0.0006101029
336,103,0.0004071854
337,103,0.00016436726
338,103,4.3790787e-05
339,103,0.0004995754
340,103,0.00055457186
341,103,0.000102805905
342,103,0.00019779522
343,103,0.00097369496
344,103,0.0008107871
345,103,0.00057579763
346,103,0.0004908852
347,103,0.00057691894
348,103,0.00040366687
349,103,0.0006764773
350,103,0.00074326526
351,103,0.00038534962
352,103,0.0009854576
353,103,0.00077184476
354,103,0.0005745655
355,103,0.0009932127
356,103,0.0007470669
357,103,0.00061259046
358,103,0.00042279717
359,103,0.0005047498
360,103,0.0005360581
361,103,0.00042402744
362,103,0.0006045168
363,103,0.0007467009
364,103,0.00047865417
365,103,0.0006975904
366,103,0.00032355543
367,103,0.00060699135
368,103,0.00053847954
369,103,0.00040027592
370,103,0.00043803174
371,103,0.0006322898
372,103,0.0004626736
373,103,0.00055991765
374,103,0.00054901466
375,103,0.00088873785
376,103,0.00057212077
377,103,0.00062628277
378,103,0.00047544576
379,103,0.0006596651
380,103,0.0006577922
381,103,0.0009259917
382,103,0.0010083206
383,103,0.0008445997
384,103,0.00074504595
385,103,0.00072059315
386,103,0.00046291202
387,103,0.00080758147
388,103,0.0009672111
389,103,0.0005106181
390,103,0.0010268176
391,103,0.00016403198
392,103,0.00055162515
393,103,7.810537e-05
394,103,0.00081077684
395,103,0.0013312623
396,103,0.00016954634
397,103,0.0007588351
398,103,0.0007750336
399,103,0.0006759707
400,103,0.0005723834
401,103,0.000867757
402,103,0.00047344808
403,103,0.0002854606
404,103,-2.4233013e-05
405,103,0.0006540902
406,103,0.0003518425
407,103,0.0009788601
408,103,0.00046543963
409,103,0.00018040929
410,103,0.0004449077
411,103,0.0007429775
412,103,0.00080933794
413,103,0.00078950357
414,103,0.00043514837
415,103,0.00050583575
416,103,0.00043331925
417,103,0.0005203672
418,103,0.0007463917
419,103,0.00036712736
420,103,0.0006813938
421,103,6.2239356e-05
422,103,0.000599646
423,103,0.00036301557
424,103,0.00055562984
425,103,0.0008124234
426,103,0.00042765867
427,103,0.00049210433
428,103,0.0005109813
429,103,0.001147477
430,103,1.2603588e-05
431,103,0.0010139439
432,103,0.0004491564
433,103,0.00066770986
434,103,0.0009918511
435,103,0.00065091904
436,103,0.00055832043
437,103,0.0010231705
438,103,0.00034494698
439,103,0.00062964857
440,103,0.00029597245
441,103,0.0006321743
442,103,0.0005187774
443,103,0.0005117981
444,103,0.0008815024
445,103,-2.0353124e-05
446,103,-0.00018948689
447,103,0.0004444616
448,103,0.0012201276
449,103,6.4816326e-05
450,103,0.0003820043
451,103,-5.838927e-05
452,103,0.0002284348
453,103,0.00079558697
454,103,0.0005045999
455,103,0.00055600796
456,103,0.0006152736
457,103,0.00077075604
458,103,0.0013349485
459,103,0.00054400694
460,103,0.0005132528
461,103,0.00044006854
462,103,0.0005909316
463,103,0.0006203363
464,103,0.00047015212
465,103,-0.00016776286
466,103,0.00054570194
467,103,0.000111131
468,103,0.00059398636
469,103,0.0009996239
470,103,0.00066103693
471,103,0.00032376964
472,103,0.00040339865
473,103,0.00046146195
474,103,0.0006877966
475,103,0.000719931
476,103,0.00059907604
477,103,0.00044520758
478,103,0.00024575647
479,103,0.00076648314
480,103,0.00036070123
481,103,0.0005471818
482,103,0.00063668936
483,103,0.0006253384
484,103,0.00063324627
485,103,0.00078687444
486,103,0.0004217187
487,103,0.0004743226
488,103,0.00058030896
489,103,0.0009445362
490,103,0.00040018372
491,103,0.0005235635
492,103,0.00018773973
493,103,0.0005560601
494,103,0.0010933718
0,104,0.0006400896
1,104,0.00075837225
2,104,0.0009067068
3,104,0.00021895487
4,104,0.00060242414
5,104,0.00061291736
6,104,0.0003805682
7,104,0.0002545938
8,104,0.00017206185
9,104,0.00093169976
10,104,0.00028206594
11,104,0.00038768724
12,104,0.0007333765
13,104,0.0005098721
14,104,0.00018555485
15,104,
16,104,
17,104,
18,104,
19,104,
20,104,
21,104,
22,104,
23,104,
24,104,
25,104,2.2381544e-05
26,104,-1.8342398e-05
27,104,0.0004915688
28,104,-0.00012998469
29,104,0.001068945
30,104,0.0007478101
31,104,0.00064667873
32,104,0.0006651962
33,104,0.00031334907
34,104,0.000851064
35,104,0.00020539016
36,104,0.00063284114
37,104,0.00046558306
38,104,0.0004447233
39,104,0.0002788063
40,104,0.0003016228
41,104,0.00059955195
42,104,0.0009259293
43,104,0.0006936593
44,104,0.000358806
45,104,0.00019326247
46,104,0.0008805264
47,104,0.00066618435
48,104,0.00085193757
49,104,0.00023191143
50,104,0.00048909057
51,104,0.00053785834
52,104,0.00079890806
53,104,0.0005244585
54,104,-8.5623e-05
55,104,0.00059637614
56,104,0.00033161975
57,104,0.00049946737
58,104,0.0005740328
59,104,0.0007372219
60,104,0.0006313361
61,104,0.0008615777
62,104,0.0010098079
63,104,0.0008932706
64,104,0.0004900843
65,104,0.00056123734
66,104,0.0008909432
67,104,0.0006477954
68,104,0.00040841568
69,104,0.0006967718
70,104,0.00017973315
71,104,-3.5903417e-05
72,104,0.0006528832
73,104,0.00049523637
74,104,0.00016907044
75,104,0.00067716185
76,104,0.0007719649
77,104,-0.00018513855
78,104,0.00052331574
79,104,0.00036650524
80,104,0.0004135305
81,104,0.0005391622
82,104,0.00055524055
83,104,3.784336e-05
84,104,0.00029293913
85,104,0.0007099351
86,104,0.0006295666
87,104,0.0003926158
88,104,0.0005769376
89,104,0.00052570365
90,104,0.00075499434
91,104,0.00042507146
92,104,0.0009794049
93,104,0.00068297796
94,104,0.0005087247
95,104,0.0007353481
96,104,0.0006815847
97,104,0.0011289893
98,104,0.0009242911
99,104,0.00074136443
100,104,0.0006892029
101,104,0.001136777
102,104,0.0003948845
103,104,0.0005200906
104,104,
105,104,
106,104,
107,104,
108,104,
109,104,
110,104,
111,104,
112,104,
113,104,
114,104,
115,104,
116,104,
117,104,
118,104,
119,104,
120,104,
121,104,
122,104,
123,104,0.0010194108
124,104,
125,104,
126,104,
127,104,
128,104,0.00041693356
129,104,0.00032654684
130,104,
131,104,
132,104,0.0004445836
133,104,0.00080119725
134,104,0.0006281119
135,104,7.631257e-06
136,104,6.766897e-05
137,104,0.0005868934
138,104,0.000103319995
139,104,0.0005039042
140,104,-0.00043814443
141,104,0.0007633306
142,104,0.00030394178
143,104,0.0002971962
144,104,0.00048802048
145,104,0.00043826923
146,104,0.0005927356
147,104,0.0007479442
148,104,0.0007240707
149,104,0.00045771524
150,104,8.94852e-05
151,104,0.0003045788
152,104,0.0005562678
153,104,0.00042547844
154,104,0.00028076116
155,104,0.0003499724
156,104,0.00040436164
157,104,0.00043149106
158,104,0.00038931333
159,104,0.00044043176
160,104,0.0002569994
161,104,0.0009638816
162,104,0.0009028893
163,104,0.0007709712
164,104,2.0599924e-05
165,104,0.0007301243
166,104,0.00020935666
167,104,0.000401997
168,104,0.00022292323
169,104,4.739035e-05
170,104,-0.0003164988
171,104,0.0011391342
172,104,0.00027512014
173,104,0.00032193586
174,104,0.00032535754
175,104,0.00030047074
176,104,0.0005937973
177,104,0.00054196455
178,104,0.0007070657
179,104,0.0003695935
180,104,0.0002663983
181,104,0.00055042095
182,104,-0.00013952237
183,104,0.000514511
184,104,0.00024635252
185,104,0.00038456172
186,104,0.00027465913
187,104,0.000453325
188,104,0.00071024336
189,104,0.000673363
190,104,0.0005930951
191,104,0.00060307514
192,104,0.00052973535
193,104,0.0005091373
194,104,0.000995541
195,104,0.0006140135
196,104,0.00015477184
197,104,0.00045932923
198,104,0.0006381497
199,104,0.0003678184
200,104,0.0006600162
201,104,0.0004065102
202,104,0.00061473437
203,104,0.00031459518
204,104,0.00017608795
205,104,0.00040917005
206,104,0.00023899786
207,104,0.00020543765
208,104,0.00014397409
209,104,0.00040202774
210,104,0.00033893622
211,104,0.00064667687
212,104,0.00059364084
213,104,0.0010010395
214,104,0.00034533162
215,104,0.00024495833
216,104,0.00037664734
217,104,0.0006371774
218,104,0.00062124245
219,104,0.00062101707
220,104,0.00046736374
221,104,0.00029603206
222,104,-0.00032539573
223,104,0.0003937874
224,104,0.00035057776
225,104,0.0007513501
226,104,0.00025146268
227,104,0.00077509694
228,104,0.00071490277
229,104,0.0004810216
230,104,0.00044680014
231,104,0.0007261317
232,104,0.00017729029
233,104,0.000310882
234,104,0.00024329871
235,104,0.00025673304
236,104,0.00066061784
237,104,0.00061270036
238,104,0.00043322332
239,104,0.000836757
240,104,0.00062813796
241,104,0.00030574854
242,104,0.00081661996
243,104,0.00014544837
244,104,8.017663e-05
245,104,0.00091141835
246,104,0.00048339926
247,104,0.0011250898
248,104,0.0002613673
249,104,0.0006061699
250,104,0.00036323536
251,104,0.00040252786
252,104,0.00084316544
253,104,0.0003800625
254,104,0.00021552481
255,104,0.0013541551
256,104,0.00043683033
257,104,0.00026760902
258,104,0.00042607263
259,104,0.0005063955
260,104,0.00080069155
261,104,0.0005057696
262,104,0.000563249
263,104,0.00079246704
264,104,0.001046678
265,104,0.00086524803
266,104,1.4918856e-05
267,104,0.00059610046
268,104,0.0008455189
269,104,0.0003760485
270,104,0.0003021136
271,104,9.817351e-05
272,104,0.0004653288
273,104,0.00020025577
274,104,0.000796685
275,104,0.00040583778
276,104,0.00020118244
277,104,0.00027599093
278,104,
279,104,
280,104,
281,104,
282,104,
283,104,
284,104,
285,104,
286,104,
287,104,0.00034283288
288,104,0.0005555246
289,104,0.0005158689
290,104,0.0007472858
291,104,0.00016982108
292,104,0.0005145529
293,104,0.0005128812
294,104,-0.00015737303
295,104,0.0008604508
296,104,0.0005428819
297,104,0.0006351536
298,104,0.0002710903
299,104,0.0010187458
300,104,0.0005473569
301,104,0.00066870917
302,104,0.001132586
303,104,0.0005909335
304,104,0.00021021161
305,104,0.00047161616
306,104,0.00062428974
307,104,0.0010943618
308,104,0.0010864297
309,104,0.00022924785
310,104,0.0004192982
311,104,0.00050181244
312,104,0.00057702046
313,104,0.0005063666
314,104,0.00076035876
315,104,0.0007679798
316,104,0.00094441697
317,104,0.0004905183
318,104,0.00090274215
319,104,0.00078036357
320,104,0.00068678893
321,104,0.00016764645
322,104,0.0005328879
323,104,0.00028475933
324,104,0.00036353897
325,104,0.0003963383
326,104,0.00018399209
327,104,0.00071176793
328,104,0.0003196746
329,104,0.00091335736
330,104,0.0005362844
331,104,0.00033098273
332,104,0.0006015524
333,104,0.00040375162
334,104,0.0004511485
335,104,0.0006729737
336,104,0.0006529242
337,104,0.00010872446
338,104,0.00040485524
339,104,0.00022666436
340,104,0.00058021955
341,104,0.00019553863
342,104,0.0006626807
343,104,0.00022726692
344,104,0.00057991967
345,104,0.00047947373
346,104,0.0004067691
347,104,0.00030059274
348,104,0.0008061603
349,104,0.0006848974
350,104,0.0005523991
351,104,0.00070361793
352,104,0.0005945619
353,104,0.00032877177
354,104,0.0006999476
355,104,0.0006804578
356,104,0.00069861487
357,104,0.00046111178
358,104,0.0010401793
359,104,0.000675044
360,104,0.000728067
361,104,0.0006205281
362,104,0.0007009385
363,104,0.000568795
364,104,0.0005568266
365,104,0.0008165138
366,104,0.000685161
367,104,0.0007376876
368,104,0.00050175376
369,104,0.00087065157
370,104,0.0013135727
371,104,2.1038577e-05
372,104,0.0004136311
373,104,0.00043948926
374,104,0.00042593293
375,104,0.00058483146
376,104,0.00042624213
377,104,0.0005986132
378,104,0.0005738018
379,104,0.00039488077
380,104,0.0006030863
381,104,0.0007939646
382,104,0.0008419361
383,104,0.0003476916
384,104,0.00042127632
385,104,0.0009936336
386,104,0.0006807074
387,104,0.00068738405
388,104,0.00038072653
389,104,0.0005045729
390,104,0.00048803538
391,104,0.00080609415
392,104,0.00065404736
393,104,0.00051402766
394,104,0.00040511228
395,104,0.00092417374
396,104,0.00029889867
397,104,0.00032916665
398,104,0.0002049189
399,104,0.0011453731
400,104,0.0004941458
401,104,0.0005010627
402,104,0.0005870629
403,104,0.00074036606
404,104,0.00089254417
405,104,0.0002812855
406,104,0.0009874944
407,104,0.0005748505
408,104,-4.2373314e-05
409,104,0.0007323902
410,104,0.00074087176
411,104,0.00065908395
412,104,0.000501805
413,104,0.000882498
414,104,0.0010342719
415,104,0.0003841808
416,104,0.0004462963
417,104,0.0005410779
418,104,0.00048006698
419,104,0.00040635746
420,104,0.00030197576
421,104,0.00040076394
422,104,0.00045515317
423,104,0.00057305023
424,104,0.00061751995
425,104,0.0003870083
426,104,0.0006803656
427,104,0.00031799264
428,104,0.0003412729
429,104,0.0004891455
430,104,
431,104,0.0006186813
432,104,0.00046277698
433,104,
434,104,0.000827441
435,104,
436,104,0.0010176972
437,104,0.00033548567
438,104,0.0010860898
439,104,-0.00017916784
440,104,0.00087529514
441,104,0.0002738731
442,104,3.1319447e-05
443,104,0.0006261505
444,104,0.0006706016
445,104,0.0004620729
446,104,0.0007798914
447,104,0.00011099223
448,104,0.0002804119
449,104,0.0005623689
450,104,0.00016339496
451,104,0.00024713296
452,104,0.0008145226
453,104,0.0006115297
454,104,0.0011195401
455,104,0.00064378045
456,104,-7.695705e-05
457,104,0.00083668437
458,104,0.0010145968
459,104,0.0007501934
460,104,0.0007720841
461,104,-0.00019393954
462,104,0.0005509993
463,104,0.00033743586
464,104,0.00010490976
465,104,0.0007596286
466,104,0.0006034076
467,104,0.0008348804
468,104,0.00082082767
469,104,0.0007116562
470,104,0.0006735753
471,104,0.0007541813
472,104,0.00070851576
473,104,0.0007925797
474,104,0.00057928544
475,104,0.00038025435
476,104,0.00050366856
477,104,0.00049890764
478,104,0.0005664993
479,104,0.0006093681
480,104,0.00080474466
481,104,0.00048878696
482,104,0.00013859384
483,104,0.000762444
484,104,0.000979648
485,104,0.00050808676
486,104,8.900836e-05
487,104,0.0005519856
488,104,0.0005367957
489,104,0.00021688081
490,104,0.0007406827
491,104,0.00020878483
492,104,0.00085091125
493,104,0.00038063154
494,104,0.00060820766
0,105,0.00057041645
1,105,0.00065541826
2,105,0.00032912008
3,105,0.00089548714
4,105,0.00041065458
5,105,0.00034110248
6,105,0.00040809996
7,105,0.0003218837
8,105,0.00055783987
9,105,0.000880938
10,105,0.0007406417
11,105,7.136725e-05
12,105,0.00019132439
13,105,0.00092511624
14,105,0.0010099076
15,105,0.00056154
16,105,
17,105,
18,105,
19,105,
20,105,
21,105,
22,105,
23,105,
24,105,
25,105,0.00082519185
26,105,0.0004977025
27,105,-0.00014425162
28,105,0.000253235
29,105,0.00045267213
30,105,0.00039560813
31,105,0.00033372268
32,105,0.0007203147
33,105,0.0004612729
34,105,0.00079666544
35,105,0.0008428991
36,105,0.00048518926
37,105,0.0005986728
38,105,0.00054489635
39,105,0.00036507193
40,105,0.0008594729
41,105,0.0005108584
42,105,0.0006820485
43,105,0.0012199758
44,105,0.00075276196
45,105,0.0010602055
46,105,0.0007913625
47,105,0.0008060057
48,105,0.0010942174
49,105,0.0001353072
50,105,0.0005979799
51,105,0.0006424254
52,105,0.0009173015
53,105,0.0012292005
54,105,0.0008739196
55,105,0.0005482584
56,105,0.00060699973
57,105,0.0007289341
58,105,0.00031059328
59,105,0.0003296826
60,105,0.0006739646
61,105,0.000665687
62,105,0.0005664807
63,105,0.0005456703
64,105,0.000860936
65,105,0.00044304505
66,105,0.00025545433
67,105,7.18683e-05
68,105,0.00049264636
69,105,0.0006058337
70,105,0.0007165056
71,105,1.663249e-05
72,105,0.0015181359
73,105,0.00037362706
74,105,0.0004724618
75,105,0.0001826277
76,105,0.00065607484
77,105,0.00083564594
78,105,0.00035755336
79,105,0.0006683273
80,105,-0.00017965212
81,105,0.001254702
82,105,0.0002784822
83,105,-0.000118128024
84,105,0.0006426824
85,105,0.00064349826
86,105,0.000727226
87,105,0.00080853514
88,105,0.00029102433
89,105,0.00037949532
90,105,0.0010680174
91,105,0.0008456344
92,105,0.0009156214
93,105,0.00058960915
94,105,0.0011505559
95,105,0.0010424666
96,105,0.00068204943
97,105,0.00036962144
98,105,0.0004316885
99,105,0.00087926164
100,105,0.00071073044
101,105,0.0008829981
102,105,0.00015438255
103,105,0.0003888067
104,105,
105,105,
106,105,
107,105,
108,105,
109,105,
110,105,
111,105,
112,105,
113,105,
114,105,
115,105,
116,105,
117,105,
118,105,
119,105,
120,105,
121,105,
122,105,
123,105,
124,105,
125,105,
126,105,
127,105,
128,105,0.00034535676
129,105,0.0006024474
130,105,0.00036642049
131,105,0.0006690398
132,105,0.00016057026
133,105,0.00031323358
134,105,-8.185208e-05
135,105,-0.0003177533
136,105,0.00022368599
137,105,0.00072254054
138,105,1.5649013e-05
139,105,0.00016636588
140,105,0.0009309249
141,105,0.0004110895
142,105,6.7082234e-05
143,105,0.00037381798
144,105,0.00017614663
145,105,0.0004996024
146,105,0.0006511463
147,105,0.00084903464
148,105,0.0005099494
149,105,0.00040690694
150,105,0.0006916523
151,105,0.0005347766
152,105,0.00050003454
153,105,0.0010301461
154,105,0.00062770024
155,105,0.0005193893
156,105,0.00048620906
157,105,0.0007929504
158,105,-0.00019085873
159,105,0.0005483534
160,105,0.0010799998
161,105,0.0003127847
162,105,0.000508151
163,105,0.00071214046
164,105,3.6591664e-05
165,105,0.00034436677
166,105,0.00022688136
167,105,0.000623988
168,105,0.000673932
169,105,0.00067100674
170,105,0.00065210834
171,105,0.00069300085
172,105,0.0004477799
173,105,0.00025079027
174,105,0.0010404177
175,105,0.0005204538
176,105,-0.00014318153
177,105,0.0002677692
178,105,0.0005098814
179,105,0.00045325514
180,105,0.0003363993
181,105,0.0006104326
182,105,0.00059358124
183,105,0.000476419
184,105,0.00047675334
185,105,0.00038208626
186,105,0.00027640443
187,105,0.0005484577
188,105,0.00020524114
189,105,0.0008692965
190,105,0.0004643211
191,105,0.0009881947
192,105,0.0010163682
193,105,0.0006810622
194,105,0.0009003347
195,105,0.00048578344
196,105,0.0008718036
197,105,0.0005987631
198,105,0.0006862674
199,105,0.00026729237
200,105,0.0008579353
201,105,0.0005325815
202,105,0.0006343536
203,105,0.00064638164
204,105,0.00056028366
205,105,0.00055367965
206,105,0.0006302297
207,105,0.0004941588
208,105,0.00074753724
209,105,0.00040284172
210,105,0.00065707415
211,105,0.00020080525
212,105,0.00084623415
213,105,0.00037958287
214,105,0.000113706104
215,105,0.00043928064
216,105,2.9742718e-05
217,105,0.00052308105
218,105,0.00075729005
219,105,0.00016857497
220,105,0.0006398242
221,105,0.0011133105
222,105,0.00086078607
223,105,0.00066069234
224,105,0.0003184704
225,105,0.00068590697
226,105,9.297114e-05
227,105,-0.00015874673
228,105,0.00055532344
229,105,0.00055133365
230,105,0.00017277058
231,105,0.0005104216
232,105,0.0005764719
233,105,0.00031817518
234,105,0.00062205456
235,105,0.00046158768
236,105,0.0010105679
237,105,0.00065376144
238,105,0.0003526546
239,105,0.0011552162
240,105,0.00044669025
241,105,0.0007060021
242,105,0.00062480476
243,105,0.00020009652
244,105,0.0005171886
245,105,0.0005693417
246,105,0.0009658113
247,105,0.000463699
248,105,0.0003765477
249,105,-6.144121e-05
250,105,0.00036753528
251,105,0.00079907756
252,105,0.0004074676
253,105,0.001009088
254,105,3.6745332e-05
255,105,0.00026332028
256,105,0.00018475298
257,105,0.00027493853
258,105,-1.0058284e-06
259,105,0.00050471164
260,105,-7.587485e-06
261,105,0.00081253704
262,105,0.00018125866
263,105,-0.0003079055
264,105,0.0007419288
265,105,0.000432726
266,105,0.0003255196
267,105,0.00012455229
268,105,0.0003032675
269,105,0.00061708875
270,105,0.00058486965
271,105,0.00048787333
272,105,0.00042199902
273,105,0.0009344267
274,105,0.0005859602
275,105,0.00043672975
276,105,0.00060977787
277,105,
278,105,
279,105,
280,105,
281,105,
282,105,
283,105,
284,105,
285,105,
286,105,
287,105,0.0010345625
288,105,0.0004777303
289,105,0.0003058361
290,105,0.00076404866
291,105,0.00083102006
292,105,0.0005282359
293,105,0.0008133035
294,105,0.000726399
295,105,0.0008461671
296,105,0.00037931278
297,105,0.0007557012
298,105,0.00024100393
299,105,0.00019018352
300,105,0.00071768276
301,105,0.00063810125
302,105,0.00068033393
303,105,0.00090057217
304,105,0.0007085772
305,105,0.0001387028
306,105,0.00047975872
307,105,0.00087066554
308,105,0.00076125935
309,105,0.0008622091
310,105,0.00050584134
311,105,0.00057572965
312,105,0.0005714176
313,105,0.00024532992
314,105,0.00045997556
315,105,0.00043767225
316,105,0.00040039886
317,105,0.0004719142
318,105,0.0007534977
319,105,0.00092109106
320,105,0.00040118676
321,105,0.00038045738
322,105,0.000376679
323,105,0.00023745187
324,105,0.0005448386
325,105,0.00055900123
326,105,0.00066346116
327,105,0.00067778863
328,105,0.00027782097
329,105,0.00042711198
330,105,0.0004193252
331,105,0.00020028744
332,105,0.0005446365
333,105,4.237611e-05
334,105,0.0005892031
335,105,0.00077781826
336,105,0.00030096807
337,105,0.0004629949
338,105,0.0006283941
339,105,0.0011369688
340,105,0.00079535414
341,105,0.00060260575
342,105,0.0005158391
343,105,0.00074710324
344,105,0.0007143831
345,105,0.00042316038
346,105,0.00017415732
347,105,0.00044748932
348,105,0.00043587945
349,105,0.00037629716
350,105,0.0012621097
351,105,0.0008496633
352,105,0.0005793441
353,105,0.0004175417
354,105,0.0009945687
355,105,0.0011021243
356,105,0.00071843155
357,105,0.0003029164
358,105,0.000784751
359,105,0.00071414653
360,105,0.0009366721
361,105,0.0008010203
362,105,0.0005874345
363,105,0.00079060066
364,105,0.000607105
365,105,0.00067001395
366,105,0.00026766025
367,105,0.0006281566
368,105,0.00080975983
369,105,0.0006329268
370,105,0.00062167924
371,105,0.0009797309
372,105,0.0006393185
373,105,0.00051142834
374,105,0.0005668476
375,105,0.00064843707
376,105,0.00052049104
377,105,0.00044992473
378,105,0.00048430078
379,105,0.000565554
380,105,0.0005816836
381,105,0.0004951414
382,105,0.0003740061
383,105,0.0008353442
384,105,0.00082071964
385,105,0.0009652553
386,105,0.000587672
387,105,0.00072608795
388,105,0.0007251352
389,105,0.0009682439
390,105,0.0011511063
391,105,0.000794759
392,105,0.0005712453
393,105,0.0008046031
394,105,0.0006903056
395,105,0.0006995322
396,105,0.0007039951
397,105,0.00043208804
398,105,0.00037111994
399,105,0.00034236815
400,105,0.0010946803
401,105,0.00081716385
402,105,0.0007255692
403,105,0.0008256426
404,105,4.8134476e-05
405,105,0.0008364329
406,105,0.00068809185
407,105,0.00041670445
408,105,0.001256235
409,105,0.00034739822
410,105,0.0008318499
411,105,0.0009908741
412,105,0.00049738586
413,105,0.0013449257
414,105,0.00050057005
415,105,0.00095047615
416,105,-0.00012322981
417,105,0.0004140688
418,105,0.0009775786
419,105,0.0006338954
420,105,0.00015045889
421,105,0.0009806631
422,105,0.00055961683
423,105,0.00037638098
424,105,0.00079011824
425,105,0.0010799747
426,105,
427,105,0.0005450556
428,105,
429,105,0.0004072152
430,105,0.0007832814
431,105,0.0008840747
432,105,0.0008960264
433,105,0.00046401378
434,105,0.0006625727
435,105,
436,105,0.00078412145
437,105,0.00021323655
438,105,0.00029216707
439,105,0.0004959749
440,105,0.0010497076
441,105,-2.4353154e-05
442,105,0.00056153256
443,105,0.00016409904
444,105,7.1590766e-06
445,105,0.000927601
446,105,-9.5251016e-05
447,105,0.0007202104
448,105,4.8033893e-05
449,105,0.00038470887
450,105,5.2668154e-05
451,105,8.705631e-05
452,105,2.9494055e-05
453,105,0.0005794801
454,105,0.00044715125
455,105,0.0010304404
456,105,0.0009776521
457,105,0.0008635204
458,105,0.0012063775
459,105,0.00045851804
460,105,0.000580539
461,105,0.00066584535
462,105,0.00026557408
463,105,0.00061828736
464,105,0.00015559793
465,105,0.0002631843
466,105,0.00089413766
467,105,0.00070301816
468,105,0.0007206872
469,105,0.00011045486
470,105,0.0007048119
471,105,0.00085607544
472,105,0.0010800939
473,105,0.0006855512
474,105,0.000627107
475,105,0.0004894696
476,105,0.0008427631
477,105,0.0005542459
478,105,0.00037699006
479,105,0.0008604061
480,105,0.0004884945
481,105,0.0010097697
482,105,0.00015378837
483,105,0.00065923575
484,105,0.0009140875
485,105,0.00036790222
486,105,0.00076819584
487,105,0.000106327236
488,105,0.0007236721
489,105,0.00034465734
490,105,0.0010874309
491,105,0.00023313519
492,105,0.00054626446
493,105,0.0008710129
494,105,0.0011324119
0,106,-8.079596e-05
1,106,0.00027789548
2,106,0.00084738154
3,106,0.00065425225
4,106,0.0008862717
5,106,0.00017385464
6,106,0.00058201887
7,106,0.000348866
8,106,0.00082395785
9,106,0.00044412538
10,106,0.00041604042
11,106,0.0007596435
12,106,0.0006246893
13,106,0.00076477416
14,106,-7.607043e-06
15,106,0.0003023045
16,106,0.00020595733
17,106,
18,106,-7.078517e-05
19,106,
20,106,
21,106,
22,106,
23,106,
24,106,0.00028247014
25,106,0.0004980583
26,106,3.768131e-05
27,106,0.00039756484
28,106,0.0009918474
29,106,0.0004923893
30,106,0.0004894668
31,106,0.00033781026
32,106,0.0009071948
33,106,0.0010352498
34,106,0.00030961726
35,106,0.000556618
36,106,0.00051941536
37,106,0.00024312362
38,106,0.00076319836
39,106,0.00065091345
40,106,0.00034569856
41,106,0.00069714524
42,106,0.00057322346
43,106,0.0011009779
44,106,0.00072754174
45,106,0.0005561486
46,106,0.0011874074
47,106,0.00044011325
48,106,0.00089270435
49,106,0.0006912127
50,106,0.00067176577
51,106,0.0006164387
52,106,0.00078431517
53,106,0.00024045818
54,106,0.0004085973
55,106,0.0003705658
56,106,0.0007692259
57,106,0.00049631763
58,106,0.0009088181
59,106,0.0006687436
60,106,0.0010985443
61,106,0.00023988262
62,106,-2.282206e-05
63,106,0.00069725886
64,106,0.0009391047
65,106,0.00068755634
66,106,0.00022657402
67,106,0.0003418019
68,106,0.0006002849
69,106,0.00029556453
70,106,0.0002910709
71,106,0.0010359483
72,106,0.0006005522
73,106,0.0001862105
74,106,0.00034784712
75,106,0.0006072894
76,106,-0.00013257284
77,106,0.0003612945
78,106,0.0012249313
79,106,0.0005998807
80,106,0.000384273
81,106,0.0008623218
82,106,0.00031413697
83,106,0.00030346494
84,106,0.0008410588
85,106,0.00041808747
86,106,0.00046048965
87,106,0.00019770674
88,106,0.0007569399
89,106,0.00087100174
90,106,0.00095683243
91,106,0.00079401024
92,106,0.00063490495
93,106,0.00076102465
94,106,0.0006515747
95,106,0.0004052082
96,106,0.00063196756
97,106,0.00050944835
98,106,0.00055833906
99,106,0.00076249335
100,106,0.0007145554
101,106,0.00024676137
102,106,0.00045906845
103,106,0.0012647901
104,106,
105,106,
106,106,
107,106,
108,106,
109,106,
110,106,
111,106,
112,106,
113,106,
114,106,
115,106,
116,106,
117,106,
118,106,0.00016253255
119,106,
120,106,
121,106,
122,106,
123,106,
124,106,
125,106,
126,106,
127,106,
128,106,-9.639934e-05
129,106,0.00018892065
130,106,
131,106,6.143283e-05
132,106,0.0007273974
133,106,0.00035282224
134,106,0.00015557371
135,106,0.0005094642
136,106,0.00024266914
137,106,0.0009250408
138,106,0.00026572216
139,106,0.00034365244
140,106,0.0002883887
141,106,0.0008200556
142,106,0.0008022487
143,106,0.00030433852
144,106,0.0006101085
145,106,0.00026176497
146,106,0.0007490823
147,106,0.00043391623
148,106,0.00015807338
149,106,0.0006384989
150,106,0.0006720871
151,106,0.00032109488
152,106,0.0007523047
153,106,0.000745669
154,106,0.0006053513
155,106,0.000523231
156,106,0.00035520364
157,106,0.0008920077
158,106,0.0008709319
159,106,0.0005559074
160,106,0.00034659728
161,106,-2.112519e-05
162,106,0.0009009093
163,106,-0.00041694287
164,106,0.00048411638
165,106,0.00040835235
166,106,0.00062093325
167,106,0.00057845004
168,106,0.00080705807
169,106,0.00038965978
170,106,0.0011052676
171,106,0.00077869184
172,106,0.0003526397
173,106,0.00065161753
174,106,0.0004031295
175,106,0.00047922414
176,106,0.00074977614
177,106,0.00061533414
178,106,0.00060731545
179,106,0.00031676423
180,106,0.0010410016
181,106,0.0008622976
182,106,0.00013485271
183,106,0.0007559508
184,106,0.00064702984
185,106,0.00087231956
186,106,0.00012821238
187,106,0.00042089168
188,106,0.0009468859
189,106,0.00050261244
190,106,0.0010519437
191,106,0.00059914216
192,106,0.00097315386
193,106,0.0008664597
194,106,0.0007855939
195,106,0.00058580004
196,106,0.00047905743
197,106,0.0006464906
198,106,0.00039919652
199,106,0.00054660067
200,106,0.0007041674
201,106,0.00039284118
202,106,0.00077551603
203,106,0.00041525532
204,106,0.000121868216
205,106,0.0006343713
206,106,0.00014516618
207,106,0.00046049617
208,106,9.231176e-05
209,106,-0.00017015822
210,106,0.0006214194
211,106,4.4969842e-05
212,106,0.00024207495
213,106,0.0011329558
214,106,0.0006635692
215,106,0.00033945218
216,106,0.00014890172
217,106,0.00016026013
218,106,0.00056391675
219,106,-6.8582594e-05
220,106,0.00019104779
221,106,0.0005091503
222,106,0.00033302512
223,106,0.0008733254
224,106,0.0003134776
225,106,0.0005078055
226,106,0.00016283058
227,106,0.00039253477
228,106,0.00091573875
229,106,0.0008640066
230,106,0.0004924489
231,106,0.0006268639
232,106,0.00094676483
233,106,0.0004840847
234,106,0.00040248875
235,106,0.00057713594
236,106,0.00015666988
237,106,0.0002429299
238,106,0.00081018824
239,106,0.0004652785
240,106,0.00019816216
241,106,0.00064226706
242,106,0.00072765816
243,106,0.0004393477
244,106,0.0010065762
245,106,0.0007241322
246,106,0.0006461637
247,106,0.00045291428
248,106,0.0005979184
249,106,0.00016574003
250,106,0.00093870796
251,106,0.00020052027
252,106,3.28226e-05
253,106,0.0002164673
254,106,0.000518525
255,106,0.0005152598
256,106,7.0308335e-05
257,106,0.0007638484
258,106,-3.3902004e-05
259,106,0.00078869984
260,106,0.0007960554
261,106,0.00087586604
262,106,0.00030001625
263,106,0.0007655872
264,106,0.00030417833
265,106,0.00047449023
266,106,0.0006602714
267,106,0.0006588092
268,106,0.000454396
269,106,0.00039532036
270,106,0.00016333535
271,106,0.00084665045
272,106,0.0003748471
273,106,0.00035229605
274,106,0.00032968074
275,106,0.00080579706
276,106,-0.00036527216
277,106,
278,106,
279,106,
280,106,
281,106,
282,106,
283,106,
284,106,
285,106,
286,106,0.00015838072
287,106,0.0004767459
288,106,0.00024564005
289,106,0.00044201873
290,106,0.00079351757
291,106,0.00053276867
292,106,0.00034104288
293,106,0.00085462164
294,106,0.0008201506
295,106,0.0003433805
296,106,0.0009534387
297,106,0.0002808636
298,106,0.0003301017
299,106,0.0006268518
300,106,0.0005381601
301,106,0.0003978489
302,106,0.0010303939
303,106,0.00043346453
304,106,0.00053237565
305,106,0.00096668117
306,106,0.00043743476
307,106,0.0006843312
308,106,0.0006034514
309,106,0.0005883854
310,106,0.000891882
311,106,0.0006522937
312,106,0.00042333547
313,106,0.0007299846
314,106,0.0010008141
315,106,0.00079997163
316,106,0.0005843388
317,106,0.0006759893
318,106,0.00040243752
319,106,0.00044922903
320,106,0.00019368622
321,106,0.0002774354
322,106,0.0006582113
323,106,0.00059379917
324,106,0.0005792985
325,106,0.00037397072
326,106,0.00018530991
327,106,0.00031686854
328,106,0.00013347343
329,106,0.00046771765
330,106,0.00057383813
331,106,0.0005292557
332,106,0.0007440597
333,106,0.0003920244
334,106,0.0004305942
335,106,0.0003801044
336,106,3.1459145e-05
337,106,0.00079115666
338,106,0.00065050647
339,106,0.0007575331
340,106,0.00067360513
341,106,0.0003027441
342,106,0.00038906094
343,106,0.0005522724
344,106,0.00077988673
345,106,0.0011298154
346,106,0.00034832675
347,106,0.0005313726
348,106,0.00034127012
349,106,0.0004940899
350,106,0.0006745057
351,106,0.00032510888
352,106,0.0008716164
353,106,0.0005851751
354,106,0.00033529196
355,106,0.0005711792
356,106,0.00016571395
357,106,0.00093494635
358,106,0.00045823772
359,106,0.0008561844
360,106,0.0005708458
361,106,0.0009966455
362,106,0.00031372625
363,106,0.0005877726
364,106,0.00081824325
365,106,0.0007212227
366,106,0.0006032251
367,106,0.0010301946
368,106,0.0008307714
369,106,0.0003788583
370,106,0.0007395325
371,106,0.0004093079
372,106,0.00062945765
373,106,0.00049147103
374,106,0.0007933229
375,106,0.0008639004
376,106,0.00045525003
377,106,0.0005519744
378,106,0.0006698305
379,106,0.0004905015
380,106,0.001058503
381,106,0.0006628772
382,106,0.0006767344
383,106,0.00050763227
384,106,0.0010540467
385,106,0.0005779639
386,106,0.0007935511
387,106,0.0005791448
388,106,0.00051097944
389,106,0.00036127865
390,106,0.0005629733
391,106,0.0010106713
392,106,0.00056879874
393,106,0.000932917
394,106,0.00093809515
395,106,0.00022977032
396,106,0.0007965928
397,106,0.00038365927
398,106,0.00058467034
399,106,0.0002963161
400,106,0.00039706193
401,106,0.000282255
402,106,0.0010906737
403,106,0.00092240423
404,106,-0.00012252014
405,106,0.0010447372
406,106,0.00024094898
407,106,0.00051157176
408,106,0.0003407998
409,106,-0.000100988895
410,106,0.00044137053
411,106,0.00011603627
412,106,0.00040049665
413,106,0.0007948382
414,106,0.00079072453
415,106,0.0006214939
416,106,0.0004268
417,106,0.00078819506
418,106,0.00097444747
419,106,0.00081019197
420,106,0.0006307885
421,106,0.0007120557
422,106,0.00050358474
423,106,0.00093611516
424,106,0.00080538355
425,106,0.0010785172
426,106,-5.883351e-05
427,106,0.00058599096
428,106,
429,106,0.00023945421
430,106,0.00018599816
431,106,0.001022554
432,106,0.00044479873
433,106,0.0006999085
434,106,0.00058688316
435,106,0.00084896665
436,106,0.0010293592
437,106,0.00058691576
438,106,0.0005217269
439,106,0.0009517269
440,106,0.0005338518
441,106,-0.00026774593
442,106,0.00084183645
443,106,0.00015845988
444,106,0.0006714035
445,106,0.00066197105
446,106,0.0003110962
447,106,0.0009115897
448,106,0.00080044847
449,106,0.00079630315
450,106,0.00043694768
451,106,0.0005314648
452,106,0.0006877361
453,106,0.0010160813
454,106,0.00081462134
455,106,0.000677309
456,106,0.0003572218
457,106,0.0002612127
458,106,0.0008456493
459,106,0.00033040997
460,106,0.0004536435
461,106,0.00059940293
462,106,0.0003966745
463,106,0.0005508037
464,106,0.0006844774
465,106,0.00066752546
466,106,0.00031780265
467,106,0.000847131
468,106,0.0006627189
469,106,0.0010025678
470,106,0.00041488
471,106,0.0008133855
472,106,0.0009119734
473,106,0.00016391743
474,106,0.0008555949
475,106,0.00077847484
476,106,0.000904453
477,106,0.00049752835
478,106,0.0005054604
479,106,0.0005838806
480,106,0.0008431254
481,106,0.00019765273
482,106,0.0007396154
483,106,0.00077100843
484,106,0.00035348348
485,106,0.00048521534
486,106,0.00073687173
487,106,0.00084320456
488,106,0.00013926439
489,106,8.086022e-05
490,106,0.0008690236
491,106,0.001046218
492,106,0.0006788336
493,106,0.00069035403
494,106,0.00033400487
0,107,0.00040950347
1,107,0.00057670195
2,107,0.00044007134
3,107,0.00079577323
4,107,-9.830855e-05
5,107,0.0010242499
6,107,0.00039922819
7,107,0.00067829713
8,107,0.00020338222
9,107,0.0010415679
10,107,0.00036836416
11,107,0.0008715661
12,107,1.9175932e-05
13,107,0.00059280265
14,107,6.782077e-05
15,107,0.0010077953
16,107,-3.9338134e-05
17,107,
18,107,
19,107,
20,107,
21,107,
22,107,
23,107,
24,107,0.0009875959
25,107,5.946867e-05
26,107,0.0009482922
27,107,0.00040312856
28,107,-1.5128404e-05
29,107,0.0005258545
30,107,0.00078414567
31,107,0.00058864895
32,107,0.00019548181
33,107,0.0005630832
34,107,0.00064301305
35,107,0.00053391885
36,107,0.0005652746
37,107,0.0007065758
38,107,0.00046976842
39,107,0.00096495915
40,107,0.00047041848
41,107,0.00046553276
42,107,0.00059088133
43,107,0.0006364584
44,107,0.00040178746
45,107,0.00033731107
46,107,0.0006017238
47,107,0.0013980307
48,107,0.00022561103
49,107,0.00048151333
50,107,0.00037743524
51,107,0.00020566955
52,107,0.00026754383
53,107,0.00055073947
54,107,0.0006265426
55,107,0.00033571944
56,107,-0.00032981765
57,107,0.00053253025
58,107,0.0005735988
59,107,0.00019936915
60,107,0.0003739912
61,107,0.00060421694
62,107,0.0005832892
63,107,0.0009330502
64,107,0.00071235094
65,107,0.00029826537
66,107,0.00054718275
67,107,0.0010326486
68,107,0.00054806285
69,107,0.00014487654
70,107,0.0006507542
71,107,0.0006397199
72,107,0.00048284046
73,107,0.0006111376
74,107,0.0006309189
75,107,-0.00022771675
76,107,0.00050026923
77,107,0.00060119014
78,107,-9.785313e-05
79,107,0.00025788322
80,107,0.0005540736
81,107,0.00035826955
82,107,0.000573799
83,107,0.00044221804
84,107,0.00032803603
85,107,0.00089646503
86,107,0.0006984081
87,107,0.000974467
88,107,-0.00014295336
89,107,0.0010109227
90,107,0.00020140875
91,107,0.00048147514
92,107,0.0010031443
93,107,0.0006432114
94,107,0.001141876
95,107,0.0006594956
96,107,0.00058588106
97,107,0.00084311515
98,107,0.0008404041
99,107,0.0010386715
100,107,0.0004262654
101,107,0.0004800912
102,107,0.0006073732
103,107,
104,107,
105,107,
106,107,
107,107,
108,107,
109,107,
110,107,
111,107,
112,107,
113,107,
114,107,
115,107,
116,107,
117,107,
118,107,
119,107,
120,107,
121,107,
122,107,
123,107,
124,107,
125,107,
126,107,
127,107,
128,107,
129,107,0.00013287924
130,107,0.00041379128
131,107,0.0003904067
132,107,0.0005097687
133,107,0.0007781964
134,107,-0.00033805147
135,107,1.8723309e-05
136,107,0.0006852243
137,107,0.00031305104
138,107,-0.00021191128
139,107,0.0006747972
140,107,0.00022618566
141,107,0.00051241834
142,107,0.00055096485
143,107,0.00038577896
144,107,0.0005669277
145,107,0.00021899212
146,107,0.0006940784
147,107,0.00024169777
148,107,0.00045547448
149,107,0.0007417677
150,107,0.0002983613
151,107,0.00063850917
152,107,0.00047126412
153,107,0.0006861193
154,107,0.0007175319
155,107,0.0003370233
156,107,0.0003035916
157,107,0.00018456299
158,107,0.0007110797
159,107,0.0006542504
160,107,0.00036967918
161,107,0.00048084278
162,107,0.00011832267
163,107,0.0007255897
164,107,0.00056953076
165,107,0.00020137243
166,107,0.00023149792
167,107,0.00018455926
168,107,0.00018871203
169,107,0.00051789545
170,107,0.00042128097
171,107,1.0514632e-06
172,107,0.00024598744
173,107,0.0004891325
174,107,0.00089259166
175,107,9.885058e-05
176,107,0.0004148176
177,107,0.00061274413
178,107,-0.00010839943
179,107,0.00021723844
180,107,0.0006652763
181,107,0.00031424128
182,107,0.00024454575
183,107,0.0012282059
184,107,0.0007224567
185,107,0.00018039253
186,107,0.00026551168
187,107,0.0004837094
188,107,0.00026172865
189,107,0.00029757898
190,107,0.00088432524
191,107,0.0007117456
192,107,0.00012780633
193,107,0.000631392
194,107,0.0008009253
195,107,0.0006089946
196,107,0.00035121385
197,107,0.0003075013
198,107,0.0007393975
199,107,0.00052045844
200,107,0.00032578595
201,107,8.791685e-05
202,107,0.00048405305
203,107,0.00019975193
204,107,0.00060889963
205,107,0.00042935088
206,107,0.0005267663
207,107,0.0002575349
208,107,0.00039157178
209,107,0.00029472169
210,107,7.020589e-05
211,107,0.0004234854
212,107,0.00044083502
213,107,0.0004055556
214,107,0.00026670285
215,107,0.00012739282
216,107,0.00057997927
217,107,3.9210543e-05
218,107,0.00031657144
219,107,0.00018474087
220,107,0.0006974954
221,107,0.0004858002
222,107,0.00026403368
223,107,0.0008799257
224,107,0.0004980732
225,107,0.00034329016
226,107,0.00016989093
227,107,0.00035967398
228,107,0.00082003605
229,107,0.0006971117
230,107,0.00028180052
231,107,0.0005210992
232,107,0.00026811846
233,107,0.00018014759
234,107,0.00057614595
235,107,0.00038482528
236,107,0.00036688708
237,107,0.00040891767
238,107,0.0005801637
239,107,0.00024583004
240,107,5.870126e-06
241,107,0.00071488414
242,107,0.0009776019
243,107,0.0010882225
244,107,0.00036424678
245,107,0.00035728235
246,107,0.00052782707
247,107,0.00031011086
248,107,0.00035435613
249,107,0.00023342296
250,107,0.00055623613
251,107,0.0007015895
252,107,0.00016377028
253,107,0.00019776914
254,107,0.00069493987
255,107,0.0008874964
256,107,-5.8788806e-05
257,107,7.185154e-05
258,107,0.0002580108
259,107,0.00043200701
260,107,0.00060988404
261,107,0.00038038287
262,107,5.0621107e-05
263,107,0.0009372011
264,107,0.0007248977
265,107,0.00080880616
266,107,0.00018091593
267,107,0.00036733598
268,107,0.00049721263
269,107,0.00043199863
270,107,0.00044308882
271,107,0.0007739458
272,107,0.00015248358
273,107,0.00056476984
274,107,0.00043562893
275,107,0.0008887816
276,107,
277,107,
278,107,
279,107,
280,107,
281,107,
282,107,
283,107,
284,107,
285,107,
286,107,0.0006528646
287,107,0.00047681853
288,107,0.00091547146
289,107,0.00036321394
290,107,0.00051164813
291,107,0.00061105005
292,107,0.000811575
293,107,0.00061970856
294,107,0.00016211718
295,107,0.00057824235
296,107,0.00016528089
297,107,0.000209013
298,107,0.0005955668
299,107,0.0005074991
300,107,0.001025063
301,107,0.0007863445
302,107,0.0007042382
303,107,0.00086763036
304,107,0.00086904224
305,107,0.00043798704
306,107,0.0006360989
307,107,0.0006161034
308,107,0.00029100012
309,107,0.0006408952
310,107,0.0004622722
311,107,0.00093467906
312,107,0.0011141077
313,107,0.0006109141
314,107,0.00021336135
315,107,0.00040914398
316,107,0.0005276762
317,107,0.00064694975
318,107,0.0008533569
319,107,0.0006269766
320,107,0.0009250371
321,107,0.00042539462
322,107,0.0005111722
323,107,0.0005554799
324,107,0.0007129628
325,107,0.00073989015
326,107,0.000515908
327,107,2.4384819e-05
328,107,-3.1387433e-05
329,107,0.0009224266
330,107,0.00040809624
331,107,0.0005053906
332,107,0.00015218277
333,107,0.0007708473
334,107,0.00079379417
335,107,0.00040019676
336,107,0.0005167946
337,107,0.00094444863
338,107,0.00036413036
339,107,0.00081069674
340,107,6.2922016e-05
341,107,0.00072302483
342,107,0.0006798785
343,107,0.0005521998
344,107,0.0010802029
345,107,0.00021190383
346,107,0.00082949456
347,107,0.00035897642
348,107,0.0003411034
349,107,0.00088526774
350,107,0.00054977834
351,107,0.00064718723
352,107,0.0008836612
353,107,0.001148101
354,107,0.00031973794
355,107,0.000411232
356,107,0.000199073
357,107,0.0006745048
358,107,0.0003191922
359,107,0.0006822301
360,107,0.0005306704
361,107,0.0006849505
362,107,0.0005430607
363,107,0.00028751232
364,107,0.00062260777
365,107,0.0010551289
366,107,0.00075192004
367,107,0.00055161584
368,107,0.0006111758
369,107,0.0005036844
370,107,0.00065364037
371,107,0.00033205003
372,107,0.0007148087
373,107,0.0011470951
374,107,0.0005771816
375,107,0.00078003295
376,107,0.0013789991
377,107,0.0008798111
378,107,0.0010833871
379,107,0.00033234153
380,107,0.00028257817
381,107,0.0005271565
382,107,0.0009697154
383,107,0.0005298713
384,107,0.0005826708
385,107,0.00087721366
386,107,0.0009943247
387,107,0.0006481586
388,107,0.00034112763
389,107,0.00088516716
390,107,0.0006023003
391,107,0.00075825583
392,107,0.000563249
393,107,0.0009121364
394,107,0.0007340014
395,107,0.0009829868
396,107,0.0007001804
397,107,0.0006340947
398,107,0.0005690176
399,107,4.4579618e-05
400,107,0.0004466148
401,107,0.00041997153
402,107,0.00046463963
403,107,0.00056349207
404,107,0.00042503513
405,107,0.000736339
406,107,0.00043496024
407,107,0.0005793385
408,107,0.00050487556
409,107,0.00063394196
410,107,0.0006384142
411,107,0.00026736222
412,107,9.1440976e-05
413,107,0.0007338729
414,107,0.00038499013
415,107,0.0007151561
416,107,0.00090552587
417,107,0.00018552318
418,107,0.00025410764
419,107,0.00045394804
420,107,0.0003210362
421,107,0.00071453955
422,107,0.0006146729
423,107,0.00037372578
424,107,0.0008565653
425,107,0.00033029262
426,107,0.0009392947
427,107,0.00033670478
428,107,0.0004861988
429,107,0.00071691535
430,107,0.0005362844
431,107,0.0005808957
432,107,0.0007988643
433,107,0.0007453412
434,107,0.0006935634
435,107,0.00075712334
436,107,0.0009858916
437,107,0.0009796964
438,107,0.00063173566
439,107,0.0006026644
440,107,8.684024e-05
441,107,0.00063614454
442,107,0.00027949922
443,107,0.00037186127
444,107,0.0005005421
445,107,0.00026316755
446,107,0.00038684905
447,107,0.0007967986
448,107,0.00049020443
449,107,0.00063485187
450,107,0.00022950675
451,107,0.0005383147
452,107,0.0007374352
453,107,5.322229e-05
454,107,0.0005306285
455,107,-2.5088899e-05
456,107,0.00062295236
457,107,0.00036844984
458,107,0.00051383115
459,107,-8.28132e-06
460,107,0.00042028818
461,107,0.00083135813
462,107,0.00043478794
463,107,0.00027854182
464,107,0.0008671144
465,107,0.000629453
466,107,0.0008078143
467,107,0.0003617024
468,107,0.00030783657
469,107,0.00029697083
470,107,0.0007201312
471,107,0.00052299164
472,107,0.0011226619
473,107,0.00045097247
474,107,0.00028037652
475,107,0.00071967207
476,107,0.00066843536
477,107,0.0008125603
478,107,0.00040472392
479,107,0.0004394967
480,107,0.0008597309
481,107,0.000671546
482,107,0.00021449104
483,107,0.00076761283
484,107,0.0004890468
485,107,0.0005452996
486,107,0.00031597912
487,107,0.00022534188
488,107,0.0007715253
489,107,0.00022254791
490,107,0.0007906649
491,107,0.00083010644
492,107,0.00050557684
493,107,0.00058162864
494,107,0.0006974675
0,108,0.0005832957
1,108,0.0005634967
2,108,0.0005309256
3,108,0.00031175464
4,108,0.00033771805
5,108,0.000356799
6,108,0.00078110676
7,108,0.0007117549
8,108,0.0009236941
9,108,0.00045641512
10,108,0.0005543241
11,108,0.0010574963
12,108,4.0662475e-05
13,108,0.00030561816
14,108,0.0006479714
15,108,0.00069575757
16,108,-6.672647e-05
17,108,0.0006664274
18,108,
19,108,
20,108,
21,108,
22,108,
23,108,
24,108,0.00046718307
25,108,0.0006734906
26,108,0.00065042917
27,108,9.709317e-05
28,108,3.114622e-05
29,108,0.00068976823
30,108,0.00050974824
31,108,0.0005724663
32,108,0.00078620017
33,108,0.00047245715
34,108,0.0007190658
35,108,0.00064803846
36,108,0.00065044966
37,108,0.0004170332
38,108,0.00063618086
39,108,0.00094080344
40,108,0.00081445556
41,108,0.0007488299
42,108,0.00076128915
43,108,0.0007532751
44,108,0.00056811795
45,108,0.0005169716
46,108,0.00070663355
47,108,0.00030935928
48,108,0.00067809504
49,108,0.0002343459
50,108,0.0006959019
51,108,0.00066106115
52,108,0.0005108323
53,108,0.0008985773
54,108,0.00086581055
55,108,0.0011606524
56,108,0.0005286662
57,108,0.0007850146
58,108,0.00069479644
59,108,0.0002688542
60,108,0.00028713048
61,108,0.00034713186
62,108,0.0007749777
63,108,0.00021031313
64,108,0.00067061186
65,108,0.00077285897
66,108,0.0003924705
67,108,0.00032803882
68,108,0.0007223068
69,108,0.00031272508
70,108,0.0005304804
71,108,0.0004387088
72,108,-9.9876896e-05
73,108,0.00019161869
74,108,-0.00020668283
75,108,0.000583509
76,108,0.00011463836
77,108,0.0008878298
78,108,0.00088481326
79,108,0.00037932582
80,108,0.00019660126
81,108,0.0006036628
82,108,0.000115700066
83,108,0.0008173473
84,108,1.4547259e-05
85,108,0.0005118102
86,108,0.0006099688
87,108,0.00059799943
88,108,0.0005262559
89,108,0.0006612893
90,108,0.00055898074
91,108,0.0011351211
92,108,0.00044872425
93,108,0.00061380956
94,108,0.0009019766
95,108,0.0005658474
96,108,0.00068266876
97,108,0.00091112964
98,108,0.00067197345
99,108,0.0006680209
100,108,0.000121141784
101,108,0.0001650434
102,108,0.00095951185
103,108,0.0002974812
104,108,
105,108,
106,108,
107,108,
108,108,
109,108,0.00045645144
110,108,
111,108,0.0010212557
112,108,
113,108,0.0002937736
114,108,
115,108,
116,108,
117,108,
118,108,
119,108,
120,108,
121,108,
122,108,
123,108,
124,108,
125,108,
126,108,0.0006680917
127,108,
128,108,
129,108,0.00088163
130,108,0.0003561182
131,108,-2.6501715e-05
132,108,0.00038417708
133,108,
134,108,0.0007937234
135,108,0.000730956
136,108,0.00017019734
137,108,0.00052829646
138,108,0.0009013172
139,108,0.0007209368
140,108,0.00024961308
141,108,0.00039577298
142,108,0.0007247254
143,108,0.00073145516
144,108,0.0003015399
145,108,0.0007834034
146,108,0.00061576534
147,108,0.0006509181
148,108,0.00096226763
149,108,0.0004946692
150,108,0.00060044136
151,108,0.0005736863
152,108,0.0005788952
153,108,0.0010203449
154,108,0.00054583326
155,108,0.00062466133
156,108,0.00029875617
157,108,0.00019986928
158,108,0.0006123856
159,108,0.0008653635
160,108,0.00156599
161,108,0.0007303646
162,108,0.00043559074
163,108,0.0002914006
164,108,0.00032459758
165,108,0.0003907187
166,108,0.0007423796
167,108,0.00014215149
168,108,0.00026921462
169,108,0.0005790787
170,108,0.00051265676
171,108,0.0001978511
172,108,0.00024080742
173,108,0.00026621483
174,108,0.00019765738
175,108,0.00017950963
176,108,0.00052804314
177,108,0.00061076786
178,108,0.0004508542
179,108,0.00016799942
180,108,0.00069701765
181,108,0.0009814417
182,108,0.0003190143
183,108,0.00051982235
184,108,0.000120916404
185,108,0.00053440966
186,108,0.0006236173
187,108,0.00036607403
188,108,0.00016499031
189,108,0.00047928747
190,108,0.00082697906
191,108,0.0002456475
192,108,0.00084560364
193,108,0.0008008834
194,108,0.0004274901
195,108,0.0006262688
196,108,0.00014863815
197,108,0.00044718105
198,108,0.0005285507
199,108,0.00094565935
200,108,0.0005174931
201,108,0.000208023
202,108,-2.3191795e-05
203,108,0.0006408943
204,108,0.00035645906
205,108,0.00067781284
206,108,0.00064243097
207,108,0.00042347424
208,108,0.00053177215
209,108,0.00034804083
210,108,0.0005623102
211,108,0.0004846258
212,108,0.00031664036
213,108,0.0003976021
214,108,0.0004772693
215,108,0.00043898262
216,108,0.00012296438
217,108,0.0003116727
218,108,8.6989254e-05
219,108,-4.9459748e-05
220,108,0.0003423011
221,108,0.00018502865
222,108,0.00042379927
223,108,0.00034843758
224,108,0.00018720608
225,108,0.0005972944
226,108,0.0007259473
227,108,0.0006802045
228,108,0.00024589617
229,108,0.0006587282
230,108,0.00055749714
231,108,0.0010127136
232,108,0.0005246708
233,108,0.00011975318
234,108,0.00030771457
235,108,0.0005794447
236,108,0.00050416123
237,108,0.0005131727
238,108,0.00025055
239,108,0.00046443287
240,108,0.00053453725
241,108,0.00085254386
242,108,0.0015390282
243,108,0.00017070305
244,108,5.6343153e-05
245,108,8.6624175e-05
246,108,0.00078213494
247,108,0.0007609604
248,108,0.000902663
249,108,0.0003936775
250,108,0.0005490277
251,108,0.0006506117
252,108,0.0005402528
253,108,0.0008602198
254,108,0.0011429545
255,108,0.0008949395
256,108,0.0006573526
257,108,0.0006858967
258,108,0.00021418184
259,108,0.00066577736
260,108,7.902086e-05
261,108,0.00077379216
262,108,0.00044333842
263,108,0.00040924922
264,108,0.00042793993
265,108,0.0005565174
266,108,0.00044279546
267,108,0.0006727334
268,108,0.00078576617
269,108,0.00078397524
270,108,0.00065087434
271,108,0.000204443
272,108,0.00016035978
273,108,0.0005242238
274,108,0.0004088888
275,108,0.0006902609
276,108,0.0007812772
277,108,
278,108,
279,108,
280,108,
281,108,
282,108,
283,108,
284,108,
285,108,
286,108,0.00058493577
287,108,0.00091052055
288,108,0.0006306097
289,108,0.0005665058
290,108,0.00049368944
291,108,0.00088970177
292,108,0.0004534116
293,108,0.00044272002
294,108,0.0005370509
295,108,0.00064390805
296,108,0.00040060654
297,108,0.0004677456
298,108,0.000911315
299,108,0.000589204
300,108,0.001055791
301,108,0.0006997222
302,108,0.0006402787
303,108,0.0011631474
304,108,0.0006474592
305,108,2.049841e-05
306,108,0.0007594777
307,108,0.00018995069
308,108,0.00017960276
309,108,0.0002887398
310,108,0.0008623162
311,108,0.00031584594
312,108,0.0010058228
313,108,0.0007128883
314,108,0.00040123705
315,108,0.00065112486
316,108,0.0010226164
317,108,0.00050114654
318,108,0.00040630624
319,108,0.0005140072
320,108,0.00071509834
321,108,0.0006054286
322,108,0.001058327
323,108,0.00041828398
324,108,0.00029112585
325,108,0.00072798785
326,108,0.00039059483
327,108,0.0006052507
328,108,0.00059077237
329,108,0.0005183583
330,108,0.0003814958
331,108,0.00018983241
332,108,0.00081218686
333,108,0.0007878691
334,108,0.00061229244
335,108,0.00035169534
336,108,0.0007718019
337,108,8.086581e-05
338,108,0.00051466934
339,108,0.00046825875
340,108,0.00023006741
341,108,0.0005302066
342,108,0.00017579366
343,108,0.00026598945
344,108,0.0004319055
345,108,0.0005866159
346,108,0.0007963609
347,108,0.000456864
348,108,0.0003441358
349,108,0.000549742
350,108,0.000252421
351,108,0.00063528586
352,108,0.00096040964
353,108,0.0002815351
354,108,0.00038329884
355,108,0.0009828107
356,108,0.0006112382
357,108,0.00022096373
358,108,0.0004847739
359,108,0.0007676035
360,108,0.00052833
361,108,0.0005944008
362,108,0.00069963746
363,108,0.0009845905
364,108,0.00038128253
365,108,0.000529238
366,108,0.0009154063
367,108,0.0007294994
368,108,0.0008361498
369,108,0.00087026134
370,108,0.0008878447
371,108,0.00047771446
372,108,0.0007854635
373,108,0.00047404785
374,108,0.00067482516
375,108,0.0008394532
376,108,0.00017617643
377,108,0.00036212243
378,108,0.0008499054
379,108,0.00030223932
380,108,0.0008899532
381,108,0.00084631983
382,108,0.0007509226
383,108,0.00042254478
384,108,0.00081032515
385,108,0.00066726
386,108,0.0005804058
387,108,0.0007100422
388,108,0.00033658184
389,108,0.0008144863
390,108,0.0008907197
391,108,0.0005498957
392,108,0.0007969579
393,108,0.0009553069
394,108,0.0008674674
395,108,0.0005830992
396,108,0.0010023024
397,108,0.00088285096
398,108,0.00049397536
399,108,0.00042372942
400,108,0.0002782857
401,108,0.0005936688
402,108,0.00064572226
403,108,0.00054464024
404,108,0.00030913297
405,108,0.0003757784
406,108,0.000558882
407,108,0.00064163003
408,108,0.00070671644
409,108,-0.00014699344
410,108,0.0003980631
411,108,-2.7964823e-05
412,108,0.000683927
413,108,0.00126814
414,108,0.0008456679
415,108,0.00058280304
416,108,0.0007537911
417,108,0.000996842
418,108,0.00050577056
419,108,0.0007578423
420,108,0.0005780542
421,108,0.00031295046
422,108,0.00038288254
423,108,0.0009363163
424,108,0.0006079152
425,108,0.00039720256
426,108,0.00060263183
427,108,0.000302976
428,108,0.00038730912
429,108,0.0005149245
430,108,0.0008195285
431,108,0.0006764801
432,108,0.000654066
433,108,0.00043746363
434,108,0.00016514026
435,108,0.0012546945
436,108,0.0012590373
437,108,0.000856285
438,108,0.0007350324
439,108,0.00072556734
440,108,0.00052766316
441,108,0.0009536445
442,108,0.00055959914
443,108,0.00044837315
444,108,0.0009351121
445,108,0.00032082386
446,108,0.0004587695
447,108,0.0004451722
448,108,0.00092090573
449,108,8.010492e-05
450,108,0.00062626693
451,108,0.0013183309
452,108,0.0005301116
453,108,0.0005082134
454,108,0.00059487764
455,108,0.0007951921
456,108,0.00054887217
457,108,7.004291e-05
458,108,0.00066330004
459,108,0.0005185772
460,108,0.00016821828
461,108,0.0005678795
462,108,0.0003391141
463,108,0.00026002154
464,108,0.00010602176
465,108,0.00085102674
466,108,0.00083051994
467,108,0.0003962554
468,108,0.00071459357
469,108,0.00066128746
470,108,0.00036536064
471,108,0.00054467376
472,108,0.0006449558
473,108,0.00051345956
474,108,-5.75874e-05
475,108,0.00057162344
476,108,0.00017523393
477,108,0.00046067685
478,108,0.0004179245
479,108,0.0007014116
480,108,0.00041217916
481,108,0.00061427243
482,108,0.00034074765
483,108,0.0007716324
484,108,0.00056199543
485,108,0.0005532019
486,108,0.0007268563
487,108,0.00064944103
488,108,0.0008369852
489,108,-0.00014820043
490,108,0.00067983475
491,108,0.0004430199
492,108,0.00032344647
493,108,0.0007466655
494,108,0.0004733065
0,109,6.9851056e-05
1,109,0.00019858405
2,109,0.00033655763
3,109,0.00054742675
4,109,0.0007601213
5,109,0.00016472582
6,109,0.00077763014
7,109,0.0004215287
8,109,0.0006160503
9,109,0.0009609936
10,109,0.00075084716
11,109,0.0005451599
12,109,0.0005349051
13,109,4.149601e-05
14,109,0.00041880738
15,109,0.00025526248
16,109,0.0006172564
17,109,0.00048510544
18,109,0.00039649755
19,109,0.00013005175
20,109,
21,109,
22,109,
23,109,
24,109,-7.356331e-05
25,109,0.0008730432
26,109,0.00077642314
27,109,0.00041752402
28,109,0.00027137715
29,109,0.00019809697
30,109,0.00028443336
31,109,0.00050110556
32,109,0.0005944548
33,109,0.00060113333
34,109,0.0009018658
35,109,0.0007904675
36,109,9.6708536e-05
37,109,0.0007787263
38,109,0.00053022057
39,109,0.0005071219
40,109,0.00039107166
41,109,0.00024780817
42,109,0.000682367
43,109,0.00064878166
44,109,0.0008552959
45,109,0.0005998388
46,109,0.0004849406
47,109,0.00032771192
48,109,0.00055972114
49,109,0.00094729196
50,109,0.00078867376
51,109,0.0006442759
52,109,0.0007517915
53,109,0.0006649941
54,109,5.529262e-05
55,109,0.0005824063
56,109,0.00014188793
57,109,0.000861289
58,109,0.0006766245
59,109,0.000836011
60,109,0.00048090145
61,109,0.00046662055
62,109,0.00043856818
63,109,0.00065454934
64,109,0.0006220136
65,109,0.00034635607
66,109,0.00082082767
67,109,0.00073398836
68,109,0.00033392478
69,109,0.00032453425
70,109,0.0005799774
71,109,-1.7182902e-06
72,109,0.0007095579
73,109,0.0001551481
74,109,0.00066500716
75,109,6.515812e-05
76,109,0.0009768326
77,109,0.0009117946
78,109,0.00058517884
79,109,0.0005175676
80,109,0.0007598568
81,109,0.00068538915
82,109,-0.00015228707
83,109,0.0005760202
84,109,0.00055581704
85,109,0.00060193427
86,109,0.0006453926
87,109,0.00091400463
88,109,0.000593978
89,109,0.0008249786
90,109,0.0009936783
91,109,0.00068369973
92,109,0.001004409
93,109,0.0010061013
94,109,0.00042038504
95,109,0.00046721753
96,109,0.00076103024
97,109,0.0004933411
98,109,0.00055030826
99,109,0.00047102664
100,109,0.00038063433
101,109,0.00019582734
102,109,0.0003810171
103,109,
104,109,
105,109,
106,109,
107,109,
108,109,
109,109,0.0006855
110,109,0.0006964328
111,109,
112,109,
113,109,
114,109,
115,109,
116,109,
117,109,
118,109,
119,109,
120,109,
121,109,
122,109,
123,109,
124,109,
125,109,
126,109,
127,109,0.0004476821
128,109,0.00031970162
129,109,0.0005031079
130,109,-0.00020761322
131,109,0.00040372554
132,109,0.0009116437
133,109,0.00076312944
134,109,0.0004968215
135,109,0.0003249254
136,109,0.00035739597
137,109,0.0002740426
138,109,-0.0003305003
139,109,0.00078843534
140,109,0.0004531201
141,109,0.0005065929
142,109,0.0006033825
143,109,0.0008517988
144,109,0.00047287997
145,109,0.00040485524
146,109,0.00018655695
147,109,0.0006655343
148,109,0.0004482735
149,109,0.000676834
150,109,0.0006815102
151,109,0.0006326614
152,109,0.000495377
153,109,0.0004068166
154,109,0.0007555764
155,109,0.0005874112
156,109,0.00045650825
157,109,0.00027669314
158,109,0.000360867
159,109,0.0009085266
160,109,0.00034132414
161,109,0.00062148646
162,109,0.000247797
163,109,-9.726919e-05
164,109,-2.9960647e-06
165,109,0.0005608555
166,109,0.000877467
167,109,0.0003091935
168,109,0.0006221542
169,109,0.00070091896
170,109,0.00063904
171,109,0.00036445167
172,109,0.0004913667
173,109,0.0004437305
174,109,0.0007801447
175,109,0.00020073634
176,109,0.0002310155
177,109,0.00069219805
178,109,0.00067478884
179,109,0.0002178913
180,109,0.00011930894
181,109,0.0005842792
182,109,-0.00023695361
183,109,0.00074405223
184,109,0.00036245212
185,109,0.0006351732
186,109,0.00063398946
187,109,0.00017818063
188,109,0.00074643083
189,109,0.00040762685
190,109,0.00046611112
191,109,0.00021355506
192,109,0.000474439
193,109,0.00018171407
194,109,0.00012751296
195,109,0.00041757803
196,109,0.0006745327
197,109,0.00041073002
198,109,0.00042692944
199,109,0.0002072528
200,109,0.0006721541
201,109,3.3692457e-05
202,109,0.0004328359
203,109,0.00049697794
204,109,0.001017373
205,109,0.0002987329
206,109,0.00012598746
207,109,-4.496053e-05
208,109,0.00019325409
209,109,0.00042630266
210,109,0.0006886851
211,109,0.0003866516
212,109,0.00041109603
213,109,0.0005649831
214,109,0.0003386829
215,109,0.0004928503
216,109,0.00040023215
217,109,0.00056960154
218,109,0.0002151588
219,109,0.00041675847
220,109,0.0006432785
221,109,0.00020783488
222,109,0.00042966567
223,109,0.00069569517
224,109,0.00034023076
225,109,0.00016175583
226,109,0.00050471444
227,109,0.00028937496
228,109,0.00053787604
229,109,0.0005973177
230,109,0.00018344261
231,109,0.000111396424
232,109,0.0004106518
233,109,0.0004263781
234,109,0.0006039608
235,109,0.00068387575
236,109,0.0005422132
237,109,0.00013928302
238,109,0.00076203607
239,109,3.1698495e-05
240,109,0.00021505728
241,109,0.00027175806
242,109,0.00038023852
243,109,0.0002946779
244,109,9.960495e-06
245,109,0.000754687
246,109,0.0008267136
247,109,0.0006240178
248,109,0.00034625828
249,109,0.0003884444
250,109,0.0005469518
251,109,0.00017985515
252,109,7.870421e-05
253,109,0.0006957771
254,109,0.00082734507
255,109,0.0010452401
256,109,0.00046455953
257,109,0.00058543123
258,109,0.0003319569
259,109,0.00077253487
260,109,0.0004953854
261,109,0.0010703718
262,109,0.00060690474
263,109,0.0005139187
264,109,0.00041457824
265,109,0.00019050017
266,109,0.0008057328
267,109,0.00030748826
268,109,0.00044986326
269,109,0.00023493916
270,109,0.0008570701
271,109,0.0002535181
272,109,0.00052120816
273,109,0.00041612424
274,109,0.000410405
275,109,0.0006964607
276,109,
277,109,
278,109,
279,109,
280,109,
281,109,
282,109,
283,109,
284,109,
285,109,
286,109,-1.0318123e-05
287,109,-0.00021525752
288,109,0.0007213205
289,109,0.0010104654
290,109,0.00042562094
291,109,0.00082301255
292,109,0.0007435782
293,109,0.0009069415
294,109,0.0003802469
295,109,0.00048275292
296,109,0.0004895916
297,109,0.00079286937
298,109,0.0008729575
299,109,0.000769767
300,109,0.000632043
301,109,0.0004038969
302,109,0.0010220101
303,109,0.0005704826
304,109,0.00023860857
305,109,0.0010714624
306,109,0.0009240983
307,109,0.0005278401
308,109,0.00083305035
309,109,0.0007531345
310,109,0.0006560134
311,109,0.00086764805
312,109,0.00091109984
313,109,0.0006051613
314,109,0.00058699865
315,109,0.0007863976
316,109,9.352062e-05
317,109,0.00064498186
318,109,0.00078118127
319,109,0.00070874766
320,109,0.0005755061
321,109,0.0013327096
322,109,0.00056471676
323,109,0.00040193833
324,109,0.0007308759
325,109,0.00044932868
326,109,0.000813365
327,109,0.0008289404
328,109,0.00082253106
329,109,0.0011564232
330,109,0.00062199123
331,109,-4.051719e-05
332,109,0.000832323
333,109,0.00028599333
334,109,0.00069314614
335,109,0.00042823516
336,109,0.00047041476
337,109,0.00023570936
338,109,8.249562e-05
339,109,0.0011738706
340,109,6.3069165e-05
341,109,-0.00035686977
342,109,0.00040984526
343,109,0.0013237363
344,109,0.0006389227
345,109,0.00062054116
346,109,0.00061690435
347,109,0.0006500352
348,109,0.00020993687
349,109,-0.00024576485
350,109,0.0006746324
351,109,0.00026245601
352,109,0.00050457194
353,109,-0.00044896826
354,109,0.00037405547
355,109,0.0012079943
356,109,0.0004877681
357,109,0.0001884168
358,109,0.0009736419
359,109,0.0003743451
360,109,0.0007187277
361,109,0.00080563314
362,109,0.000693772
363,109,0.0003365744
364,109,0.0005299058
365,109,0.0008049179
366,109,0.0011303741
367,109,0.0009737415
368,109,0.00064730644
369,109,0.0010052864
370,109,0.000769631
371,109,0.00058489665
372,109,0.00064436346
373,109,0.001076459
374,109,0.00065257493
375,109,0.0008156365
376,109,0.00045414548
377,109,0.00053270534
378,109,0.00076692365
379,109,0.0002855137
380,109,0.0005599959
381,109,0.0005048383
382,109,0.00043783244
383,109,0.00062863436
384,109,0.00061829947
385,109,0.0009007007
386,109,0.001030283
387,109,0.0011191647
388,109,0.00096371025
389,109,0.00093297753
390,109,0.0009792419
391,109,0.0007395968
392,109,0.00072791334
393,109,0.00027356297
394,109,0.00064455904
395,109,0.00076515786
396,109,0.0009694202
397,109,0.0012177099
398,109,0.0009988863
399,109,0.0008132616
400,109,0.0005845353
401,109,0.0008308608
402,109,0.0005819155
403,109,0.00071175303
404,109,0.0010770392
405,109,0.00042141043
406,109,0.00091355573
407,109,0.00052903127
408,109,6.8554655e-05
409,109,0.00035110582
410,109,0.00043152086
411,109,0.00041334424
412,109,0.00028911885
413,109,0.0007587392
414,109,0.0007340349
415,109,0.00067108683
416,109,0.000744584
417,109,0.00050048623
418,109,0.0011524567
419,109,0.0006152326
420,109,0.000313445
421,109,0.0007197028
422,109,0.00044227391
423,109,-3.1042844e-05
424,109,0.0010086335
425,109,0.0005107671
426,109,0.000648167
427,109,0.00030976348
428,109,0.00057044625
429,109,0.00014827121
430,109,0.00085459
431,109,0.000729016
432,109,0.00033489056
433,109,0.001383597
434,109,0.00068822596
435,109,0.0009265244
436,109,0.00066722
437,109,0.00029230304
438,109,0.00094411056
439,109,0.00049440656
440,109,0.00071960967
441,109,0.0009751562
442,109,0.0006836252
443,109,0.00028608553
444,109,0.0004720511
445,109,-0.00043069106
446,109,0.0006814813
447,109,0.0005578939
448,109,0.00027404726
449,109,0.0002847202
450,109,0.0010195412
451,109,0.00021511875
452,109,0.0007345844
453,109,0.00040825084
454,109,0.0005503176
455,109,0.00053208135
456,109,0.000109494664
457,109,0.0003739167
458,109,6.255787e-05
459,109,0.00011505466
460,109,0.0009058891
461,109,0.00028951373
462,109,0.0005384851
463,109,0.0003834702
464,109,0.00025323126
465,109,0.00015872344
466,109,0.00035031326
467,109,0.00047295634
468,109,0.0008798698
469,109,0.00058001373
470,109,0.00053634215
471,109,0.0005885763
472,109,0.0005772058
473,109,-0.00012092851
474,109,0.00052714814
475,109,0.0006141383
476,109,0.0007462129
477,109,0.0006527342
478,109,0.00084487535
479,109,0.0007893946
480,109,0.00050177425
481,109,0.0003853226
482,109,0.00038578454
483,109,0.00017638411
484,109,0.00058764406
485,109,0.00022788439
486,109,0.001134472
487,109,0.0001873225
488,109,9.5770694e-05
489,109,0.00061673205
490,109,0.00056849513
491,109,0.00096700713
492,109,0.0007058587
493,109,0.0007547084
494,109,0.00070045795
0,110,0.00055063795
1,110,0.0006067613
2,110,0.00039597787
3,110,0.00030161347
4,110,0.00059888605
5,110,0.0005010925
6,110,0.00093861856
7,110,0.0005415855
8,110,0.00042578205
9,110,0.0011219466
10,110,0.00031813607
11,110,0.00051270984
12,110,0.00054433383
13,110,0.00089473184
14,110,0.00045706797
15,110,7.4216165e-05
16,110,0.00042564794
17,110,0.0005623931
18,110,-0.0001237765
19,110,0.00031557493
20,110,
21,110,0.000550705
22,110,
23,110,0.00025380496
24,110,0.00052484125
25,110,0.00090813916
26,110,0.00024910178
27,110,0.00047568604
28,110,0.00039871037
29,110,0.00043610483
30,110,0.0006238036
31,110,0.00056064874
32,110,0.0010458725
33,110,0.0005588904
34,110,0.00032274332
35,110,0.0004667919
36,110,0.000790528
37,110,0.00064922683
38,110,0.00046410505
39,110,0.00078511983
40,110,0.00031458493
41,110,0.0007292861
42,110,0.0009507369
43,110,0.00057286397
44,110,0.0007133782
45,110,0.0008348273
46,110,0.00041049626
47,110,0.0007664729
48,110,0.0002695378
49,110,0.0004756078
50,110,0.00065411534
51,110,0.0005634371
52,110,0.0006978186
53,110,-5.315058e-05
54,110,0.000552848
55,110,0.00069593824
56,110,0.0009309873
57,110,0.00037747808
58,110,0.000100919046
59,110,0.00047257636
60,110,0.00011031423
61,110,0.00057609007
62,110,0.0011147289
63,110,0.00075387955
64,110,0.00033667125
65,110,0.0005666362
66,110,0.0012023309
67,110,0.0006668428
68,110,0.0003261771
69,110,0.00071114674
70,110,0.0006416468
71,110,-2.380833e-05
72,110,0.0008839043
73,110,0.0006377809
74,110,0.00063052867
75,110,0.00041926187
76,110,0.00016020238
77,110,0.00077226665
78,110,0.00035127997
79,110,0.0012439052
80,110,0.0007179631
81,110,0.00054561906
82,110,0.0007526502
83,110,2.7179718e-05
84,110,0.0003190264
85,110,0.0006063767
86,110,0.00053838175
87,110,0.00082402397
88,110,0.0002604993
89,110,0.0007448476
90,110,9.1242604e-05
91,110,0.00032812636
92,110,0.00043643266
93,110,0.00077535305
94,110,0.0006527696
95,110,0.00055016205
96,110,0.00081402715
97,110,0.0011961013
98,110,0.0008911034
99,110,0.0007601902
100,110,0.00028827973
101,110,0.00048731826
102,110,
103,110,
104,110,
105,110,
106,110,0.00060852896
107,110,0.00082211103
108,110,0.00069619063
109,110,0.0004892312
110,110,9.6807256e-05
111,110,0.00072407164
112,110,
113,110,
114,110,
115,110,
116,110,
117,110,
118,110,
119,110,
120,110,
121,110,
122,110,
123,110,
124,110,
125,110,
126,110,
127,110,
128,110,0.0005441131
129,110,0.0004639048
130,110,0.0004948694
131,110,0.0003180243
132,110,0.000790447
133,110,-0.00010084361
134,110,0.0001675766
135,110,0.00034722686
136,110,0.0011892244
137,110,0.0003367737
138,110,0.00045294408
139,110,0.00030904263
140,110,0.00059039146
141,110,0.00064942613
142,110,0.0007722266
143,110,0.00058245286
144,110,0.00041401852
145,110,0.0009210007
146,110,0.0007111663
147,110,0.0003630761
148,110,0.00061493926
149,110,0.00020173658
150,110,0.0003865296
151,110,0.0006411765
152,110,0.0006178692
153,110,0.0007320279
154,110,0.0008528419
155,110,0.00081717037
156,110,0.00052694324
157,110,0.00065575354
158,110,0.00052538794
159,110,0.0004897686
160,110,0.0006306078
161,110,0.0005108742
162,110,0.00044519827
163,110,0.0004956238
164,110,6.265938e-05
165,110,0.00056609325
166,110,0.0003589159
167,110,0.0003313478
168,110,0.00070028566
169,110,0.0004954655
170,110,8.2920305e-05
171,110,0.00059359893
172,110,2.8312206e-06
173,110,0.00049677305
174,110,0.0005666744
175,110,0.00073514413
176,110,0.00048099458
177,110,0.000564591
178,110,0.0004276354
179,110,0.0003159372
180,110,0.0014910139
181,110,0.00017639622
182,110,0.000116057694
183,110,0.00073329266
184,110,0.00044184458
185,110,-0.0002500601
186,110,0.0001569977
187,110,-3.378652e-05
188,110,0.0001375908
189,110,0.00028624292
190,110,0.0003506383
191,110,-0.00030852295
192,110,0.0007158201
193,110,0.00015761051
194,110,0.00027260557
195,110,0.0005382234
196,110,0.0008632736
197,110,0.0010039862
198,110,0.00046962593
199,110,0.00055089034
200,110,0.0007091798
201,110,0.00075771566
202,110,0.0004577376
203,110,0.0004473878
204,110,0.0007196516
205,110,0.00056693517
206,110,0.00061811507
207,110,0.00042952038
208,110,0.0003564488
209,110,0.0005175946
210,110,0.00043903664
211,110,0.0007637758
212,110,0.00058160815
213,110,0.00011306722
214,110,0.0008575041
215,110,0.0005906075
216,110,0.00025132205
217,110,0.00029803906
218,110,0.00012984965
219,110,0.00048565306
220,110,0.0002746042
221,110,0.000847118
222,110,0.0012933761
223,110,0.0006698286
224,110,0.00052515697
225,110,0.00072271656
226,110,0.00041166972
227,110,0.00014000572
228,110,0.0005232664
229,110,0.0006012786
230,110,0.0008135177
231,110,0.0003601499
232,110,0.00021279417
233,110,0.0007800916
234,110,0.0005543865
235,110,0.00026418082
236,110,0.0006523207
237,110,0.00043885503
238,110,0.0005000541
239,110,0.0003835298
240,110,0.00026758574
241,110,0.0012784246
242,110,0.0014133593
243,110,-0.00018178858
244,110,0.0006656032
245,110,0.00057203416
246,110,-0.00012066122
247,110,0.00036334246
248,110,0.00016477238
249,110,0.00018537883
250,110,0.0007177321
251,110,0.00077097304
252,110,0.00077736005
253,110,0.00040702987
254,110,0.00022631232
255,110,0.0010928344
256,110,0.0001776088
257,110,5.278364e-05
258,110,0.0007520355
259,110,0.00042869896
260,110,0.00028152578
261,110,0.0007949453
262,110,0.0002568541
263,110,-0.00027442444
264,110,0.00056976825
265,110,0.00013243407
266,110,0.0007512402
267,110,0.0006647147
268,110,0.00096156355
269,110,0.00048872735
270,110,-5.5624172e-05
271,110,0.00033806637
272,110,0.00035032537
273,110,0.00021006912
274,110,0.0008311495
275,110,
276,110,
277,110,
278,110,
279,110,
280,110,
281,110,
282,110,
283,110,
284,110,
285,110,
286,110,0.0006527398
287,110,0.00084364973
288,110,0.0006032968
289,110,0.00047264248
290,110,0.00055701565
291,110,0.00049448386
292,110,0.0006113341
293,110,0.00040146988
294,110,0.00058407243
295,110,0.0005389359
296,110,0.00055989716
297,110,0.0006200848
298,110,0.0005365154
299,110,0.0008474644
300,110,0.00039351452
301,110,0.0008782502
302,110,0.00034869555
303,110,0.00063559227
304,110,0.0011206167
305,110,0.0012039142
306,110,0.00066895783
307,110,0.0006372975
308,110,0.0010245647
309,110,0.00069172215
310,110,0.0006548632
311,110,0.0008040136
312,110,0.00072526187
313,110,0.00048753526
314,110,0.0004653316
315,110,0.0006164294
316,110,0.00048597436
317,110,0.00057227723
318,110,0.00073452014
319,110,0.0008830242
320,110,0.00056814216
321,110,0.00010283571
322,110,0.0006516762
323,110,0.00061383285
324,110,0.0007751351
325,110,0.00065694377
326,110,0.00079170614
327,110,0.00049544405
328,110,0.0004715696
329,110,0.00035997387
330,110,0.00060638133
331,110,0.00049119815
332,110,8.591544e-05
333,110,0.0008300254
334,110,0.00058990624
335,110,0.0006508129
336,110,0.0005768547
337,110,0.00026099384
338,110,0.0002851328
339,110,0.00016100332
340,110,0.000831835
341,110,-1.8775463e-06
342,110,
343,110,0.00026375055
344,110,0.0005033156
345,110,0.00037027523
346,110,
347,110,0.0005780831
348,110,
349,110,
350,110,0.0009497097
351,110,0.0002115313
352,110,
353,110,0.0008648187
354,110,0.0007460471
355,110,0.00036804192
356,110,-0.00036985613
357,110,-4.4928864e-05
358,110,0.00060835667
359,110,-0.00017652381
360,110,0.000788399
361,110,0.0005392935
362,110,0.0005367696
363,110,0.00020846166
364,110,0.0007436322
365,110,0.0005710758
366,110,0.0007381514
367,110,0.00055222027
368,110,0.0007739067
369,110,0.0004215967
370,110,0.000610603
371,110,0.00027395133
372,110,0.00087038055
373,110,0.000844256
374,110,0.0005963426
375,110,0.00054346304
376,110,0.0009821821
377,110,0.00077557005
378,110,0.0007596826
379,110,0.00088396296
380,110,0.0007797703
381,110,8.322578e-05
382,110,0.0007961802
383,110,0.000519936
384,110,0.00050006714
385,110,0.0009295661
386,110,0.00058031455
387,110,0.0003805384
388,110,0.0007280549
389,110,0.0004400881
390,110,0.0006838264
391,110,0.0008267183
392,110,0.0005791327
393,110,0.0007529864
394,110,0.0005250685
395,110,0.0005714251
396,110,0.00078761857
397,110,0.0012953868
398,110,0.0006596623
399,110,0.0009118905
400,110,0.00055667665
401,110,0.00042937882
402,110,8.047186e-05
403,110,0.00017942954
404,110,0.0009968905
405,110,0.00014444627
406,110,0.0008338522
407,110,0.0006681094
408,110,-7.329043e-05
409,110,0.00030198134
410,110,0.0005232515
411,110,0.0006852234
412,110,0.0005807122
413,110,0.0008027423
414,110,0.00022225361
415,110,0.000986794
416,110,0.00042276736
417,110,0.00031874143
418,110,0.00023820065
419,110,0.00057160575
420,110,0.0005682958
421,110,0.0001485385
422,110,0.00038925372
423,110,0.00060940254
424,110,0.00088957045
425,110,0.00020370353
426,110,0.0007126918
427,110,0.0007786853
428,110,0.0013821581
429,110,0.0010927031
430,110,0.0007276861
431,110,0.0008276189
432,110,0.0014688773
433,110,0.00014212169
434,110,0.0003522532
435,110,0.0007405216
436,110,0.0008652825
437,110,0.0007132543
438,110,0.00041230582
439,110,0.0007481426
440,110,0.00023718644
441,110,0.00016245898
442,110,0.00054830685
443,110,0.00040528737
444,110,0.00021399558
445,110,0.0007305555
446,110,0.00075367745
447,110,0.0009034686
448,110,0.00023993105
449,110,0.0005119089
450,110,0.00027856696
451,110,0.00059390906
452,110,0.0006562555
453,110,0.0005806349
454,110,0.0011854777
455,110,0.00083373487
456,110,0.00059155654
457,110,0.00088219624
458,110,1.9846484e-06
459,110,0.0004357649
460,110,0.0007501729
461,110,0.00022442546
462,110,0.00015356392
463,110,0.00044891052
464,110,0.00059798267
465,110,0.00075814314
466,110,0.0004926538
467,110,0.0002711257
468,110,0.00046596024
469,110,0.0006003259
470,110,0.00050545763
471,110,0.00022007897
472,110,0.001050612
473,110,0.0004753247
474,110,0.0006411709
475,110,0.00090948306
476,110,0.0011130152
477,110,0.00074681826
478,110,0.00057563186
479,110,0.000208457
480,110,0.00047865044
481,110,0.00038051885
482,110,0.0011545848
483,110,0.00048748218
484,110,0.00046963058
485,110,0.0004467005
486,110,0.00037934445
487,110,0.0004807962
488,110,0.0009951908
489,110,0.00094000995
490,110,0.0010446571
491,110,0.00067609455
492,110,0.0006243363
493,110,0.00062121544
494,110,0.00020974874
0,111,0.00050128717
1,111,0.00010406785
2,111,0.00078385323
3,111,0.00033220183
4,111,0.00047674682
5,111,0.0011951616
6,111,0.0007984359
7,111,0.0007927576
8,111,0.0007097637
9,111,0.00037088618
10,111,0.0006649783
11,111,0.00089838356
12,111,0.0005467897
13,111,0.00041678548
14,111,0.0006782785
15,111,3.3034012e-06
16,111,0.0005489653
17,111,0.00038850307
18,111,0.000222045
19,111,0.00073069334
20,111,0.0003867047
21,111,-0.00014612637
22,111,0.0009428747
23,111,0.0007737037
24,111,0.0011549126
25,111,0.00085643027
26,111,0.000805554
27,111,0.00018027797
28,111,0.00035959855
29,111,0.0002983166
30,111,0.000604555
31,111,0.00024629757
32,111,0.00046606734
33,111,0.0008561732
34,111,0.0002809232
35,111,0.00051870476
36,111,0.00025348086
37,111,0.0005041864
38,111,0.00044255983
39,111,0.0006304141
40,111,0.0011953516
41,111,0.00094199367
42,111,0.000693623
43,111,0.0005007377
44,111,0.0007717628
45,111,0.0008092532
46,111,0.0005589882
47,111,0.0002570534
48,111,0.0009966362
49,111,0.0001957817
50,111,0.00017575175
51,111,0.0006466443
52,111,0.00021771342
53,111,0.00038516987
54,111,0.00041482132
55,111,0.0006383788
56,111,0.0005957652
57,111,0.0009278469
58,111,-0.00014725048
59,111,0.00089414604
60,111,0.00068936683
61,111,0.0006006118
62,111,0.0004136972
63,111,0.0007278621
64,111,0.0007165745
65,111,
66,111,
67,111,0.00029455405
68,111,
69,111,
70,111,
71,111,
72,111,9.080302e-05
73,111,0.00054134894
74,111,
75,111,
76,111,
77,111,0.00094055105
78,111,-0.0003318498
79,111,0.00089864153
80,111,0.0009274818
81,111,0.0005340809
82,111,0.0005787462
83,111,0.00074237585
84,111,0.0008319756
85,111,0.00032485835
86,111,0.0010278225
87,111,0.00038075447
88,111,0.0002681082
89,111,-3.886409e-05
90,111,0.0005065398
91,111,0.00070542376
92,111,0.00068426784
93,111,0.001216568
94,111,0.00026996527
95,111,0.00075051654
96,111,0.0004825974
97,111,0.00058173016
98,111,0.0010006949
99,111,0.0005140491
100,111,0.0009696642
101,111,0.0007951362
102,111,0.0006117588
103,111,
104,111,
105,111,0.00028506294
106,111,0.0008638194
107,111,0.0007034056
108,111,0.00023819786
109,111,0.00078871194
110,111,0.0007825708
111,111,0.0007955637
112,111,0.00076703075
113,111,
114,111,
115,111,
116,111,
117,111,
118,111,
119,111,
120,111,
121,111,
122,111,
123,111,
124,111,
125,111,
126,111,0.000116164796
127,111,0.00039578136
128,111,0.0006601224
129,111,0.00067720935
130,111,0.00029965397
131,111,0.0003995495
132,111,0.00087402575
133,111,0.00055062585
134,111,1.6117468e-05
135,111,-0.0003720885
136,111,0.000405672
137,111,0.00036410522
138,111,0.00022588484
139,111,0.0002726512
140,111,0.0007663425
141,111,0.00087261107
142,111,0.00058163423
143,111,0.00091059133
144,111,0.00066058803
145,111,0.00040775537
146,111,0.00069809705
147,111,0.0006524436
148,111,0.00072691776
149,111,0.00053363666
150,111,0.0004207939
151,111,0.00046112016
152,111,0.0004327204
153,111,0.0005342243
154,111,0.00041943789
155,111,0.00010964181
156,111,0.0003455039
157,111,0.00022425782
158,111,0.0004241811
159,111,0.00092215
160,111,0.00029009394
161,111,0.00060366467
162,111,0.00065832585
163,111,0.00088504795
164,111,0.00091304164
165,111,0.00034145638
166,111,0.00028487016
167,111,0.00059964973
168,111,0.0008102171
169,111,0.00034403615
170,111,0.00020255148
171,111,0.00062143244
172,111,0.00079512596
173,111,0.00063787214
174,111,0.0007134462
175,111,0.000536263
176,111,0.0008312538
177,111,0.0004403852
178,111,0.00037429947
179,111,0.00038892403
180,111,0.00045825727
181,111,0.00072708353
182,111,0.00048436876
183,111,-5.8408827e-05
184,111,-2.2621825e-06
185,111,0.0006653499
186,111,0.0008543413
187,111,0.00022669137
188,111,0.00013422407
189,111,0.00023492798
190,111,0.00053803343
191,111,0.00024773367
192,111,0.0007564714
193,111,0.00023768749
194,111,0.00047525764
195,111,0.0005324362
196,111,0.000605382
197,111,0.0007960461
198,111,0.0005702423
199,111,0.00011157058
200,111,0.00073879864
201,111,0.0004567448
202,111,0.00072023086
203,111,0.00011977926
204,111,0.0006344719
205,111,0.00091963727
206,111,0.0005864203
207,111,0.00036295224
208,111,0.00020612497
209,111,0.0004655337
210,111,0.00060009304
211,111,0.0007819552
212,111,0.0008756919
213,111,0.0006547207
214,111,0.0005230317
215,111,0.00045150053
216,111,0.00022912957
217,111,0.0004092967
218,111,0.00031237956
219,111,0.0007105563
220,111,0.0006478876
221,111,0.00024632178
222,111,0.00027357228
223,111,0.0005414188
224,111,6.527454e-05
225,111,0.000204104
226,111,0.00063857064
227,111,0.00053610466
228,111,0.00033590756
229,111,0.00017968472
230,111,-0.00022245944
231,111,0.00021683704
232,111,0.00049284846
233,111,0.0006237235
234,111,0.00013232231
235,111,0.00037699006
236,111,0.00011324417
237,111,0.0006710803
238,111,8.728448e-05
239,111,0.00035516638
240,111,0.0009739157
241,111,0.00049134996
242,111,0.00080388784
243,111,0.00075996853
244,111,0.00057520065
245,111,-5.3747557e-05
246,111,0.00042668544
247,111,0.0005578799
248,111,0.0002833968
249,111,0.00075062923
250,111,0.00022802781
251,111,0.00012061931
252,111,0.0004683705
253,111,0.0011498593
254,111,0.0002996195
255,111,3.320817e-05
256,111,0.00020369049
257,111,0.0006139288
258,111,0.00048253685
259,111,0.0004268298
260,111,0.00023949426
261,111,0.0003334228
262,111,0.000116318464
263,111,0.0006820131
264,111,0.0004005311
265,111,0.00066325534
266,111,0.00052038766
267,111,0.0005812496
268,111,0.00050368626
269,111,0.00032775104
270,111,0.00022871047
271,111,0.00047150347
272,111,-5.5660494e-05
273,111,0.00044133142
274,111,0.0006285012
275,111,0.00050538033
276,111,
277,111,
278,111,
279,111,
280,111,
281,111,
282,111,
283,111,
284,111,
285,111,
286,111,0.00018814672
287,111,0.00050934963
288,111,0.00018054713
289,111,0.0010719476
290,111,0.00056552235
291,111,0.0008623535
292,111,0.0005314732
293,111,0.0003625909
294,111,0.00076857675
295,111,0.00069007836
296,111,0.0005956432
297,111,0.0010779407
298,111,0.0010002395
299,111,0.0003411565
300,111,0.0006888192
301,111,0.000601409
302,111,0.00043550506
303,111,0.00058657397
304,111,0.00046689808
305,111,0.00030898396
306,111,0.0011554034
307,111,0.0006735595
308,111,0.0008611111
309,111,0.0005824398
310,111,0.0010557948
311,111,0.00054084137
312,111,0.0007675523
313,111,0.00021263957
314,111,0.00079700816
315,111,0.00051373895
316,111,0.0009721853
317,111,0.0005985666
318,111,0.00058191456
319,111,0.0006799251
320,111,0.00073298067
321,111,0.0003602868
322,111,0.0010288088
323,111,0.00023405347
324,111,0.0009385729
325,111,0.0006360309
326,111,0.00042347517
327,111,0.00088902004
328,111,0.00031631812
329,111,0.0005702451
330,111,0.0007514097
331,111,0.0005875174
332,111,0.0004921118
333,111,0.00035480782
334,111,0.0005102623
335,111,0.00074440613
336,111,0.0002524918
337,111,1.2128614e-05
338,111,0.0007815249
339,111,0.0005174661
340,111,0.0009078095
341,111,0.0006612744
342,111,0.00046960544
343,111,
344,111,0.00082000997
345,111,
346,111,
347,111,
348,111,
349,111,
350,111,0.00071035326
351,111,
352,111,
353,111,
354,111,
355,111,
356,111,
357,111,0.00057519414
358,111,0.00083049946
359,111,-9.871647e-05
360,111,0.00081503205
361,111,0.0007838253
362,111,0.0009023305
363,111,0.00080727413
364,111,0.0005554557
365,111,0.0005791802
366,111,0.0006843507
367,111,0.0008269679
368,111,0.00048536155
369,111,0.00025897566
370,111,0.0003441982
371,111,0.0008006487
372,111,0.00089171436
373,111,0.00092126057
374,111,0.0003477428
375,111,0.00070378836
376,111,0.00055076927
377,111,0.0005393531
378,111,0.0007042177
379,111,0.0006961748
380,111,0.00026077311
381,111,0.00058725756
382,111,0.00023224857
383,111,0.00038250536
384,111,0.00072359387
385,111,0.0007639276
386,111,0.0010594185
387,111,0.0013019312
388,111,0.0007492546
389,111,0.0008478733
390,111,0.0005018739
391,111,0.0008889325
392,111,0.00064466614
393,111,0.0005425187
394,111,0.00078854244
395,111,0.00028924644
396,111,0.00025406945
397,111,0.0010913238
398,111,0.00070041046
399,111,0.00086651463
400,111,0.000910664
401,111,0.0003880402
402,111,0.0006680265
403,111,0.0007245345
404,111,0.0004664082
405,111,4.9534254e-05
406,111,0.00069663953
407,111,0.00040076114
408,111,0.0006580446
409,111,0.0008112807
410,111,0.0005738698
411,111,0.0011092117
412,111,1.216121e-05
413,111,0.0008242065
414,111,0.0004610289
415,111,0.0006914949
416,111,0.0008406108
417,111,0.00067045167
418,111,0.0010726126
419,111,0.00050334167
420,111,0.00035602134
421,111,0.0011959067
422,111,0.0011414886
423,111,0.0007008426
424,111,0.00033405796
425,111,0.00052073784
426,111,0.0004631197
427,111,0.0007038461
428,111,0.00040883198
429,111,0.00016219169
430,111,0.00025347061
431,111,2.6174821e-05
432,111,0.0006159637
433,111,0.0003736252
434,111,0.00020851102
435,111,0.0010121651
436,111,0.000779368
437,111,0.00050536916
438,111,0.00051941443
439,111,0.0004281532
440,111,0.0003767684
441,111,0.0006682705
442,111,-0.00010163244
443,111,0.00058293156
444,111,0.0006070314
445,111,0.0007166285
446,111,0.0009928709
447,111,3.8153492e-05
448,111,0.00043104868
449,111,0.0006541861
450,111,0.00026841275
451,111,9.418465e-05
452,111,-0.00013101101
453,111,0.0006340528
454,111,0.00015701354
455,111,0.0005758805
456,111,-4.5290217e-06
457,111,0.00076613575
458,111,0.0006714789
459,111,2.8620474e-05
460,111,0.0008175988
461,111,0.00021833368
462,111,1.921691e-05
463,111,0.0004974231
464,111,0.00040120166
465,111,0.0007860996
466,111,0.0008440353
467,111,0.0004950557
468,111,0.00069791824
469,111,0.0005533071
470,111,0.0007438874
471,111,0.0008131508
472,111,0.00047510955
473,111,0.00013441592
474,111,0.00027384516
475,111,0.0011853585
476,111,0.00031377748
477,111,0.0007660398
478,111,0.0008268468
479,111,0.00047833566
480,111,0.00042551383
481,111,0.00051938836
482,111,0.00035209768
483,111,0.0005151415
484,111,0.00064100325
485,111,0.0008209264
486,111,0.0007961979
487,111,0.00028227177
488,111,0.00089741684
489,111,0.0007356452
490,111,0.00057101715
491,111,0.00034760404
492,111,0.00037012435
493,111,0.00072725024
494,111,0.00093962904
0,112,0.0006957501
1,112,0.0005818289
2,112,0.00037237722
3,112,0.00010663271
4,112,-8.576084e-05
5,112,0.00045616738
6,112,0.0005270792
7,112,0.00027384516
8,112,0.00080409646
9,112,0.00074916426
10,112,0.0005166689
11,112,0.00057957973
12,112,0.00044164993
13,112,0.0007028738
14,112,0.00024319533
15,112,0.00027285796
16,112,1.937151e-06
17,112,0.00012713764
18,112,0.0007901294
19,112,0.0008722339
20,112,0.00046505965
21,112,0.0004974026
22,112,2.613943e-05
23,112,0.0007946333
24,112,0.0007960154
25,112,0.00019597355
26,112,0.0006181365
27,112,0.00078454334
28,112,0.00045667216
29,112,0.00076285657
30,112,0.00075856224
31,112,0.00066093355
32,112,0.00072382204
33,112,0.00046741404
34,112,0.00028546248
35,112,0.0004375074
36,112,0.00053510536
37,112,0.00078003015
38,112,0.00066793244
39,112,0.0003591869
40,112,0.00030030124
41,112,0.00043489318
42,112,0.0008596862
43,112,0.0005894033
44,112,0.0011750273
45,112,0.00062072463
46,112,0.00040844455
47,112,0.0008518463
48,112,0.0004067896
49,112,0.0003620265
50,112,0.00079427473
51,112,0.0005215164
52,112,0.00067374855
53,112,0.0008165911
54,112,0.00059992354
55,112,0.00055770576
56,112,0.00011879578
57,112,0.00024988223
58,112,0.00041497406
59,112,0.0004685875
60,112,0.00091203954
61,112,0.00066985004
62,112,0.00022692885
63,112,0.0009783721
64,112,
65,112,
66,112,
67,112,
68,112,
69,112,
70,112,
71,112,
72,112,
73,112,
74,112,
75,112,
76,112,0.0006648656
77,112,
78,112,0.0002560597
79,112,0.0008239541
80,112,0.0004649544
81,112,0.00036184583
82,112,0.00037023425
83,112,8.6644664e-05
84,112,0.00042366702
85,112,0.0009010341
86,112,5.940348e-05
87,112,0.00068743527
88,112,0.0006292267
89,112,0.00054521393
90,112,0.0003844332
91,112,5.508866e-05
92,112,0.00044048205
93,112,0.0004085377
94,112,0.0006960463
95,112,0.00043405965
96,112,0.00047370885
97,112,0.0007858034
98,112,0.0010528378
99,112,0.0008306112
100,112,0.00032931566
101,112,0.0005088672
102,112,0.00018803589
103,112,0.00081846677
104,112,0.0005568201
105,112,0.00058557745
106,112,0.00039550476
107,112,-9.3230046e-05
108,112,-6.0908496e-07
109,112,0.00038777944
110,112,0.00060471613
111,112,0.0008220617
112,112,0.00060150214
113,112,
114,112,0.00033521838
115,112,
116,112,
117,112,
118,112,
119,112,
120,112,
121,112,
122,112,
123,112,0.0005217269
124,112,
125,112,
126,112,
127,112,
128,112,-0.00016408693
129,112,0.00077879895
130,112,9.690877e-05
131,112,0.00025261566
132,112,0.00071174745
133,112,0.00039545354
134,112,0.0006957371
135,112,-4.339125e-05
136,112,-0.00035111234
137,112,0.00058457814
138,112,0.00069847424
139,112,0.0005328264
140,112,0.00032452308
141,112,0.00075249467
142,112,0.0003694743
143,112,0.00054319296
144,112,0.00025938917
145,112,0.0009352779
146,112,0.0002212869
147,112,0.000633141
148,112,0.00020843558
149,112,0.00014187675
150,112,0.00045382418
151,112,0.00038891844
152,112,0.0007622484
153,112,0.00048113056
154,112,0.00018677302
155,112,0.00066011027
156,112,0.00042930245
157,112,0.00037387013
158,112,0.0006751381
159,112,0.00032288767
160,112,0.00088476576
161,112,0.0004409589
162,112,0.0005000103
163,112,0.0006645825
164,112,0.0003991332
165,112,0.00027710944
166,112,0.00033604912
167,112,0.0007206965
168,112,0.00042373687
169,112,9.0039335e-05
170,112,0.000442354
171,112,-1.5527941e-05
172,112,-2.8796494e-06
173,112,0.0003788015
174,112,0.000411259
175,112,0.0001217667
176,112,5.1965937e-05
177,112,0.0005465932
178,112,9.5115975e-05
179,112,-0.00034537166
180,112,0.0008459324
181,112,0.00018897094
182,112,0.00030872878
183,112,0.00032623112
184,112,0.00028469414
185,112,0.00046544056
186,112,-7.859431e-05
187,112,0.000270552
188,112,0.0001555141
189,112,7.837918e-05
190,112,5.29401e-05
191,112,-7.4082986e-05
192,112,0.00033112615
193,112,0.0009042807
194,112,6.0892664e-05
195,112,0.0006452827
196,112,0.00044234842
197,112,0.0004445333
198,112,0.00062368624
199,112,0.000262931
200,112,0.0003642738
201,112,0.00024081022
202,112,0.00049104635
203,112,0.0005540438
204,112,0.00093918387
205,112,0.00050743297
206,112,0.0005106386
207,112,0.0006129304
208,112,0.0009692935
209,112,0.00040426198
210,112,0.00020381808
211,112,0.0003689872
212,112,0.0007108003
213,112,0.00047125388
214,112,0.0005094772
215,112,0.000108608045
216,112,0.00018708594
217,112,-0.00040218513
218,112,0.00075158104
219,112,0.00024740212
220,112,-2.4253502e-05
221,112,0.0006998414
222,112,0.00062166434
223,112,0.0006948216
224,112,0.00041154958
225,112,0.00033650268
226,112,0.00037175324
227,112,0.0008263942
228,112,0.00020608492
229,112,0.00061465707
230,112,0.0006014798
231,112,0.00045909267
232,112,0.00020665396
233,112,0.0007538777
234,112,0.0007221326
235,112,0.0002687918
236,112,0.0001418516
237,112,3.9488077e-05
238,112,8.549541e-07
239,112,-0.0001264885
240,112,0.00049090665
241,112,0.0004574284
242,112,0.00045742
243,112,0.00023979228
244,112,0.00076559465
245,112,0.00030408148
246,112,0.00021409709
247,112,0.0005712984
248,112,0.00047129858
249,112,0.00029881857
250,112,0.0005137138
251,112,0.0009752661
252,112,0.00037009455
253,112,0.00025725178
254,112,0.00054257736
255,112,0.0005955091
256,112,0.0007052552
257,112,0.000543694
258,112,0.00052555
259,112,0.0006554825
260,112,0.00040796865
261,112,0.0009612376
262,112,0.00039754342
263,112,0.00028579123
264,112,0.0006825533
265,112,1.9437633e-05
266,112,-0.000515393
267,112,-0.000113086775
268,112,0.00047268625
269,112,9.4302e-05
270,112,0.00017803628
271,112,0.00053571444
272,112,0.00046714954
273,112,0.0010390207
274,112,0.0008652881
275,112,0.00045840535
276,112,
277,112,
278,112,
279,112,
280,112,
281,112,
282,112,
283,112,
284,112,
285,112,
286,112,0.0009345403
287,112,0.00029699598
288,112,0.0007429244
289,112,0.000311492
290,112,0.0007070303
291,112,0.0006961832
292,112,0.00076423306
293,112,0.00067586545
294,112,0.0009745229
295,112,0.0007623555
296,112,0.00039602723
297,112,0.0008099824
298,112,0.0010162368
299,112,0.00040660426
300,112,0.0007644007
301,112,0.00041975174
302,112,0.0004924005
303,112,0.00036250986
304,112,0.00062755216
305,112,0.00026713964
306,112,0.00069518574
307,112,0.0007572491
308,112,0.0008788118
309,112,0.000809934
310,112,0.00062626414
311,112,0.0006870851
312,112,0.000572565
313,112,0.0009942427
314,112,0.0007978538
315,112,0.00055535045
316,112,0.0002205912
317,112,0.00086597167
318,112,0.00021442026
319,112,0.0010106675
320,112,0.00041078497
321,112,0.00040257722
322,112,0.0002737157
323,112,0.00031585153
324,112,0.0006565824
325,112,0.00064462516
326,112,0.00031730905
327,112,0.000579115
328,112,0.00086830556
329,112,0.0005495902
330,112,0.00041596591
331,112,0.00041413307
332,112,0.001109656
333,112,0.00055640936
334,112,0.00058056694
335,112,0.00028696377
336,112,5.8416277e-05
337,112,0.00082448684
338,112,0.0006189868
339,112,
340,112,0.00043249037
341,112,0.0012142602
342,112,0.0006599976
343,112,
344,112,0.00092142634
345,112,0.00068436563
346,112,
347,112,
348,112,
349,112,0.00049935747
350,112,
351,112,
352,112,
353,112,
354,112,
355,112,
356,112,
357,112,
358,112,
359,112,0.00090790354
360,112,-8.310098e-05
361,112,0.00012841914
362,112,0.00031166617
363,112,0.0003260374
364,112,0.00012445264
365,112,0.00062740967
366,112,0.0005508764
367,112,0.0008436674
368,112,0.0007096557
369,112,0.00046682172
370,112,0.000685622
371,112,0.0008248631
372,112,0.0008918606
373,112,0.00029644184
374,112,0.00051822886
375,112,0.00047988538
376,112,0.0008062385
377,112,0.0005933242
378,112,0.00038371235
379,112,0.0004586894
380,112,0.00090459175
381,112,0.0002905829
382,112,0.00041354634
383,112,0.0005203318
384,112,0.0008051712
385,112,0.0011573229
386,112,0.00089504477
387,112,0.00067164283
388,112,0.00052309874
389,112,0.0004728716
390,112,0.0005097501
391,112,0.00083585735
392,112,0.0003341958
393,112,0.000725979
394,112,0.0007381225
395,112,0.00036007166
396,112,0.0006945925
397,112,0.000674231
398,112,0.0007738257
399,112,0.00047502946
400,112,0.0012103431
401,112,0.000618143
402,112,0.0005818475
403,112,0.0009232834
404,112,0.00048765074
405,112,0.00027269498
406,112,0.00047200453
407,112,0.000622767
408,112,0.00035073515
409,112,0.00049265753
410,112,0.00069187954
411,112,0.0007512141
412,112,0.00091800094
413,112,0.00059008505
414,112,0.0007297052
415,112,0.00045745727
416,112,0.0011729328
417,112,0.00042884704
418,112,0.00031524897
419,112,0.00050795823
420,112,0.00045114197
421,112,0.00046451576
422,112,0.0005359836
423,112,0.00078814104
424,112,0.0007778872
425,112,0.0006621545
426,112,0.00028801523
427,112,0.00072334707
428,112,0.00071776845
429,112,0.00047582667
430,112,0.00035524182
431,112,0.00050211325
432,112,0.0003400473
433,112,0.0005731238
434,112,0.00017038453
435,112,0.00032636803
436,112,0.0005433988
437,112,0.00062222406
438,112,0.0005356427
439,112,0.0010323469
440,112,0.0006003827
441,112,0.0005086558
442,112,0.00049330015
443,112,0.00013400055
444,112,0.00040167663
445,112,0.0009922804
446,112,0.00045610592
447,112,0.0005492205
448,112,0.0004784679
449,112,0.00033343397
450,112,0.00057428516
451,112,0.0004606191
452,112,0.0005369242
453,112,-5.633384e-05
454,112,7.531606e-05
455,112,0.00029768888
456,112,0.00071596354
457,112,0.0008140318
458,112,0.0005932348
459,112,3.80259e-06
460,112,0.00036096666
461,112,0.0009143194
462,112,0.00028649438
463,112,0.0003118664
464,112,0.0011279173
465,112,0.0012029586
466,112,0.0007823603
467,112,0.00047299918
468,112,0.0003698729
469,112,0.00040420517
470,112,0.0008710921
471,112,0.0005207509
472,112,0.00040854886
473,112,0.0003652703
474,112,0.00088562816
475,112,0.00067217276
476,112,0.00064972974
477,112,0.000814273
478,112,0.0010403013
479,112,8.039456e-05
480,112,0.0003549615
481,112,0.0008004559
482,112,0.0012962231
483,112,0.0009031771
484,112,0.00066705234
485,112,0.00041334983
486,112,0.0004435843
487,112,0.0010195142
488,112,0.00038631074
489,112,0.0010957681
490,112,0.0004662918
491,112,0.0004503755
492,112,0.000671234
493,112,0.0007917285
494,112,0.001188552
0,113,0.0006231349
1,113,0.00043355674
2,113,0.0010122228
3,113,0.00042939652
4,113,0.00038863812
5,113,1.52224675e-05
6,113,0.00117297
7,113,0.00011090003
8,113,0.0001369426
9,113,0.0008350611
10,113,0.00028511323
11,113,0.00083327666
12,113,0.0009217169
13,113,0.0005331328
14,113,0.0007501282
15,113,0.0003387006
16,113,0.00080551486
17,113,0.0009952448
18,113,0.00084086973
19,113,0.00019705482
20,113,0.00028153975
21,113,0.0007849056
22,113,0.00034866016
23,113,0.00027710758
24,113,0.00029037986
25,113,0.00045755692
26,113,9.3108974e-05
27,113,0.00067494716
28,113,0.00077765435
29,113,0.0005819304
30,113,0.00030805916
31,113,0.00079656206
32,113,0.0005945433
33,113,0.0007139994
34,113,0.00047679245
35,113,0.00021440163
36,113,0.00055544917
37,113,0.00048085395
38,113,0.0006003119
39,113,0.0009139944
40,113,0.0007451372
41,113,0.00026126392
42,113,0.00068373606
43,113,0.0008432716
44,113,0.0003335653
45,113,0.0005542189
46,113,0.0007594945
47,113,0.0006663762
48,113,0.00081849564
49,113,0.0005318178
50,113,0.0008306233
51,113,0.0005218508
52,113,0.00059277005
53,113,0.00085118506
54,113,0.0003780499
55,113,0.00013637543
56,113,0.0003767619
57,113,0.00049207266
58,113,0.0009473963
59,113,
60,113,
61,113,
62,113,
63,113,
64,113,
65,113,
66,113,
67,113,
68,113,
69,113,
70,113,
71,113,
72,113,
73,113,
74,113,0.0007752897
75,113,
76,113,0.0007685181
77,113,0.00048025884
78,113,0.0008717831
79,113,0.0004970692
80,113,0.0007482022
81,113,0.00031161495
82,113,0.0009008879
83,113,0.0010487279
84,113,-8.1826e-05
85,113,0.00034900196
86,113,0.0001851758
87,113,0.00065339915
88,113,0.00045223534
89,113,0.00039049145
90,113,0.00070634764
91,113,0.00026424415
92,113,0.00051866844
93,113,0.00053255074
94,113,0.0006639203
95,113,0.00084300525
96,113,0.0008525718
97,113,0.0008542519
98,113,0.00072125904
99,113,0.00063739996
100,113,0.00067482144
101,113,0.00059346855
102,113,0.00072375685
103,113,2.4738722e-05
104,113,0.0010970589
105,113,0.000392491
106,113,0.0006015636
107,113,0.00074110366
108,113,-0.00028929114
109,113,0.00078851543
110,113,0.0005601086
111,113,0.00058370084
112,113,-8.860137e-05
113,113,0.00050057005
114,113,0.00018987339
115,113,
116,113,
117,113,
118,113,
119,113,
120,113,
121,113,
122,113,
123,113,
124,113,
125,113,
126,113,
127,113,
128,113,0.00038670748
129,113,0.00083721336
130,113,0.0005875416
131,113,0.00047559664
132,113,0.00027183536
133,113,0.0006315494
134,113,0.0008765999
135,113,0.00042655226
136,113,0.000481721
137,113,0.00024034642
138,113,0.0003406396
139,113,7.8286976e-05
140,113,0.00023778807
141,113,0.00051285047
142,113,0.00027904566
143,113,0.0010406729
144,113,0.0006543882
145,113,0.0005601123
146,113,0.0004577795
147,113,0.00049071293
148,113,0.00074452907
149,113,0.00041298755
150,113,0.00043119024
151,113,0.0002880292
152,113,0.00061396137
153,113,0.0005491134
154,113,0.0008072015
155,113,0.0001756819
156,113,0.0005304655
157,113,0.00050762855
158,113,0.0009200368
159,113,0.0008175932
160,113,0.0010705087
161,113,0.00073520094
162,113,0.0005018357
163,113,0.00046154764
164,113,0.00018468872
165,113,0.00078547467
166,113,0.0002934318
167,113,0.00086545944
168,113,0.00063871965
169,113,0.000807669
170,113,0.0005947901
171,113,0.00034591276
172,113,3.7280843e-05
173,113,0.00015070848
174,113,0.00082265306
175,113,0.0006584907
176,113,0.0005781967
177,113,0.00039848685
178,113,0.00013400894
179,113,0.00034109876
180,113,0.0004612608
181,113,0.00020967424
182,113,0.000101982616
183,113,0.0003305087
184,113,0.0002588397
185,113,0.00060183275
186,113,0.00047116447
187,113,0.00030069333
188,113,0.0006866483
189,113,0.00057338923
190,113,0.00041270442
191,113,9.192061e-05
192,113,0.0011271322
193,113,-2.1609478e-05
194,113,0.00083576236
195,113,0.00040936377
196,113,0.0005500065
197,113,0.00025944505
198,113,0.00035424903
199,113,0.00082614366
200,113,0.0006386405
201,113,0.0005698437
202,113,0.00041712727
203,113,0.00036718883
204,113,0.00051119644
205,113,0.0004649656
206,113,0.00051890966
207,113,0.00026234332
208,113,0.0005687382
209,113,0.00064265076
210,113,0.0004961416
211,113,0.00047044829
212,113,0.0008413112
213,113,0.00032228697
214,113,0.0001042271
215,113,0.00031564757
216,113,0.00045369752
217,113,0.0007359497
218,113,0.00041407254
219,113,0.00028903224
220,113,0.00094001554
221,113,0.0011082413
222,113,-0.00030608382
223,113,0.00045096688
224,113,0.00038173143
225,113,0.00054828357
226,113,0.0008901404
227,113,0.0004141517
228,113,0.00053312816
229,113,0.0006852299
230,113,0.00037467852
231,113,0.00060044415
232,113,0.0010363916
233,113,0.00045669358
234,113,0.000181498
235,113,0.00023863278
236,113,0.0007680664
237,113,0.00054830685
238,113,0.0004896717
239,113,0.00028286874
240,113,0.0005674567
241,113,0.0005148556
242,113,-0.0003204681
243,113,-0.00014799461
244,113,0.00013331417
245,113,0.00037441775
246,113,0.00039419346
247,113,0.0005777264
248,113,0.00043499842
249,113,0.00045378227
250,113,0.0006579254
251,113,0.00025860034
252,113,0.000584417
253,113,0.0010646731
254,113,0.0007809792
255,113,0.0003938349
256,113,0.00046971627
257,113,0.00020862371
258,113,0.00088479836
259,113,7.059425e-07
260,113,0.00048223324
261,113,0.0009184377
262,113,0.0006702896
263,113,0.0008352902
264,113,0.000332159
265,113,0.0004234463
266,113,0.0005498845
267,113,0.00038851053
268,113,0.0006016167
269,113,0.0002064351
270,113,0.00063547306
271,113,0.00025944877
272,113,0.00041677617
273,113,0.00033631828
274,113,0.00089365337
275,113,0.00013744272
276,113,
277,113,
278,113,
279,113,
280,113,
281,113,
282,113,
283,113,
284,113,
285,113,
286,113,0.00038032886
287,113,0.00013914984
288,113,0.00020738132
289,113,0.00089952163
290,113,0.00027776137
291,113,0.000952241
292,113,0.0008784225
293,113,0.00027737394
294,113,0.000791071
295,113,0.0010637194
296,113,0.0006290823
297,113,0.0004550703
298,113,0.00071238354
299,113,0.000679235
300,113,0.0010122666
301,113,0.0007734122
302,113,0.0013821339
303,113,0.00087695196
304,113,0.00096034165
305,113,0.00067719724
306,113,5.3513795e-05
307,113,0.00065419823
308,113,0.00038191583
309,113,0.0008116523
310,113,0.00053514075
311,113,0.0006197216
312,113,0.00076616555
313,113,0.0002509039
314,113,0.0007213913
315,113,0.00070185773
316,113,0.00041509606
317,113,0.0007641921
318,113,0.00042247027
319,113,0.00075372495
320,113,0.0010385578
321,113,0.0007451745
322,113,0.0008144565
323,113,0.0009353198
324,113,0.00048868824
325,113,0.00050105713
326,113,0.00046648085
327,113,0.00054075103
328,113,0.0006436538
329,113,0.00085893087
330,113,0.00041869283
331,113,0.00014511682
332,113,0.0005523553
333,113,0.0007176269
334,113,0.00016823597
335,113,0.000813975
336,113,0.0005882429
337,113,0.00060370844
338,113,0.00013127178
339,113,0.00015522819
340,113,0.00021375995
341,113,0.00062523875
342,113,0.0008564284
343,113,
344,113,0.00071410555
345,113,0.0011794437
346,113,
347,113,
348,113,
349,113,0.0002806876
350,113,-5.3128228e-05
351,113,0.00011235848
352,113,
353,113,
354,113,
355,113,
356,113,
357,113,
358,113,
359,113,
360,113,
361,113,-1.4781952e-05
362,113,0.00017361343
363,113,-6.3337386e-05
364,113,0.00015568547
365,113,0.00026954152
366,113,0.0006349785
367,113,0.00051025953
368,113,0.00040626433
369,113,0.00094815064
370,113,0.0007643048
371,113,0.0005533695
372,113,0.00039825682
373,113,0.00065564737
374,113,6.700028e-05
375,113,0.0005368693
376,113,0.00023368374
377,113,0.000449094
378,113,0.000952051
379,113,0.0008179052
380,113,0.00096723624
381,113,0.00072128046
382,113,0.0006310381
383,113,0.001168455
384,113,0.0010347394
385,113,0.0005117459
386,113,0.0007002903
387,113,0.0005833516
388,113,0.00092940684
389,113,0.00045662
390,113,0.0004836321
391,113,0.0007017609
392,113,0.0009962358
393,113,0.000608203
394,113,0.00087054446
395,113,0.0007059891
396,113,0.00041020103
397,113,0.0004110327
398,113,0.0006727781
399,113,0.0007610284
400,113,0.0007373793
401,113,0.00028207712
402,113,0.0007615965
403,113,0.0005792398
404,113,0.0005890317
405,113,0.00033807196
406,113,0.00047234073
407,113,0.0003604265
408,113,0.00032318104
409,113,0.0008887984
410,113,0.0006714724
411,113,0.000808673
412,113,0.00070415344
413,113,0.0008942541
414,113,0.00025503524
415,113,0.000541904
416,113,0.00060904585
417,113,0.00031017791
418,113,0.00072566234
419,113,0.0005924748
420,113,0.0009315256
421,113,0.0012336764
422,113,0.00031907577
423,113,0.0011213124
424,113,0.00042136293
425,113,0.00086351205
426,113,0.00019830838
427,113,0.00029705
428,113,0.00074590463
429,113,-0.00017587468
430,113,0.0007571364
431,113,0.00031439308
432,113,0.0006893985
433,113,0.00082524586
434,113,0.0003857799
435,113,0.00083359424
436,113,0.00083995145
437,113,0.00081499666
438,113,0.00057633873
439,113,0.00048994925
440,113,9.212457e-05
441,113,0.00049194694
442,113,0.00046124682
443,113,0.0005866764
444,113,0.00016691443
445,113,0.0003020065
446,113,0.0005277535
447,113,0.00047060475
448,113,0.00049556606
449,113,0.00025817472
450,113,0.00032116938
451,113,0.0004836945
452,113,0.00056216493
453,113,0.00080573093
454,113,9.518862e-05
455,113,0.00038496312
456,113,0.0005307002
457,113,0.000416114
458,113,0.00054165814
459,113,0.00074520614
460,113,0.00010954216
461,113,0.0005167434
462,113,0.00039647333
463,113,0.00043409038
464,113,0.0002943892
465,113,-5.7360157e-05
466,113,0.0005062418
467,113,0.00088852644
468,113,0.0005934173
469,113,0.00092807505
470,113,0.00082369614
471,113,-0.00022656005
472,113,0.00011296943
473,113,0.00046606362
474,113,0.00049770996
475,113,0.000400926
476,113,0.0006846823
477,113,0.00044305902
478,113,0.00044766348
479,113,0.00036813505
480,113,0.0002495665
481,113,0.0009720931
482,113,0.00039456692
483,113,0.00042323582
484,113,0.00036480185
485,113,0.00041397568
486,113,0.00050542504
487,113,0.00020184461
488,113,0.00037178304
489,113,0.0008191904
490,113,0.00083854795
491,113,0.0007298142
492,113,0.00094594713
493,113,7.862598e-05
494,113,0.00020170491
0,114,0.00076232944
1,114,0.0002528457
2,114,0.00048396178
3,114,0.00064136554
4,114,0.00064906944
5,114,0.00057442766
6,114,0.000478819
7,114,0.00042260997
8,114,0.00067141093
9,114,0.0004317155
10,114,0.00042747986
11,114,0.00030820537
12,114,9.8869205e-05
13,114,0.00060113333
14,114,-0.00033820793
15,114,0.0007177014
16,114,0.0003459938
17,114,0.0005939733
18,114,-1.6042963e-05
19,114,0.00078456756
20,114,0.00084150303
21,114,-0.00021678396
22,114,0.0007884959
23,114,0.00094789546
24,114,0.00044040754
25,114,0.00020562764
26,114,0.0005746335
27,114,0.00063750334
28,114,0.0006329641
29,114,0.00093800016
30,114,0.0007539354
31,114,0.00063753873
32,114,0.0011077179
33,114,0.0005381014
34,114,0.0010346333
35,114,0.00044486858
36,114,0.00067070685
37,114,0.0005703727
38,114,0.00053770654
39,114,3.8040802e-05
40,114,0.0009793881
41,114,0.00060804933
42,114,0.0007663397
43,114,0.0007534912
44,114,0.0012846645
45,114,0.0008663051
46,114,0.0009315815
47,114,0.00063688494
48,114,0.00079752225
49,114,0.0009750165
50,114,0.0002284525
51,114,0.00051988196
52,114,0.00083767064
53,114,0.00090456475
54,114,0.00025704503
55,114,0.0007466646
56,114,0.0008897511
57,114,
58,114,0.00090668537
59,114,
60,114,
61,114,
62,114,0.0007816348
63,114,
64,114,
65,114,
66,114,
67,114,
68,114,
69,114,
70,114,
71,114,
72,114,
73,114,
74,114,
75,114,
76,114,9.6835196e-05
77,114,0.00017265696
78,114,0.00030139647
79,114,0.00056416914
80,114,0.0006479006
81,114,0.00037946738
82,114,0.0004215408
83,114,0.000824186
84,114,0.00056619756
85,114,0.0007921234
86,114,0.00048180018
87,114,0.00038978737
88,114,-0.00025148783
89,114,0.000722751
90,114,0.00036952458
91,114,0.0004630629
92,114,0.00058842544
93,114,0.00031255744
94,114,0.0005080262
95,114,0.00037519075
96,114,0.0007161945
97,114,0.0009281859
98,114,0.0012009414
99,114,0.0005129613
100,114,0.0005734572
101,114,0.0002827486
102,114,0.00016063731
103,114,0.0002997527
104,114,0.0006473148
105,114,0.0006958144
106,114,-0.00012941007
107,114,0.0008574752
108,114,0.00070008356
109,114,0.0008493168
110,114,0.0005472051
111,114,0.00015772507
112,114,0.00042691454
113,114,0.0009884192
114,114,
115,114,
116,114,
117,114,
118,114,
119,114,
120,114,
121,114,
122,114,
123,114,
124,114,
125,114,
126,114,
127,114,0.0002649473
128,114,-2.242066e-05
129,114,0.0006122822
130,114,0.0003972277
131,114,0.00053578336
132,114,0.0009990986
133,114,1.8912368e-05
134,114,0.0006048251
135,114,0.00055806246
136,114,-0.0002998775
137,114,0.00018123537
138,114,0.00066796876
139,114,0.00043691136
140,114,0.0005405713
141,114,0.00045154244
142,114,0.0003858991
143,114,0.0008795308
144,114,0.0007246854
145,114,0.00045477133
146,114,0.0007678019
147,114,0.000340987
148,114,0.00084188767
149,114,0.00041418895
150,114,0.00041028857
151,114,0.0005058991
152,114,0.0005370425
153,114,0.00046783593
154,114,0.00064036716
155,114,0.00036004465
156,114,0.0007716296
157,114,0.00049484055
158,114,0.0005789893
159,114,0.0006574532
160,114,0.0007334696
161,114,0.00077569205
162,114,0.0006918609
163,114,0.00025238656
164,114,0.0005004499
165,114,0.00028859638
166,114,0.00038007088
167,114,0.00048352405
168,114,0.00090230815
169,114,0.0007398091
170,114,0.0006775521
171,114,0.00036096107
172,114,0.00011655968
173,114,0.00055315904
174,114,0.0006391555
175,114,0.00044844672
176,114,0.00017014053
177,114,0.00043798238
178,114,0.0006382279
179,114,0.0003264062
180,114,0.00048378762
181,114,0.00040912442
182,114,0.0007255487
183,114,0.0006124694
184,114,0.00026685372
185,114,2.9909424e-05
186,114,0.00036278833
187,114,0.0004772907
188,114,0.00016677659
189,114,0.00035114307
190,114,0.00051341485
191,114,0.0005975757
192,114,0.0006491607
193,114,0.00059045944
194,114,0.00028737634
195,114,0.00030905195
196,114,0.00031423848
197,114,0.0008367598
198,114,0.00028025638
199,114,0.0008083172
200,114,0.000101686455
201,114,0.0005656332
202,114,0.0006701024
203,114,0.000535802
204,114,0.0005264636
205,114,0.0009871591
206,114,0.00019959733
207,114,0.00040256046
208,114,0.00045427307
209,114,0.00068386365
210,114,-2.7207658e-05
211,114,0.0010127705
212,114,0.00036685076
213,114,-3.259629e-07
214,114,0.00019978732
215,114,0.00034365244
216,114,0.00048259087
217,114,0.0006521642
218,114,0.00091084745
219,114,0.0007887194
220,114,0.0008665994
221,114,0.00060553383
222,114,6.4344145e-05
223,114,0.00075812265
224,114,0.00062563736
225,114,0.0006618323
226,114,0.00030926522
227,114,0.00041631982
228,114,0.0005414244
229,114,0.00083927624
230,114,0.00041357148
231,114,0.00069709215
232,114,0.0006778175
233,114,0.0004758807
234,114,0.00019709393
235,114,0.00017448515
236,114,0.00078372844
237,114,0.0004211273
238,114,0.0008313833
239,114,0.00020158198
240,114,0.0005563982
241,114,0.00094714854
242,114,-0.00036717672
243,114,0.0005469527
244,114,0.00067368895
245,114,0.00051458925
246,114,-0.0003119018
247,114,0.0007215431
248,114,0.00034849625
249,114,0.00058368593
250,114,0.00041610096
251,114,0.00028690975
252,114,0.00080654956
253,114,0.0007620957
254,114,0.00061643217
255,114,0.00076959655
256,114,0.00096469186
257,114,0.00042574573
258,114,0.00064955093
259,114,0.0004154779
260,114,0.000665579
261,114,0.00054222625
262,114,0.00032031722
263,114,0.0006635664
264,114,0.00056979153
265,114,0.00025225524
266,114,0.0004776083
267,114,0.00021034759
268,114,0.0008006161
269,114,0.00024044793
270,114,-0.00023529679
271,114,0.00031931326
272,114,0.0002835337
273,114,2.220273e-06
274,114,0.0004885616
275,114,0.00028435793
276,114,
277,114,
278,114,
279,114,
280,114,
281,114,
282,114,
283,114,
284,114,
285,114,
286,114,
287,114,0.0005338155
288,114,0.00045608263
289,114,0.000747554
290,114,0.00042130984
291,114,0.0006707702
292,114,0.00048351474
293,114,0.0008914815
294,114,0.0010008514
295,114,0.00048510544
296,114,0.0009603901
297,114,0.00027314574
298,114,0.0006028712
299,114,0.00057158526
300,114,0.00051664
301,114,0.00057075545
302,114,0.00070980843
303,114,0.0008157678
304,114,0.00069958344
305,114,0.00054059736
306,114,0.0005993284
307,114,0.00070608594
308,114,0.00083926134
309,114,0.00022327062
310,114,0.00061864126
311,114,0.0006950116
312,114,0.0009329226
313,114,0.0008174628
314,114,0.001084581
315,114,0.00071715657
316,114,0.00056069624
317,114,0.0009903731
318,114,0.00071230344
319,114,0.00035152584
320,114,0.00077558216
321,114,0.00021613762
322,114,0.00091438927
323,114,0.00056594145
324,114,0.0007279664
325,114,0.00082627684
326,114,0.00045622606
327,114,0.0004347274
328,114,0.0002577789
329,114,0.0007680617
330,114,0.0012684148
331,114,0.00079646334
332,114,0.0008308636
333,114,0.0006778948
334,114,0.00034671277
335,114,0.00067557395
336,114,-0.0002209004
337,114,0.0006209258
338,114,0.0010574488
339,114,0.00068569276
340,114,0.00038189162
341,114,-4.0016137e-05
342,114,0.00044425298
343,114,0.00044486485
344,114,0.00067423563
345,114,0.0002384549
346,114,0.00060664397
347,114,0.0006082989
348,114,-6.035529e-05
349,114,0.00033898838
350,114,0.0010654274
351,114,
352,114,
353,114,
354,114,
355,114,
356,114,
357,114,
358,114,
359,114,
360,114,0.00066428166
361,114,0.0004850924
362,114,0.0005658297
363,114,-0.00018554181
364,114,-0.00011049677
365,114,0.0013544066
366,114,0.00043091178
367,114,0.00055420585
368,114,0.00077569485
369,114,0.00033620372
370,114,0.0005794326
371,114,-4.85871e-06
372,114,0.00038565602
373,114,0.00035204645
374,114,0.0007987339
375,114,0.00012999121
376,114,0.0007427037
377,114,0.00024419464
378,114,0.00060448423
379,114,0.0010020742
380,114,0.00013915729
381,114,0.0010969825
382,114,0.0005766731
383,114,0.0008051852
384,114,0.0008934606
385,114,0.0006516278
386,114,0.00044859014
387,114,0.0006056782
388,114,0.0010055499
389,114,0.00036230963
390,114,0.0008542733
391,114,0.00022186525
392,114,0.0005336469
393,114,0.0006778231
394,114,0.00082315877
395,114,0.00066689774
396,114,0.00013215095
397,114,0.0007976163
398,114,7.1787275e-05
399,114,0.00050320476
400,114,0.0007637525
401,114,0.00084179733
402,114,0.0006252425
403,114,0.00055606663
404,114,0.0009318497
405,114,0.000882593
406,114,0.000596595
407,114,0.0006159507
408,114,0.00074410904
409,114,0.000501113
410,114,0.00082861725
411,114,0.0008034697
412,114,0.0008922769
413,114,0.00080729835
414,114,0.0005044844
415,114,0.0009401161
416,114,0.00076412037
417,114,0.00083559845
418,114,8.595642e-05
419,114,0.0005234014
420,114,0.0002802331
421,114,0.00029430166
422,114,0.0005682502
423,114,0.00039225817
424,114,0.0005466305
425,114,-0.00017935038
426,114,0.00016982015
427,114,0.0010926994
428,114,0.00012214761
429,114,0.0007945504
430,114,0.00073163677
431,114,0.0003093509
432,114,0.00020395778
433,114,0.0010095853
434,114,0.00067315623
435,114,0.0007193582
436,114,0.0009909123
437,114,0.00065864064
438,114,0.00064226333
439,114,0.0008273171
440,114,4.691165e-05
441,114,0.00029039197
442,114,0.0006300397
443,114,0.001096366
444,114,0.00033895113
445,114,0.00072362274
446,114,0.0001405999
447,114,0.0005075345
448,114,6.3632615e-05
449,114,0.0006387485
450,114,0.00017307047
451,114,0.000705149
452,114,0.000523299
453,114,0.00028732792
454,114,0.0006566979
455,114,0.0003503505
456,114,0.00069154054
457,114,0.0004017977
458,114,0.00032652263
459,114,0.00082413666
460,114,0.0003805412
461,114,0.00070934277
462,114,0.00021716487
463,114,0.0004653223
464,114,0.0008380683
465,114,0.0006398782
466,114,0.0006233938
467,114,0.0009926232
468,114,0.00019379426
469,114,-5.1282346e-05
470,114,-0.00016279239
471,114,0.0005105864
472,114,0.00019319169
473,114,0.0008848831
474,114,0.00096708164
475,114,0.000338695
476,114,0.00010411348
477,114,0.00091518275
478,114,0.00027040392
479,114,0.00025223754
480,114,0.0005267998
481,114,0.00047779363
482,114,0.00052762683
483,114,0.00074706227
484,114,0.0002650516
485,114,0.00082686916
486,114,0.0005541574
487,114,0.00073539466
488,114,0.00023911428
489,114,0.00023477152
490,114,0.0007775035
491,114,0.0009730207
492,114,8.706283e-05
493,114,0.00010794401
494,114,0.0012892392
0,115,0.000773781
1,115,0.0005808687
2,115,0.00076557044
3,115,0.0005167797
4,115,0.00031636003
5,115,0.0005304739
6,115,0.00040423404
7,115,0.00017843954
8,115,9.674672e-05
9,115,-6.7379326e-05
10,115,0.00078620296
11,115,0.0009406442
12,115,0.00044648722
13,115,0.0003847815
14,115,0.000796563
15,115,0.00046688505
16,115,0.000691819
17,115,0.00030697975
18,115,-0.00033533573
19,115,0.00033671036
20,115,0.0002452759
21,115,0.00043575745
22,115,0.00070473086
23,115,0.00041468255
24,115,0.0007197941
25,115,0.0005870331
26,115,0.0005369326
27,115,0.00020544045
28,115,0.0004785452
29,115,0.0007969076
30,115,0.000118164346
31,115,0.00057588983
32,115,0.0007203631
33,115,0.00011572614
34,115,0.0005177576
35,115,0.00021862052
36,115,0.00075399876
37,115,0.0008521462
38,115,0.00027752016
39,115,0.00092901196
40,115,0.0008849185
41,115,0.00064766593
42,115,0.00092155114
43,115,0.0005837586
44,115,0.0004315488
45,115,0.00074297003
46,115,0.0002582455
47,115,0.0006345678
48,115,0.0007600486
49,115,0.00079664495
50,115,0.0005678069
51,115,0.0006203959
52,115,-3.1618401e-06
53,115,0.00063376594
54,115,0.00046719424
55,115,0.0013206564
56,115,
57,115,
58,115,
59,115,
60,115,
61,115,0.00080772955
62,115,-0.00012249965
63,115,
64,115,0.00084864814
65,115,
66,115,
67,115,
68,115,
69,115,
70,115,
71,115,
72,115,
73,115,
74,115,0.0008142935
75,115,0.00056024734
76,115,0.0005556401
77,115,0.00032831356
78,115,0.0013000993
79,115,0.00010240171
80,115,0.0010825396
81,115,0.00079728104
82,115,0.0010419516
83,115,0.00082754344
84,115,-1.1082739e-06
85,115,0.0003006868
86,115,0.00045289472
87,115,-4.5958906e-05
88,115,0.0003555324
89,115,0.000671749
90,115,8.396059e-05
91,115,-7.8110956e-05
92,115,0.0009964425
93,115,0.0006748438
94,115,0.00047918223
95,115,0.0007577976
96,115,0.0007810062
97,115,0.00096072257
98,115,1.3218261e-05
99,115,0.0006868504
100,115,0.0005355319
101,115,-0.00023599528
102,115,0.0003436422
103,115,0.00011125952
104,115,0.000101094134
105,115,0.0012164544
106,115,0.0005773939
107,115,0.0007360112
108,115,0.00093007274
109,115,0.00069532543
110,115,0.00057857856
111,115,0.0005658334
112,115,0.0011086334
113,115,0.00086507667
114,115,0.0005957214
115,115,0.00083015487
116,115,
117,115,
118,115,
119,115,
120,115,
121,115,
122,115,
123,115,
124,115,
125,115,
126,115,
127,115,
128,115,0.0011655539
129,115,-0.0005715145
130,115,0.0006187381
131,115,0.00012764987
132,115,0.00036040694
133,115,0.0003022058
134,115,0.0003451202
135,115,0.0004317686
136,115,0.00046200305
137,115,0.00058919284
138,115,0.0002142135
139,115,0.0003334768
140,115,0.00023654848
141,115,0.00024354924
142,115,0.0008837776
143,115,0.00061374437
144,115,0.00077519845
145,115,0.00078184623
146,115,0.000839781
147,115,0.0006219875
148,115,0.00083442964
149,115,0.0004560817
150,115,0.0005013915
151,115,0.00045243185
152,115,0.0006287927
153,115,0.00073989853
154,115,0.00044682622
155,115,0.0005669305
156,115,0.00022964366
157,115,0.00036869012
158,115,0.001004314
159,115,0.00037605222
160,115,0.00078463275
161,115,0.00042023137
162,115,0.0005606115
163,115,0.0005623754
164,115,-4.1486695e-05
165,115,0.00063668936
166,115,0.00081386976
167,115,0.0008468991
168,115,0.0003535822
169,115,0.0006574439
170,115,0.00021110103
171,115,0.00037482008
172,115,0.00029216893
173,115,0.0005873097
174,115,0.00011696294
175,115,0.00061799865
176,115,0.00014027674
177,115,0.000983811
178,115,0.00017268956
179,115,0.0005054949
180,115,0.00021012966
181,115,0.00039476622
182,115,0.00038193446
183,115,0.00017259736
184,115,0.00070843473
185,115,-1.34008005e-05
186,115,0.00040896703
187,115,0.0006323559
188,115,0.0004319325
189,115,0.0006423071
190,115,0.00043366943
191,115,0.0011943001
192,115,0.0004228633
193,115,0.00028379261
194,115,0.00039800256
195,115,0.00045613106
196,115,0.00011702068
197,115,2.5426969e-05
198,115,0.000660412
199,115,0.00037404522
200,115,0.0006023897
201,115,0.00020508189
202,115,0.0005237302
203,115,0.00093014725
204,115,0.00035937876
205,115,0.0010164501
206,115,0.00060947984
207,115,0.00014376175
208,115,0.0008165706
209,115,-5.0314702e-05
210,115,-0.0001956597
211,115,0.00033301394
212,115,0.0003593713
213,115,0.00065069925
214,115,0.00079256203
215,115,0.00046607573
216,115,0.00066923443
217,115,-0.00015315041
218,115,0.0011346675
219,115,0.0007231673
220,115,0.00038764346
221,115,0.00024099462
222,115,0.0005647708
223,115,0.00038314145
224,115,0.00027392711
225,115,0.0005833255
226,115,0.000887122
227,115,0.0006073313
228,115,0.00083268713
229,115,0.0009324504
230,115,0.00042337738
231,115,0.00042215828
232,115,0.00037037302
233,115,0.0006049769
234,115,0.00041195005
235,115,0.00076591317
236,115,0.00030126143
237,115,0.0006042989
238,115,0.0006587915
239,115,0.0005464684
240,115,0.0004204642
241,115,0.00049827714
242,115,-0.00018599536
243,115,0.00054448936
244,115,0.0005277842
245,115,0.0007024845
246,115,0.00046476442
247,115,0.00047925487
248,115,0.0004533222
249,115,0.0005802382
250,115,0.0004001446
251,115,0.00013665296
252,115,0.00067656767
253,115,0.00053710304
254,115,0.0010831766
255,115,0.0006245626
256,115,9.184424e-05
257,115,0.0007245103
258,115,0.0005774414
259,115,0.00030093174
260,115,0.0003826078
261,115,0.0002507288
262,115,0.000874714
263,115,0.00039547868
264,115,-5.946774e-05
265,115,0.00049877726
266,115,0.00018622912
267,115,0.00033686776
268,115,0.00060133636
269,115,0.00021545682
270,115,-5.3331256e-05
271,115,1.8099323e-05
272,115,0.0004158998
273,115,0.0006007878
274,115,0.00020980556
275,115,0.00052239466
276,115,
277,115,
278,115,
279,115,
280,115,
281,115,
282,115,
283,115,
284,115,
285,115,
286,115,
287,115,0.00035055727
288,115,0.00013555586
289,115,0.00035808608
290,115,0.00015676953
291,115,0.00091552455
292,115,0.0008110516
293,115,0.000689039
294,115,0.00086967647
295,115,0.00047970563
296,115,0.00059330836
297,115,0.0006890148
298,115,0.0008952804
299,115,0.0008023726
300,115,0.00056183245
301,115,0.0003017597
302,115,0.0012887549
303,115,0.0007091211
304,115,0.0006487565
305,115,0.0008996641
306,115,0.0011501899
307,115,0.0007689465
308,115,0.00027858093
309,115,0.00028491206
310,115,0.00052741356
311,115,0.00080101844
312,115,0.0006808974
313,115,0.0005672425
314,115,0.0005006939
315,115,0.0009068493
316,115,0.00048496574
317,115,0.0006468985
318,115,0.00064005796
319,115,0.0007547615
320,115,0.00045066886
321,115,0.00059752073
322,115,0.0005947873
323,115,0.00055049825
324,115,0.0007313248
325,115,0.0006612269
326,115,0.00057608634
327,115,0.0010439707
328,115,0.0008012075
329,115,0.0006458247
330,115,0.0007334063
331,115,0.0005240552
332,115,0.00051405746
333,115,0.0007107882
334,115,0.00071445294
335,115,0.000520193
336,115,0.0003889436
337,115,0.00017585605
338,115,0.00064746756
339,115,0.00043280795
340,115,0.00022828113
341,115,
342,115,
343,115,0.0011730399
344,115,0.00063034985
345,115,0.0007966291
346,115,0.00039053615
347,115,0.0008785138
348,115,0.00020105764
349,115,
350,115,
351,115,
352,115,
353,115,
354,115,
355,115,
356,115,
357,115,
358,115,
359,115,
360,115,
361,115,
362,115,
363,115,
364,115,0.00038904604
365,115,-0.00028073788
366,115,0.00048968755
367,115,0.0004694909
368,115,0.00067140535
369,115,0.00068011694
370,115,0.0005692793
371,115,0.0004190132
372,115,0.0005301051
373,115,0.0009049885
374,115,0.0005113976
375,115,0.00072701834
376,115,0.00077719055
377,115,0.00067901425
378,115,0.00054633245
379,115,0.00083157513
380,115,0.0007234635
381,115,-0.00015096646
382,115,0.0007903185
383,115,0.00049261656
384,115,0.0007901266
385,115,0.0010372708
386,115,0.00068617426
387,115,0.0009805765
388,115,0.00079481676
389,115,0.00092475396
390,115,0.0013178056
391,115,0.00037726574
392,115,0.0002844287
393,115,0.0007957006
394,115,0.000614088
395,115,0.0006439248
396,115,0.000112128444
397,115,0.00018677674
398,115,0.00058221444
399,115,0.00042935926
400,115,0.00034375582
401,115,0.00068195537
402,115,0.0007802835
403,115,0.0006694989
404,115,0.000683425
405,115,0.00050194096
406,115,0.00047439896
407,115,0.0013197409
408,115,0.00044848025
409,115,0.00042813737
410,115,0.0006910106
411,115,0.0005191667
412,115,6.717071e-05
413,115,0.00028289203
414,115,0.0006999206
415,115,0.0009936476
416,115,0.0009080954
417,115,0.0007538777
418,115,0.0008609807
419,115,0.00080265384
420,115,0.00033924915
421,115,0.0010662377
422,115,0.0007488094
423,115,0.00037457887
424,115,0.0006670458
425,115,0.00018754974
426,115,4.448183e-05
427,115,0.00052320585
428,115,0.00077818613
429,115,0.0005371757
430,115,0.0008632727
431,115,0.00037780683
432,115,0.00076156855
433,115,0.00051297713
434,115,0.00073691364
435,115,0.000965626
436,115,0.00057011284
437,115,-7.8378245e-05
438,115,0.0005855048
439,115,0.0003624428
440,115,0.00044844672
441,115,0.0005077645
442,115,0.00046674255
443,115,0.0004161084
444,115,0.0010237247
445,115,0.00042599067
446,115,0.00036729127
447,115,0.00061506685
448,115,0.0006465791
449,115,0.0003456818
450,115,0.00039826706
451,115,0.000819101
452,115,0.00033913553
453,115,0.00035572238
454,115,0.00057560485
455,115,-0.00025239494
456,115,0.00069894176
457,115,0.0005931249
458,115,0.0005103601
459,115,0.0003022449
460,115,0.00039294176
461,115,0.00026573054
462,115,0.0010226127
463,115,0.00026527792
464,115,0.00060827937
465,115,4.3064356e-05
466,115,0.00092057977
467,115,0.0011221161
468,115,0.0006609084
469,115,0.00069746375
470,115,0.00037647877
471,115,0.00089169666
472,115,0.00040362868
473,115,4.739687e-05
474,115,-5.2244402e-05
475,115,0.00046555698
476,115,0.00076860376
477,115,0.0006697271
478,115,0.00038550887
479,115,0.0005015442
480,115,0.00055370387
481,115,6.7977235e-05
482,115,0.0005192291
483,115,7.357355e-05
484,115,0.00037990697
485,115,0.0007744618
486,115,0.0003758315
487,115,0.0005509965
488,115,0.0011237925
489,115,0.00034139585
490,115,0.00017451029
491,115,0.00020367
492,115,6.5132044e-05
493,115,0.00085062254
494,115,0.00045474432
0,116,0.0007337183
1,116,0.00051170215
2,116,-0.00023112446
3,116,9.735674e-05
4,116,5.7694502e-05
5,116,6.0422346e-05
6,116,0.0006193556
7,116,0.0005759336
8,116,0.00038447045
9,116,0.0005864883
10,116,0.000898608
11,116,0.0004797075
12,116,-0.00024152733
13,116,-3.358256e-05
14,116,0.00075824745
15,116,0.00026417896
16,116,0.0004791366
17,116,4.5985915e-05
18,116,0.00062486436
19,116,0.00029092003
20,116,0.00020502135
21,116,0.0005368423
22,116,0.00045470148
23,116,0.00038149767
24,116,0.00030232035
25,116,0.0006778082
26,116,0.00041509327
27,116,0.0008028615
28,116,0.0008318722
29,116,0.0006703995
30,116,0.0006032558
31,116,0.0008020317
32,116,0.0010076463
33,116,0.0006395597
34,116,0.00076366775
35,116,0.0007432271
36,116,0.0009758724
37,116,0.00020980462
38,116,0.0006104
39,116,0.0007316666
40,116,0.00057608634
41,116,0.00043200701
42,116,0.00023041386
43,116,0.00048035663
44,116,0.0007526018
45,116,0.00064239465
46,116,0.000791559
47,116,0.0009507248
48,116,0.0007804688
49,116,0.00050758943
50,116,0.0006906763
51,116,0.0003966652
52,116,0.00017600413
53,116,0.0005779285
54,116,0.0009852676
55,116,0.0007311627
56,116,
57,116,
58,116,
59,116,
60,116,
61,116,
62,116,
63,116,
64,116,
65,116,
66,116,
67,116,
68,116,
69,116,
70,116,
71,116,
72,116,
73,116,
74,116,0.0011862982
75,116,0.0007284479
76,116,
77,116,0.0006795097
78,116,0.0008993549
79,116,
80,116,0.00043067895
81,116,
82,116,0.00020867586
83,116,9.260606e-05
84,116,0.00052262656
85,116,0.00015040487
86,116,0.00095639005
87,116,0.00072370656
88,116,0.00043352693
89,116,0.0013016546
90,116,0.00073179696
91,116,0.00046643522
92,116,0.00017575547
93,116,0.0001795385
94,116,0.0001715133
95,116,0.0003188299
96,116,0.0003248658
97,116,0.0007340107
98,116,0.0012258133
99,116,0.00066118967
100,116,2.2263266e-05
101,116,0.0001245495
102,116,0.0012439555
103,116,0.0005370127
104,116,0.00015469361
105,116,0.0010131598
106,116,0.00026371237
107,116,0.00062327087
108,116,0.00052515883
109,116,0.0007128939
110,116,0.0005310718
111,116,0.0005496489
112,116,0.0012731822
113,116,0.00028182194
114,116,0.00067238696
115,116,0.00096956454
116,116,
117,116,
118,116,
119,116,
120,116,
121,116,
122,116,
123,116,
124,116,
125,116,
126,116,
127,116,-0.00011544395
128,116,0.0004989607
129,116,-8.552056e-05
130,116,0.00013087504
131,116,0.0005577672
132,116,0.0005637016
133,116,0.0007766597
134,116,0.00027956814
135,116,5.7027675e-05
136,116,0.00035889912
137,116,0.00025189482
138,116,0.0006795423
139,116,0.00019103382
140,116,0.0007397998
141,116,1.5229918e-05
142,116,0.0004291162
143,116,0.00041275658
144,116,0.00076775905
145,116,0.00051725283
146,116,0.00034476444
147,116,0.00083688274
148,116,0.0009942232
149,116,0.00038617477
150,116,0.00095294043
151,116,0.0005052369
152,116,0.0003836183
153,116,0.00023397245
154,116,0.0008191746
155,116,0.00044848397
156,116,0.00038308464
157,116,0.0002343962
158,116,0.00024423935
159,116,0.00062717125
160,116,0.00052804314
161,116,0.00048309658
162,116,0.0006491104
163,116,0.0009294618
164,116,0.00065052696
165,116,0.00036098156
166,116,0.00011003204
167,116,0.0006189812
168,116,0.00031925458
169,116,0.00086620264
170,116,-0.00033245236
171,116,0.00019128248
172,116,0.0009901235
173,116,0.0007424941
174,116,0.00068037864
175,116,0.00047246646
176,116,0.00037550554
177,116,0.0009159893
178,116,0.0004572356
179,116,0.0007373132
180,116,0.00085323304
181,116,0.0003893152
182,116,-6.5253116e-05
183,116,0.0005035456
184,116,0.0003194539
185,116,0.0003581699
186,116,0.00032460038
187,116,0.00018795673
188,116,0.00012873858
189,116,0.0008142162
190,116,8.748192e-05
191,116,0.0007433407
192,116,0.00039202068
193,116,0.0001902217
194,116,0.0005955957
195,116,0.00034410506
196,116,0.00081033166
197,116,0.0010450687
198,116,0.0010065353
199,116,0.00036468823
200,116,0.00035493635
201,116,0.00021871552
202,116,0.00034723897
203,116,0.0005621528
204,116,0.0013768952
205,116,0.0005107289
206,116,0.00068288855
207,116,0.00065817125
208,116,0.000687398
209,116,0.0004921276
210,116,0.00018025655
211,116,0.00041150022
212,116,0.00034240074
213,116,2.9630959e-05
214,116,0.00018710736
215,116,0.00030438323
216,116,0.0005320506
217,116,0.00011676084
218,116,0.0001332229
219,116,0.00017597899
220,116,0.0006476166
221,116,0.0003246814
222,116,-0.00020000618
223,116,0.00038357638
224,116,0.00047596823
225,116,0.0006187828
226,116,0.0006663194
227,116,3.646221e-05
228,116,0.00029834453
229,116,0.00071407016
230,116,0.00027159508
231,116,0.00058234297
232,116,0.0007264428
233,116,0.0003928775
234,116,0.0005445825
235,116,0.0007552691
236,116,0.00050639175
237,116,0.0003617471
238,116,0.00045507867
239,116,0.00086460076
240,116,0.00068184827
241,116,0.0006689979
242,116,0.000261222
243,116,0.0003361823
244,116,0.00051960815
245,116,0.00088356994
246,116,0.00044726767
247,116,0.0001601465
248,116,0.0005762372
249,116,0.00045967754
250,116,0.0006373888
251,116,0.00014757924
252,116,0.0004572263
253,116,0.0007900465
254,116,0.00081250165
255,116,7.818919e-05
256,116,0.0004587369
257,116,0.00069531985
258,116,2.4966896e-05
259,116,0.00046242867
260,116,0.0011487193
261,116,0.0009803912
262,116,0.00038402714
263,116,0.00048215687
264,116,0.00023095123
265,116,0.0011006035
266,116,0.00080567785
267,116,0.00041199103
268,116,0.00043657515
269,116,0.00030991342
270,116,0.00029488094
271,116,0.0009955084
272,116,0.00088596717
273,116,0.00021065865
274,116,0.00020194985
275,116,
276,116,
277,116,
278,116,
279,116,
280,116,
281,116,
282,116,
283,116,
284,116,
285,116,
286,116,
287,116,0.00051298086
288,116,0.00027640443
289,116,0.00090715475
290,116,0.0008002985
291,116,0.00025404152
292,116,0.0005373042
293,116,0.00033468567
294,116,0.0005408358
295,116,0.00079477765
296,116,0.0006959392
297,116,0.00071230624
298,116,0.0003217999
299,116,0.0005945116
300,116,0.00052586943
301,116,0.00043585803
302,116,0.00047855172
303,116,0.0010352936
304,116,0.00082069635
305,116,0.00048722234
306,116,0.0002812054
307,116,0.000707821
308,116,0.00021244492
309,116,0.0005985983
310,116,0.0001518745
311,116,0.00080413464
312,116,0.0004398618
313,116,0.00023630355
314,116,0.0005385736
315,116,0.00087604765
316,116,0.0006604353
317,116,0.00021754485
318,116,0.00090448
319,116,0.00069695245
320,116,0.0009165015
321,116,0.0005469695
322,116,1.86963e-05
323,116,0.000326599
324,116,0.00028441008
325,116,0.0006064698
326,116,0.00025695004
327,116,0.00032879226
328,116,0.0005292399
329,116,0.00044533983
330,116,0.00077870674
331,116,0.00035000872
332,116,0.0005135955
333,116,0.00064116437
334,116,0.00040829089
335,116,0.00026044901
336,116,0.00034936517
337,116,-7.776823e-05
338,116,0.0005304469
339,116,0.0005214857
340,116,0.0006314097
341,116,0.0006730836
342,116,0.0013051489
343,116,-0.00028936286
344,116,0.0007267706
345,116,-0.00025934633
346,116,-0.000104629435
347,116,0.0005170945
348,116,0.00051481463
349,116,
350,116,
351,116,
352,116,
353,116,
354,116,
355,116,
356,116,
357,116,
358,116,
359,116,0.0005878862
360,116,0.000253384
361,116,
362,116,0.00035912916
363,116,
364,116,
365,116,
366,116,0.0011714101
367,116,-0.00024033431
368,116,0.0005586939
369,116,0.0004322091
370,116,0.00027523655
371,116,0.00069224276
372,116,0.00011670962
373,116,0.0010177456
374,116,0.0008830046
375,116,0.0005006334
376,116,0.00043249968
377,116,0.0007063886
378,116,0.00026284996
379,116,0.0005334439
380,116,0.00052205846
381,116,0.0004971875
382,116,0.0008398406
383,116,0.00025753304
384,116,0.0007682163
385,116,0.0007061763
386,116,0.00092370156
387,116,0.00083136186
388,116,0.0010296386
389,116,0.0007176697
390,116,0.0006697634
391,116,0.00080835354
392,116,0.00069844536
393,116,0.0010209242
394,116,0.0010492103
395,116,0.0009801462
396,116,0.00058814045
397,116,0.00055427104
398,116,0.00085680746
399,116,0.0004855357
400,116,0.00097652245
401,116,0.0007087607
402,116,0.0008282801
403,116,0.00029646885
404,116,0.00047754776
405,116,0.00094299763
406,116,0.000793864
407,116,0.0003269948
408,116,0.00064410083
409,116,0.0010675564
410,116,0.00026611425
411,116,0.00029237848
412,116,0.0009874878
413,116,0.00020653289
414,116,0.0007855492
415,116,0.0007404443
416,116,0.00053960085
417,116,0.0008916976
418,116,0.00065352395
419,116,0.000734522
420,116,0.00053480733
421,116,0.00021738373
422,116,0.00020258129
423,116,0.00021771062
424,116,0.00018968806
425,116,0.0004285155
426,116,0.00049185846
427,116,0.0007283669
428,116,0.00070468895
429,116,0.00017735083
430,116,0.00026943162
431,116,0.00065485854
432,116,0.00086633395
433,116,6.907247e-05
434,116,0.00030545052
435,116,0.0004960969
436,116,0.0009488724
437,116,0.0010859566
438,116,0.00055776164
439,116,0.0010746373
440,116,-9.186193e-05
441,116,0.00065923296
442,116,0.00033435412
443,116,0.00046879146
444,116,0.00031102076
445,116,0.0006248709
446,116,0.00044171605
447,116,0.00032810308
448,116,0.00067354273
449,116,0.000789525
450,116,0.00049372297
451,116,0.0002047224
452,116,-0.00015091989
453,116,0.00035175588
454,116,0.00045976695
455,116,0.00059916265
456,116,0.0007464206
457,116,0.00037743803
458,116,0.00032891612
459,116,0.0003881827
460,116,0.00088997744
461,116,0.0001685908
462,116,9.375997e-05
463,116,0.0006151041
464,116,0.0002771318
465,116,0.00051717926
466,116,0.00065890234
467,116,0.0008088844
468,116,0.0007798765
469,116,0.00068923924
470,116,0.00016703457
471,116,0.0005548848
472,116,0.0007202001
473,116,0.0005501397
474,116,0.000427654
475,116,0.00062861573
476,116,6.6554174e-05
477,116,0.0003503915
478,116,0.0006241696
479,116,0.00037463102
480,116,0.00030924845
481,116,0.00059334096
482,116,0.0003868267
483,116,0.0003271345
484,116,-0.00013640244
485,116,0.00026542414
486,116,0.00032393634
487,116,0.00077190436
488,116,0.00055419
489,116,0.00033390708
490,116,0.00031839032
491,116,0.0006284015
492,116,0.0009206217
493,116,0.0006762054
494,116,0.0009501735
0,117,0.000903978
1,117,0.00068153255
2,117,0.00062963367
3,117,0.000405401
4,117,0.00016644131
5,117,0.00046585128
6,117,0.0005317265
7,117,0.0009269938
8,117,0.0004617758
9,117,0.00029981323
10,117,0.00076910853
11,117,0.000762173
12,117,0.001036779
13,117,0.0010296758
14,117,0.00083605293
15,117,0.0008972436
16,117,0.0007389067
17,117,0.0005323626
18,117,0.0009602355
19,117,0.00069366395
20,117,0.0003790604
21,117,0.00022175815
22,117,0.00095629506
23,117,0.0005345717
24,117,0.0007467363
25,117,0.000558489
26,117,0.0004560072
27,117,0.00049146265
28,117,0.00072381645
29,117,0.0007688692
30,117,0.00043602847
31,117,0.0008872459
32,117,0.00083150156
33,117,0.0004200004
34,117,0.00043903198
35,117,0.0005611703
36,117,0.00036052708
37,117,0.00033728685
38,117,0.0004636133
39,117,0.0012559015
40,117,0.00087398663
41,117,0.00033153594
42,117,0.0011059847
43,117,0.0007500537
44,117,0.0011125626
45,117,0.0009180438
46,117,0.00074167363
47,117,0.00046336185
48,117,0.0006441502
49,117,0.00064705126
50,117,0.00089131854
51,117,0.0007588081
52,117,-1.0524876e-05
53,117,0.000666555
54,117,0.0012715068
55,117,
56,117,
57,117,0.00075396337
58,117,
59,117,
60,117,
61,117,
62,117,
63,117,
64,117,
65,117,
66,117,
67,117,
68,117,
69,117,
70,117,
71,117,
72,117,
73,117,
74,117,0.00059631094
75,117,0.001123907
76,117,0.0009078784
77,117,0.00074099004
78,117,0.00078748725
79,117,0.00084771216
80,117,
81,117,
82,117,
83,117,0.00010832399
84,117,0.0004978804
85,117,0.0008720746
86,117,0.00017309934
87,117,0.0010046382
88,117,0.0006006742
89,117,0.0002751993
90,117,0.0007389616
91,117,0.0004086299
92,117,0.00054722
93,117,0.00040760078
94,117,0.00029111095
95,117,0.00063219573
96,117,0.0010683974
97,117,0.00068752654
98,117,0.0010929964
99,117,0.00049270503
100,117,0.00034366176
101,117,0.00033175852
102,117,-5.4836273e-05
103,117,-0.00030300766
104,117,0.00023303367
105,117,0.00027210638
106,117,0.0006651804
107,117,0.00069663953
108,117,0.0012921821
109,117,0.00025727414
110,117,0.0005358318
111,117,0.00062010344
112,117,0.00044541992
113,117,0.0003437195
114,117,0.0006573349
115,117,0.00021396205
116,117,5.057454e-05
117,117,
118,117,
119,117,0.00046146382
120,117,
121,117,
122,117,
123,117,
124,117,
125,117,
126,117,0.00022318307
127,117,0.0004484523
128,117,0.00076348055
129,117,0.0004954003
130,117,0.0008348748
131,117,0.00045224
132,117,0.0007774588
133,117,0.00033765007
134,117,0.00024436973
135,117,0.0005051736
136,117,-0.00029022805
137,117,0.00038808957
138,117,0.00046420004
139,117,0.00082281977
140,117,0.0006480431
141,117,0.000488759
142,117,0.00063719414
143,117,0.0002497118
144,117,0.0013001682
145,117,0.00087951403
146,117,0.00059760734
147,117,0.0006234003
148,117,0.0007880181
149,117,0.000304142
150,117,0.00076830015
151,117,0.00056140963
152,117,0.0007290952
153,117,0.00061766524
154,117,0.000489261
155,117,0.00082383864
156,117,0.0007367553
157,117,0.00035711564
158,117,0.00032963417
159,117,0.00058504846
160,117,0.00042289682
161,117,0.00018260069
162,117,0.00071576424
163,117,0.00049555954
164,117,0.00025895052
165,117,0.0005656136
166,117,0.0003795661
167,117,0.000534446
168,117,0.00039777067
169,117,0.0006810501
170,117,0.0008466607
171,117,0.0006725583
172,117,0.00036828127
173,117,0.00037571043
174,117,0.0003576195
175,117,0.0002990421
176,117,0.000565839
177,117,0.00087213516
178,117,0.00015479699
179,117,-0.000111551955
180,117,-9.15518e-05
181,117,0.00031690765
182,117,0.00088752527
183,117,0.00025918707
184,117,0.00058497954
185,117,0.00083831325
186,117,0.00042538438
187,117,0.00036867056
188,117,0.00096632354
189,117,-7.859431e-05
190,117,0.00055186264
191,117,0.000513643
192,117,0.00047842972
193,117,0.000921187
194,117,0.00087241177
195,117,0.00065805856
196,117,0.0009882934
197,117,0.00028143357
198,117,0.00071669836
199,117,0.00022085663
200,117,0.00029744953
201,117,0.00042123254
202,117,0.00066952035
203,117,0.00066706445
204,117,0.00036547147
205,117,0.00093157496
206,117,0.0004438432
207,117,0.00023013167
208,117,-9.451248e-05
209,117,0.00057986565
210,117,0.00044587813
211,117,0.00022088923
212,117,0.0005798396
213,117,0.00069300644
214,117,0.00047256984
215,117,0.00043881126
216,117,0.0006829221
217,117,0.00056606065
218,117,0.00010550767
219,117,8.114986e-05
220,117,0.0005622115
221,117,-0.0004489012
222,117,0.00043169595
223,117,0.00017874502
224,117,0.00012712553
225,117,0.00097137317
226,117,-0.000110094436
227,117,0.0005828552
228,117,0.0002563242
229,117,-1.3197772e-05
230,117,0.00029610097
231,117,0.00076035503
232,117,0.0008189874
233,117,0.0005005738
234,117,0.00015737116
235,117,0.0003192695
236,117,0.00053743273
237,117,2.5168061e-05
238,117,0.00063651334
239,117,0.00019817892
240,117,0.0007918682
241,117,0.00012093596
242,117,0.0006778119
243,117,0.0004120702
244,117,0.00028390437
245,117,0.0004017623
246,117,0.0002603531
247,117,0.0006475644
248,117,0.00024558976
249,117,0.00055741146
250,117,0.00050147437
251,117,0.00042348634
252,117,3.673602e-05
253,117,0.00034906436
254,117,0.0006027669
255,117,0.0005744677
256,117,0.00025928952
257,117,0.00049646385
258,117,0.000584539
259,117,0.0004593134
260,117,0.0006084535
261,117,0.0005197022
262,117,0.0004868051
263,117,0.000989913
264,117,0.00046158582
265,117,0.00069589075
266,117,0.0005362686
267,117,0.00081683975
268,117,0.00059532095
269,117,0.00087108277
270,117,0.00045709498
271,117,0.00050139707
272,117,0.00037645362
273,117,0.0006053122
274,117,0.00072126836
275,117,0.0006937124
276,117,
277,117,
278,117,
279,117,
280,117,
281,117,
282,117,
283,117,
284,117,
285,117,
286,117,
287,117,0.00026740413
288,117,0.00037782453
289,117,0.0002653608
290,117,0.00032521877
291,117,0.0011436958
292,117,0.000711225
293,117,-8.6553395e-05
294,117,0.00058369804
295,117,0.00069278106
296,117,0.0010278681
297,117,0.00040454697
298,117,0.00027315877
299,117,0.00042041857
300,117,0.0006215526
301,117,0.000787952
302,117,0.0004501706
303,117,0.0011934489
304,117,0.00061195064
305,117,0.0012688544
306,117,0.0005397992
307,117,0.0006782869
308,117,0.0007431917
309,117,0.00032377988
310,117,0.0004534982
311,117,0.0004342012
312,117,0.00068373885
313,117,0.00048733596
314,117,0.000740028
315,117,0.00070965104
316,117,0.000761739
317,117,0.00074788556
318,117,0.00071507134
319,117,0.00051200856
320,117,0.0004257327
321,117,0.0005834596
322,117,0.000772167
323,117,0.00061761215
324,117,0.0003416706
325,117,0.000608718
326,117,0.0006071562
327,117,0.0005380055
328,117,0.0006240159
329,117,0.00011459924
330,117,0.0008817138
331,117,0.00061214063
332,117,0.0003323881
333,117,-0.00014017243
334,117,0.00051662046
335,117,0.00030202046
336,117,0.00083815586
337,117,0.00028329063
338,117,0.0011574309
339,117,-3.615301e-05
340,117,-0.00011016335
341,117,0.00033267867
342,117,0.0007714657
343,117,0.000606481
344,117,0.00022179913
345,117,0.00059421826
346,117,2.8605573e-05
347,117,0.00021250919
348,117,7.996522e-05
349,117,
350,117,
351,117,
352,117,
353,117,
354,117,
355,117,
356,117,
357,117,
358,117,
359,117,
360,117,
361,117,
362,117,
363,117,
364,117,0.00011316035
365,117,0.00026798435
366,117,
367,117,0.00086339563
368,117,0.00055188127
369,117,0.00038497895
370,117,-0.00021322165
371,117,0.00033461303
372,117,0.00012628548
373,117,0.0010198699
374,117,0.00055688433
375,117,0.00053909235
376,117,0.00049049035
377,117,0.00060838927
378,117,0.00039899163
379,117,0.00062662456
380,117,0.00082638394
381,117,0.0005801674
382,117,0.0012266207
383,117,0.00062225293
384,117,0.0007481994
385,117,0.00071711093
386,117,0.00028737355
387,117,0.00051934645
388,117,0.0003686892
389,117,0.00041421037
390,117,0.00060831197
391,117,0.000630511
392,117,0.0007206034
393,117,0.00022215024
394,117,0.0009909905
395,117,0.0008961605
396,117,0.0008320166
397,117,0.0006851237
398,117,0.00065902714
399,117,0.00042848475
400,117,0.00074784644
401,117,0.00049859006
402,117,0.0009051934
403,117,0.000790447
404,117,0.00096814055
405,117,0.00043973234
406,117,0.00024471246
407,117,0.0005117357
408,117,0.00077650044
409,117,0.00082902424
410,117,0.00071919337
411,117,0.0003962703
412,117,0.00044876337
413,117,0.00075263623
414,117,0.00031667575
415,117,0.00033154525
416,117,0.0004887236
417,117,0.0010380652
418,117,0.00076438114
419,117,0.00020456128
420,117,0.000641386
421,117,0.00060519204
422,117,0.0007347083
423,117,0.00042533875
424,117,0.00023749657
425,117,0.00046445243
426,117,0.0004190663
427,117,8.606352e-05
428,117,0.00062175654
429,117,0.00020316523
430,117,0.00050039776
431,117,0.00076754764
432,117,0.0007663006
433,117,0.00070999656
434,117,0.00029873382
435,117,0.000936646
436,117,0.00094737485
437,117,0.0004231641
438,117,0.0005638171
439,117,0.0007544644
440,117,0.00089567807
441,117,0.00043428596
442,117,0.000865126
443,117,0.00060194917
444,117,0.0008035386
445,117,0.0009106714
446,117,0.00039549917
447,117,0.00020562392
448,117,0.000327738
449,117,0.00059677474
450,117,0.00060396455
451,117,-0.00025695004
452,117,0.00055408105
453,117,0.0006131269
454,117,9.3321316e-05
455,117,6.4921565e-05
456,117,0.00032649562
457,117,0.0005592536
458,117,0.00021208357
459,117,0.00036138203
460,117,0.00031782687
461,117,0.00078999624
462,117,0.00078020804
463,117,0.00039104
464,117,0.00057482906
465,117,0.00042603258
466,117,0.0005159117
467,117,0.00023435801
468,117,0.00048202928
469,117,0.0010624779
470,117,0.00024385843
471,117,0.0004528407
472,117,0.00041589513
473,117,0.000522417
474,117,0.0007807994
475,117,0.00016568508
476,117,0.0005809413
477,117,0.0004751021
478,117,0.0011191219
479,117,0.00015735812
480,117,0.00043307524
481,117,0.00069072656
482,117,0.0011073835
483,117,0.0007568486
484,117,0.00014063064
485,117,0.0008474495
486,117,8.916296e-05
487,117,0.0002952991
488,117,0.0007796595
489,117,0.00047814846
490,117,0.0011994131
491,117,0.0005785534
492,117,0.00031751767
493,117,0.0007679267
494,117,0.0010619508
0,118,0.0006565731
1,118,0.00052883755
2,118,0.00049774814
3,118,0.00058045983
4,118,0.00016167853
5,118,0.00014327001
6,118,0.0005349964
7,118,0.00043323915
8,118,0.00015286636
9,118,0.00026752055
10,118,0.00033579394
11,118,0.00077180937
12,118,0.00066425744
13,118,0.000368041
14,118,0.00037060957
15,118,0.00043794885
16,118,0.00025241356
17,118,0.0004434446
18,118,0.0008209385
19,118,0.0006013103
20,118,0.0003519375
21,118,0.00019415189
22,118,0.00023201201
23,118,0.0005863551
24,118,0.0007256875
25,118,0.0005974248
26,118,0.0010099364
27,118,0.00067878794
28,118,0.0006547291
29,118,0.0004933644
30,118,0.0005645789
31,118,0.0005368795
32,118,0.00030725822
33,118,0.0008750269
34,118,0.0008539073
35,118,0.00056531467
36,118,0.00057030283
37,118,0.0010852739
38,118,0.0005690409
39,118,0.0008517951
40,118,0.00077284034
41,118,0.0010017613
42,118,0.00069659017
43,118,0.0010350924
44,118,0.0009175483
45,118,0.00072404556
46,118,0.00079102255
47,118,0.0007355325
48,118,0.00034297537
49,118,0.00066864025
50,118,0.00089090504
51,118,0.0009340737
52,118,0.0006017918
53,118,0.00019224454
54,118,0.00046844408
55,118,
56,118,
57,118,
58,118,
59,118,
60,118,
61,118,0.0011296952
62,118,
63,118,0.00082088634
64,118,
65,118,
66,118,
67,118,
68,118,
69,118,
70,118,
71,118,
72,118,
73,118,
74,118,0.00028119236
75,118,0.00054773036
76,118,0.0005579069
77,118,0.00054000504
78,118,0.000646811
79,118,
80,118,0.0008842824
81,118,0.00089599285
82,118,0.0005687708
83,118,
84,118,
85,118,
86,118,
87,118,0.00015571713
88,118,0.0006082393
89,118,-4.3347478e-05
90,118,0.00073441304
91,118,0.0004243413
92,118,0.00072897226
93,118,0.0003687879
94,118,0.00052941777
95,118,0.0007999446
96,118,0.00011766795
97,118,0.0006423015
98,118,0.0009495765
99,118,0.0001297351
100,118,0.0006318325
101,118,0.00025972538
102,118,0.00086303614
103,118,0.0013135914
104,118,0.00052407384
105,118,0.0004372932
106,118,-3.3789314e-05
107,118,0.0003385814
108,118,0.00039274246
109,118,2.8358772e-05
110,118,0.00026891846
111,118,0.000494672
112,118,0.00018319488
113,118,0.0009677196
114,118,0.0012388341
115,118,0.0011115856
116,118,0.0008328613
117,118,0.00054567866
118,118,
119,118,
120,118,
121,118,
122,118,
123,118,
124,118,
125,118,
126,118,-0.00010501314
127,118,0.0008306317
128,118,0.0001662625
129,118,0.0006671604
130,118,0.0007863045
131,118,0.00059744995
132,118,0.0005781222
133,118,0.00045019947
134,118,0.00017794035
135,118,0.00040040538
136,118,0.0006857477
137,118,0.0008685738
138,118,0.00091020763
139,118,0.00033724867
140,118,0.0008946257
141,118,0.00029355194
142,118,0.0011760788
143,118,0.0006064931
144,118,0.00031436328
145,118,0.0008003628
146,118,0.0005230913
147,118,0.0008831043
148,118,0.00021520816
149,118,0.000575738
150,118,0.00057727937
151,118,0.0005301144
152,118,0.00064008124
153,118,0.0004632445
154,118,0.00032153167
155,118,0.0005890932
156,118,0.000538351
157,118,0.0005375687
158,118,0.0007898854
159,118,0.0002898071
160,118,0.0006470792
161,118,0.00035781786
162,118,0.0006458983
163,118,0.00010754727
164,118,0.00075845234
165,118,0.00066156965
166,118,0.00020826608
167,118,0.0005956264
168,118,0.0007025488
169,118,0.0006020721
170,118,0.0005960306
171,118,0.00054138526
172,118,0.00033610873
173,118,0.0005019214
174,118,0.0003744047
175,118,0.0006856201
176,118,0.0007607853
177,118,0.00070619024
178,118,0.00040185452
179,118,0.00084817316
180,118,0.00048999395
181,118,0.00039272942
182,118,0.00078608934
183,118,0.00084649865
184,118,0.00049002003
185,118,0.00042786635
186,118,0.00040356815
187,118,0.0006122207
188,118,0.00023096986
189,118,0.00080039725
190,118,0.0010287659
191,118,0.00066349097
192,118,0.00011593383
193,118,0.0006402591
194,118,0.00073603727
195,118,0.0011870991
196,118,0.0005516084
197,118,0.00031778496
198,118,0.00073224865
199,118,0.0008009933
200,118,0.0009287037
201,118,0.00015315041
202,118,0.0008109659
203,118,0.00034408085
204,118,0.00047357474
205,118,0.00051305816
206,118,0.00017910171
207,118,0.0006820522
208,118,0.0005466575
209,118,0.00026901625
210,118,0.00034996774
211,118,0.00052532833
212,118,0.0002576597
213,118,0.0002894746
214,118,0.00022836681
215,118,0.0004960522
216,118,0.00016734656
217,118,0.0005616285
218,118,0.00027825497
219,118,0.00032966118
220,118,0.00044929422
221,118,0.0011306889
222,118,0.00043804292
223,118,0.00056048576
224,118,0.00066053495
225,118,0.0007359991
226,118,0.00039823912
227,118,0.0005452493
228,118,0.0004195487
229,118,0.00018076785
230,118,0.0005906215
231,118,0.0005536936
232,118,0.00012492016
233,118,0.0007705251
234,118,0.00059289765
235,118,0.0008066511
236,118,0.000491404
237,118,0.00065975636
238,118,0.0005601868
239,118,0.00027671084
240,118,0.0007136371
241,118,0.00022420287
242,118,0.0004922012
243,118,0.00047094095
244,118,0.00031517167
245,118,0.00030659232
246,118,0.00052446034
247,118,0.0005765194
248,118,0.0012595169
249,118,0.0007222742
250,118,0.0003730636
251,118,0.00024106167
252,118,0.00039324444
253,118,0.00037035253
254,118,-0.00023232307
255,118,0.00084497686
256,118,0.0008394895
257,118,0.00025026407
258,118,0.0004772609
259,118,0.0003915904
260,118,0.00052489154
261,118,0.0005636513
262,118,-1.3972633e-05
263,118,0.0005263202
264,118,0.0009387173
265,118,0.00044078473
266,118,0.000278892
267,118,0.0008317353
268,118,0.0006144801
269,118,0.0002639573
270,118,0.0004988881
271,118,0.00073238276
272,118,0.0001903968
273,118,0.0007557953
274,118,0.0009782286
275,118,0.0008398527
276,118,
277,118,
278,118,
279,118,
280,118,
281,118,
282,118,
283,118,
284,118,
285,118,
286,118,
287,118,
288,118,0.0008456474
289,118,0.0009774137
290,118,0.0006472003
291,118,0.0007994538
292,118,0.00031298492
293,118,0.0004375456
294,118,0.00052725896
295,118,0.0010312293
296,118,0.0001267558
297,118,0.00063314475
298,118,0.000624042
299,118,0.0011735298
300,118,0.00070626475
301,118,0.0007112613
302,118,0.00063106976
303,118,0.00092445407
304,118,0.0005597323
305,118,0.0007996503
306,118,0.0005740803
307,118,0.0007509077
308,118,0.000649767
309,118,0.0005274415
310,118,0.0006914139
311,118,0.00090354495
312,118,0.0010350039
313,118,0.00068390556
314,118,0.00041021034
315,118,0.00031825714
316,118,0.0010262672
317,118,0.0009015342
318,118,0.00022853352
319,118,0.0006540604
320,118,0.0004411023
321,118,0.0008295607
322,118,0.00030882563
323,118,0.00022991747
324,118,0.0007721316
325,118,0.00089912117
326,118,0.00057316944
327,118,0.0006457893
328,118,0.00052397605
329,118,0.00038446672
330,118,0.0011815475
331,118,0.00034545548
332,118,0.00029370282
333,118,0.00064281747
334,118,0.0006508557
335,118,0.00063397083
336,118,2.4938025e-05
337,118,0.0005191127
338,118,0.000579888
339,118,0.00064146053
340,118,0.00031116419
341,118,0.00015680492
342,118,0.0007544756
343,118,0.0003145011
344,118,0.0004465049
345,118,0.00046830624
346,118,0.00041213445
347,118,0.00085955486
348,118,
349,118,
350,118,
351,118,
352,118,
353,118,
354,118,
355,118,
356,118,
357,118,
358,118,
359,118,
360,118,
361,118,0.00046425872
362,118,0.0005632341
363,118,
364,118,0.00028497446
365,118,0.0005395841
366,118,
367,118,0.00084726047
368,118,0.0010723434
369,118,0.00068637077
370,118,0.0006838711
371,118,0.00014189165
372,118,0.0005500177
373,118,0.000643095
374,118,0.00045227073
375,118,0.0006436901
376,118,0.00021896139
377,118,0.00086478144
378,118,0.00022364967
379,118,0.001048659
380,118,0.0009934446
381,118,0.000836079
382,118,0.00079381093
383,118,0.00066905934
384,118,0.0006994456
385,118,0.00056394655
386,118,0.0005949959
387,118,0.0005205022
388,118,0.0010717083
389,118,0.00055005774
390,118,0.0005173739
391,118,0.00084126275
392,118,0.00050268695
393,118,0.0005175816
394,118,0.0010791561
395,118,0.001052496
396,118,0.0008543888
397,118,0.0011953693
398,118,0.000876626
399,118,0.00074896496
400,118,0.0003675036
401,118,0.0013118945
402,118,0.0006089853
403,118,0.0002798559
404,118,0.0010290807
405,118,0.00060650986
406,118,0.00051635224
407,118,0.00049675815
408,118,0.00036283676
409,118,0.0008264249
410,118,0.0010438589
411,118,0.00040238537
412,118,0.00065995194
413,118,0.000776547
414,118,0.0007282635
415,118,0.0008099852
416,118,0.00092968065
417,118,0.0006275205
418,118,0.0006559845
419,118,0.00080398656
420,118,0.00070999097
421,118,0.00025691
422,118,0.0004958026
423,118,0.00089445245
424,118,0.00010470115
425,118,0.0008249469
426,118,0.0006684549
427,118,0.0007465584
428,118,0.00027718116
429,118,0.00026577525
430,118,0.0007242933
431,118,0.0004996266
432,118,0.00066936016
433,118,0.0006981632
434,118,0.0011058506
435,118,0.00072657596
436,118,0.00029085856
437,118,0.0006370889
438,118,0.000854169
439,118,0.00068783294
440,118,0.0006236583
441,118,0.0010829829
442,118,0.001250919
443,118,0.00028441753
444,118,0.0003532851
445,118,0.0006215386
446,118,0.0008742418
447,118,0.0005215993
448,118,0.00051945075
449,118,0.0006358102
450,118,0.0009871423
451,118,0.00042233244
452,118,0.0005574189
453,118,-0.0001813136
454,118,0.00038229022
455,118,0.000989602
456,118,0.0006244946
457,118,0.000519922
458,118,0.00043573324
459,118,0.0003499845
460,118,0.000634647
461,118,0.00064173806
462,118,0.0006832527
463,118,0.00021228101
464,118,0.00041356124
465,118,-0.00013573654
466,118,0.0003614258
467,118,0.00071535166
468,118,0.0008912124
469,118,0.00068903156
470,118,0.00072001945
471,118,0.00048114732
472,118,0.00066567585
473,118,0.0005376898
474,118,0.00082762726
475,118,0.0006988235
476,118,0.0009921538
477,118,0.0006723581
478,118,0.0001777336
479,118,0.00075071584
480,118,0.00047253259
481,118,0.00045040995
482,118,0.00048890617
483,118,0.00038724858
484,118,0.00066107884
485,118,0.00032724068
486,118,0.00069257244
487,118,0.0006438624
488,118,0.00043162704
489,118,0.0009140596
490,118,-0.00015866198
491,118,0.0007395232
492,118,0.0005561616
493,118,0.00051743444
494,118,6.5393746e-05
0,119,0.00044519547
1,119,0.00072298106
2,119,0.00036557764
3,119,5.579181e-05
4,119,0.0007012747
5,119,0.0004343614
6,119,0.0005737785
7,119,0.00070480537
8,119,0.0005700486
9,119,0.00015775114
10,119,0.0004885625
11,119,0.0006588632
12,119,0.0005348213
13,119,0.00030452758
14,119,0.00021049567
15,119,0.00042680744
16,119,-2.1018088e-05
17,119,0.00021390803
18,119,0.0005580839
19,119,0.0007961085
20,119,0.00023847446
21,119,0.00038772635
22,119,0.0004194146
23,119,0.00042645168
24,119,0.0007005362
25,119,0.0006405944
26,119,0.0005222354
27,119,0.0006502336
28,119,0.0006194981
29,119,0.00046589598
30,119,0.0007705521
31,119,0.0008124225
32,119,0.0008290494
33,119,0.0007417733
34,119,0.0008343952
35,119,0.0012608552
36,119,0.0010742713
37,119,0.0010844478
38,119,0.0009192554
39,119,0.0008590352
40,119,0.00010865461
41,119,0.0007565273
42,119,0.00096229464
43,119,0.0005980637
44,119,0.00019368716
45,119,0.00076692924
46,119,0.0005448144
47,119,0.00040665455
48,119,0.001014078
49,119,0.0005910266
50,119,0.00073983334
51,119,0.0006747497
52,119,
53,119,0.0004157666
54,119,0.00084984675
55,119,
56,119,
57,119,
58,119,
59,119,
60,119,
61,119,
62,119,0.00024366006
63,119,0.0011894219
64,119,
65,119,
66,119,
67,119,
68,119,
69,119,
70,119,
71,119,
72,119,
73,119,
74,119,0.00112605
75,119,0.00058715045
76,119,0.0007517021
77,119,0.0008968562
78,119,0.0009518396
79,119,
80,119,0.0010830928
81,119,0.00053070486
82,119,0.00054767355
83,119,0.0012264177
84,119,0.0003492739
85,119,4.4098124e-05
86,119,0.00018572994
87,119,0.00013633631
88,119,0.00056516845
89,119,0.000759352
90,119,0.0010235496
91,119,0.00034710392
92,119,0.00067401864
93,119,0.00096315704
94,119,0.00049762987
95,119,0.00044347346
96,119,0.0010206867
97,119,0.00043050107
98,119,0.0006022984
99,119,0.00063814875
100,119,0.0005348064
101,119,0.00018212758
102,119,0.00062065944
103,119,0.00043218397
104,119,0.0006752396
105,119,0.0003465023
106,119,0.00025497936
107,119,0.0005225111
108,119,0.00017659087
109,119,2.9925257e-05
110,119,0.00052234624
111,119,0.00046096556
112,119,0.0003828928
113,119,0.00082853157
114,119,0.0005137343
115,119,0.0009246571
116,119,0.0006398447
117,119,0.00046946574
118,119,0.00030592456
119,119,0.0004922757
120,119,
121,119,
122,119,
123,119,
124,119,
125,119,
126,119,0.00047502108
127,119,
128,119,0.00034542195
129,119,0.00059278123
130,119,0.0002858527
131,119,0.00025468506
132,119,0.00058186334
133,119,0.00035434403
134,119,0.00057751406
135,119,0.00047268998
136,119,0.00030334108
137,119,0.0009976411
138,119,0.0012250505
139,119,0.0009157909
140,119,0.00027801096
141,119,0.00047130045
142,119,0.0007533077
143,119,6.2153675e-05
144,119,0.0009754319
145,119,0.00080223195
146,119,0.0005716309
147,119,0.0006882455
148,119,0.00064131524
149,119,0.00073176436
150,119,0.0008769678
151,119,0.00017861277
152,119,0.0006192196
153,119,0.0007552691
154,119,0.00043291785
155,119,0.0003737649
156,119,0.00040135067
157,119,0.0010726899
158,119,0.00034223683
159,119,0.0002384996
160,119,0.00080118794
161,119,0.00067545474
162,119,0.0005594194
163,119,0.0006060237
164,119,0.00075394846
165,119,0.00016393047
166,119,0.0005383389
167,119,0.0005047433
168,119,0.000574681
169,119,0.0006774105
170,119,0.00034006592
171,119,0.00072135776
172,119,6.2498264e-05
173,119,0.000259039
174,119,0.00024385192
175,119,0.0011132341
176,119,0.00042036548
177,119,0.000767665
178,119,0.00088401325
179,119,0.00018558092
180,119,0.00027324073
181,119,0.0005765557
182,119,0.00055396464
183,119,0.0005767867
184,119,0.0008832719
185,119,0.00057047885
186,119,0.0008396059
187,119,0.0005275924
188,119,0.0005864389
189,119,0.0006059939
190,119,0.0003896337
191,119,0.0010899464
192,119,0.0010994049
193,119,0.0005188789
194,119,0.00088961795
195,119,0.00065314025
196,119,0.0005307412
197,119,0.00029638037
198,119,0.0005765455
199,119,0.00097254664
200,119,0.00035388023
201,119,0.0007561166
202,119,0.00039379485
203,119,0.00077538844
204,119,0.000735783
205,119,0.00070982426
206,119,0.00077463314
207,119,0.0001793215
208,119,0.0005008774
209,119,0.0005690586
210,119,0.0006068554
211,119,0.00068025757
212,119,0.00036317855
213,119,0.00035374612
214,119,0.00014954526
215,119,0.00025373045
216,119,0.0003906656
217,119,0.00039117597
218,119,0.000488637
219,119,0.00013614539
220,119,0.0008517746
221,119,-0.00048206095
222,119,0.0010284781
223,119,4.0282495e-05
224,119,0.0010572439
225,119,0.00018446334
226,119,-0.00010097865
227,119,-0.000115107745
228,119,0.0005664425
229,119,0.00053295866
230,119,0.0004409477
231,119,0.00076138135
232,119,0.00016229507
233,119,0.00055512507
234,119,0.0008170828
235,119,0.00064021256
236,119,0.00021803938
237,119,0.00063088443
238,119,1.9423664e-05
239,119,0.00053563993
240,119,0.0006310856
241,119,0.00010560453
242,119,0.00014680065
243,119,0.00047599524
244,119,0.00040415023
245,119,0.0009012129
246,119,0.0006174017
247,119,0.0007433733
248,119,0.0008141184
249,119,8.655805e-05
250,119,5.2358024e-05
251,119,0.00015441235
252,119,0.00025870465
253,119,0.001055086
254,119,0.00040568225
255,119,0.0008368138
256,119,0.0002241442
257,119,0.00066804606
258,119,0.000880003
259,119,0.0002144156
260,119,0.0002656635
261,119,0.0009209458
262,119,0.00063126814
263,119,0.00045567565
264,119,0.0009284662
265,119,0.001339905
266,119,0.00079001114
267,119,0.0004889481
268,119,0.0007130988
269,119,0.0004991414
270,119,0.0004658345
271,119,0.0007727528
272,119,0.0008508917
273,119,0.00050138775
274,119,0.00041427184
275,119,0.001046394
276,119,
277,119,
278,119,
279,119,
280,119,
281,119,
282,119,
283,119,
284,119,
285,119,
286,119,
287,119,
288,119,-0.00020809658
289,119,-0.00013389066
290,119,0.00028152112
291,119,0.0003372701
292,119,0.0009211954
293,119,0.00069747586
294,119,0.0010283291
295,119,0.00012614485
296,119,0.0003065057
297,119,0.00071493536
298,119,0.0007048007
299,119,0.00043154135
300,119,0.00060682464
301,119,0.0011354638
302,119,0.00044516101
303,119,0.0010692058
304,119,0.0007450059
305,119,0.00032027345
306,119,0.0009877384
307,119,0.0005918145
308,119,0.00087503996
309,119,0.0008359393
310,119,0.00028449018
311,119,0.00045437925
312,119,0.0006817579
313,119,0.0005380139
314,119,0.0004964862
315,119,0.0008702995
316,119,0.0007389691
317,119,0.0006302623
318,119,0.00063513406
319,119,0.0004964117
320,119,0.0008208407
321,119,0.00077868346
322,119,0.0006300118
323,119,0.00044128858
324,119,0.00057208445
325,119,0.0008810973
326,119,0.00015898049
327,119,0.000718954
328,119,0.00086782686
329,119,0.000477097
330,119,0.000751934
331,119,-3.6548823e-05
332,119,0.0012814784
333,119,0.0003587138
334,119,0.0009282036
335,119,3.846921e-05
336,119,0.00047420617
337,119,0.00019166898
338,119,0.00013543665
339,119,0.00025241263
340,119,0.00027290266
341,119,0.00026167557
342,119,0.00086084753
343,119,0.00050921645
344,119,0.00028971676
345,119,0.0013612304
346,119,0.00089101866
347,119,0.0011120476
348,119,
349,119,
350,119,
351,119,
352,119,
353,119,
354,119,
355,119,
356,119,
357,119,
358,119,0.0003643129
359,119,0.00047299638
360,119,0.00057373475
361,119,0.0008431291
362,119,0.00065059867
363,119,-0.00034766924
364,119,0.00033167098
365,119,0.00042908918
366,119,
367,119,0.00072691217
368,119,0.00031388365
369,119,0.0003613783
370,119,0.0011392292
371,119,3.2022595e-05
372,119,0.0009431606
373,119,0.00033935905
374,119,0.00074908324
375,119,0.00071673933
376,119,0.0003355937
377,119,0.00045574177
378,119,0.0008577211
379,119,0.0009658672
380,119,0.0008325437
381,119,0.0005373778
382,119,0.0011166874
383,119,0.0010643788
384,119,0.000580186
385,119,0.0007497631
386,119,0.0011429051
387,119,0.00082993694
388,119,0.00091742165
389,119,0.00065803435
390,119,0.000757779
391,119,0.0008224193
392,119,0.0005547721
393,119,0.00083917007
394,119,0.00015360024
395,119,0.00012667105
396,119,0.00024793576
397,119,0.0009802151
398,119,0.00047750864
399,119,0.00069413986
400,119,0.0007519396
401,119,0.000810259
402,119,0.0009906925
403,119,0.00060920697
404,119,0.0005191723
405,119,0.0006715162
406,119,0.0007968284
407,119,0.0008101426
408,119,0.00027822517
409,119,0.0004860824
410,119,0.00074165314
411,119,0.0011554705
412,119,0.0002633892
413,119,0.00034652278
414,119,0.00028137397
415,119,0.00040108524
416,119,-4.5930035e-05
417,119,0.00053863786
418,119,0.00017461833
419,119,0.0004830407
420,119,0.0007265052
421,119,0.00031294022
422,119,0.0005996097
423,119,0.0005058497
424,119,1.876615e-06
425,119,-0.00023031514
426,119,0.0007531028
427,119,0.0005532475
428,119,0.0005264636
429,119,0.0004135482
430,119,0.0006236322
431,119,0.00032333657
432,119,0.00075284205
433,119,0.0005960241
434,119,-0.00016277563
435,119,0.0009392649
436,119,0.00097233616
437,119,0.0008217348
438,119,0.00052376837
439,119,0.0012983568
440,119,0.000102129765
441,119,0.0012961039
442,119,0.0003876211
443,119,0.00011499319
444,119,0.00039425306
445,119,0.00063937064
446,119,0.00078216475
447,119,0.00088109076
448,119,-4.296843e-05
449,119,0.00069189165
450,119,0.0004365202
451,119,0.00068408437
452,119,0.00092186965
453,119,0.0002393676
454,119,0.0008460032
455,119,0.0006744992
456,119,0.001048577
457,119,0.0003882898
458,119,0.0008793827
459,119,0.0010595424
460,119,0.00035349745
461,119,0.00067432877
462,119,0.00042773504
463,119,0.00031637214
464,119,-0.00025877915
465,119,0.000673268
466,119,0.00037572253
467,119,0.0005874168
468,119,0.0002868278
469,119,0.0007097637
470,119,0.0001382241
471,119,0.00083631463
472,119,0.00068883505
473,119,0.0007093102
474,119,0.00043240562
475,119,0.0005257083
476,119,0.0004985072
477,119,0.00065226294
478,119,0.00062318146
479,119,0.0010317462
480,119,8.774642e-05
481,119,-2.3166649e-05
482,119,0.0006194897
483,119,0.0008066958
484,119,0.00019248389
485,119,0.000719646
486,119,0.00093307626
487,119,0.00029519107
488,119,-8.489564e-05
489,119,0.00052239746
490,119,-3.595557e-05
491,119,-0.00016115513
492,119,0.0011211783
493,119,0.0011990033
494,119,0.00010088831
0,120,0.00052497815
1,120,0.000592554
2,120,0.00045724865
3,120,0.00048780162
4,120,0.000619811
5,120,0.0005855141
6,120,0.00024338439
7,120,0.00049344264
8,120,0.0002922658
9,120,0.00049103424
10,120,0.0005171029
11,120,0.00025797728
12,120,0.0003739074
13,120,0.00088542607
14,120,0.00024783518
15,120,0.0007308163
16,120,0.0003490867
17,120,0.00023232773
18,120,0.00024809316
19,120,0.0002849372
20,120,0.000827522
21,120,0.0001393836
22,120,0.00029181968
23,120,0.0005964618
24,120,0.0012234217
25,120,0.00013729278
26,120,0.0003561629
27,120,0.0001644725
28,120,0.0004262831
29,120,0.0005632108
30,120,0.0011576423
31,120,0.0009419657
32,120,0.0005024187
33,120,0.0008406108
34,120,0.00072089117
35,120,0.0006930474
36,120,0.001144439
37,120,0.0009698225
38,120,0.0006228881
39,120,0.0006664945
40,120,0.0009877533
41,120,0.0009659622
42,120,0.000761088
43,120,0.00043459795
44,120,0.0004434958
45,120,0.00071122777
46,120,0.00084293354
47,120,0.00099013
48,120,0.0007436136
49,120,0.0014713081
50,120,0.0006406568
51,120,0.0008145552
52,120,0.00076923985
53,120,0.00057704933
54,120,
55,120,
56,120,
57,120,
58,120,
59,120,
60,120,
61,120,
62,120,0.00060110167
63,120,0.0007682992
64,120,
65,120,
66,120,
67,120,
68,120,
69,120,
70,120,
71,120,
72,120,0.0006995052
73,120,0.0005221255
74,120,0.000121474266
75,120,0.0003130613
76,120,0.0009304052
77,120,0.0007263124
78,120,
79,120,0.00053186715
80,120,0.00020372402
81,120,0.00078479946
82,120,0.0001986064
83,120,0.00022539869
84,120,0.00047828443
85,120,0.00057220925
86,120,0.0016389601
87,120,0.00049759913
88,120,0.00067400374
89,120,0.0006667208
90,120,0.0008999314
91,120,0.00018480234
92,120,0.00029378943
93,120,0.00072408933
94,120,0.00057264883
95,120,0.0006418787
96,120,0.00019167736
97,120,0.0004117675
98,120,0.0002229698
99,120,0.00024021417
100,120,0.00082748476
101,120,0.0002181055
102,120,0.00010543596
103,120,0.00038240198
104,120,0.0011560218
105,120,0.00019975379
106,120,5.8490783e-05
107,120,0.00073142257
108,120,0.0009344369
109,120,0.0008376548
110,120,0.00018464494
111,120,0.00072744116
112,120,0.00052268617
113,120,6.2703155e-05
114,120,0.00040955655
115,120,5.0866976e-05
116,120,0.00050362386
117,120,0.0006106887
118,120,-0.0001343023
119,120,0.00022678822
120,120,
121,120,
122,120,
123,120,
124,120,
125,120,
126,120,
127,120,0.00074317865
128,120,-4.749745e-06
129,120,0.00035896152
130,120,0.00027090497
131,120,0.00030658208
132,120,0.000972108
133,120,0.00034340192
134,120,0.00025751535
135,120,0.00042709056
136,120,0.00092589576
137,120,0.0005123876
138,120,0.0010755789
139,120,0.0007156655
140,120,0.0011351593
141,120,0.0009910977
142,120,0.00037437212
143,120,0.00025896542
144,120,0.00034193136
145,120,0.00081279874
146,120,0.00050447974
147,120,0.0009027673
148,120,0.0006899806
149,120,0.00057490356
150,120,0.00045464188
151,120,0.00054167304
152,120,0.00071686506
153,120,0.0003059525
154,120,0.0005761534
155,120,0.00046211202
156,120,0.0010006865
157,120,0.00031736027
158,120,0.0005379794
159,120,0.0006736135
160,120,0.00063346885
161,120,0.0005168589
162,120,0.0008086534
163,120,0.000105382875
164,120,0.0011031535
165,120,0.00024239905
166,120,0.00041704345
167,120,0.00020766724
168,120,0.00022090692
169,120,0.000798868
170,120,0.00043550786
171,120,0.00016967766
172,120,0.00084451586
173,120,0.00024885498
174,120,0.0011381609
175,120,0.0007961504
176,120,0.0012525711
177,120,0.00069319457
178,120,0.00079539046
179,120,0.00046983082
180,120,0.00020442344
181,120,0.0003479654
182,120,-5.5167824e-05
183,120,0.0006660465
184,120,0.00056425575
185,120,0.0006489996
186,120,0.00020503812
187,120,0.0004634224
188,120,0.00043123588
189,120,0.00061464775
190,120,0.0010456294
191,120,0.00072939787
192,120,0.00050230324
193,120,0.00021588616
194,120,0.0008601388
195,120,0.00065164454
196,120,0.00082319137
197,120,0.00051595643
198,120,0.0007050382
199,120,0.00086956844
200,120,0.00069826096
201,120,5.2288175e-05
202,120,0.0006377157
203,120,0.00069904886
204,120,0.00036515482
205,120,0.0007479554
206,120,0.00043488946
207,120,0.00065244455
208,120,0.0004003141
209,120,0.00026710145
210,120,0.00065932237
211,120,0.0008254349
212,120,-1.5074387e-05
213,120,0.00060725864
214,120,0.000333705
215,120,0.0002512345
216,120,0.00020796712
217,120,-9.0116635e-05
218,120,0.00060414616
219,120,0.00019670743
220,120,0.0006846152
221,120,0.0004389137
222,120,0.0005691722
223,120,0.001091172
224,120,0.000228649
225,120,0.000781266
226,120,0.00090299174
227,120,0.000599063
228,120,0.0008118013
229,120,0.0004608808
230,120,0.0008366257
231,120,0.00020954106
232,120,-4.130602e-05
233,120,0.0005318951
234,120,0.00015416555
235,120,0.00022805855
236,120,0.0008723987
237,120,0.00063334964
238,120,0.00045384374
239,120,0.0006663967
240,120,0.00043623522
241,120,0.00057899486
242,120,0.0005172407
243,120,0.00045167562
244,120,0.0007122401
245,120,0.00029864442
246,120,0.000645414
247,120,0.0008166516
248,120,0.0006670011
249,120,0.0003001485
250,120,0.00043266173
251,120,-4.4733286e-05
252,120,0.0005542701
253,120,0.0005617328
254,120,0.00032922626
255,120,0.0004594978
256,120,0.00062828604
257,120,0.00039690547
258,120,0.0006838776
259,120,0.0005939603
260,120,0.000109228306
261,120,0.0006257482
262,120,0.0010290174
263,120,0.00016253255
264,120,0.0012445981
265,120,0.0004690634
266,120,0.0007707868
267,120,0.00096317753
268,120,0.0005358653
269,120,0.0012331959
270,120,0.000751324
271,120,0.0004344713
272,120,0.00087082386
273,120,0.0010390691
274,120,0.00026223715
275,120,9.4481744e-05
276,120,
277,120,
278,120,0.00031980965
279,120,
280,120,
281,120,
282,120,
283,120,
284,120,
285,120,
286,120,
287,120,
288,120,0.00032278802
289,120,0.0005935542
290,120,-5.748123e-06
291,120,0.00026713777
292,120,0.00021533016
293,120,0.00034638308
294,120,0.00070930924
295,120,0.0006765006
296,120,0.0008556945
297,120,0.00039022695
298,120,0.0006864676
299,120,0.0004387172
300,120,0.0008904338
301,120,0.0007528756
302,120,0.0009650234
303,120,0.00060459133
304,120,0.0006476017
305,120,0.0010782769
306,120,0.0006238073
307,120,0.00045340136
308,120,0.0006412463
309,120,0.00041100942
310,120,0.0010765698
311,120,0.0008630222
312,120,0.0009995997
313,120,0.00043290388
314,120,0.00053120963
315,120,0.0005618585
316,120,0.00022965483
317,120,0.00040778983
318,120,0.00043297373
319,120,0.0007552486
320,120,0.0008180253
321,120,0.0005017435
322,120,0.00042093918
323,120,0.0013130056
324,120,0.00073098484
325,120,0.0008349549
326,120,0.0010826522
327,120,0.0008561406
328,120,0.00067514647
329,120,0.000846996
330,120,0.0001331754
331,120,0.00049873814
332,120,0.0010956284
333,120,0.0008273218
334,120,0.00086729135
335,120,-0.00018211175
336,120,0.00013742317
337,120,0.0002358118
338,120,0.0003674142
339,120,0.0008351449
340,120,0.00041251816
341,120,-0.000165537
342,120,0.00016864203
343,120,0.00032540038
344,120,0.0005120393
345,120,0.0005598515
346,120,0.00044039916
347,120,9.514671e-05
348,120,
349,120,
350,120,
351,120,
352,120,
353,120,
354,120,
355,120,0.00019714143
356,120,
357,120,-0.0002620658
358,120,0.00077883713
359,120,0.0006945813
360,120,-0.00022493768
361,120,-6.7920424e-05
362,120,-8.3271414e-05
363,120,0.00017874502
364,120,0.00016623922
365,120,0.0001527965
366,120,0.0006452156
367,120,-1.0142103e-05
368,120,0.0008576494
369,120,-2.2239983e-05
370,120,0.00043079816
371,120,0.00050643645
372,120,0.00043278467
373,120,0.0006676726
374,120,0.00044796895
375,120,0.0010827864
376,120,0.0005382933
377,120,0.0007405458
378,120,0.0005268166
379,120,0.00041676313
380,120,0.000754253
381,120,0.00014884025
382,120,0.00055069756
383,120,0.0004213862
384,120,0.00037264824
385,120,0.00074199773
386,120,0.0004940275
387,120,0.00059249904
388,120,0.00038917176
389,120,0.0007662829
390,120,0.00065570604
391,120,0.00041016564
392,120,0.00033136178
393,120,0.000459861
394,120,0.000528601
395,120,0.00070418604
396,120,0.00053670723
397,120,0.0006237943
398,120,0.0009695953
399,120,0.0007229615
400,120,0.0006617373
401,120,0.00027272012
402,120,0.00071876217
403,120,0.0012187827
404,120,0.00089773163
405,120,0.0009103678
406,120,0.00070616324
407,120,0.00063380785
408,120,0.00072663464
409,120,0.0005857097
410,120,0.0007999148
411,120,0.00045900047
412,120,0.0007532919
413,120,0.00013864692
414,120,0.0012831716
415,120,0.0004775962
416,120,0.0005516922
417,120,0.00033116434
418,120,2.9938295e-05
419,120,0.00035017077
420,120,0.00068656355
421,120,0.0003160881
422,120,0.00066096894
423,120,-0.00016429182
424,120,5.025603e-05
425,120,0.0011217352
426,120,0.00059443153
427,120,0.00047175307
428,120,0.0005952576
429,120,0.0010025892
430,120,0.0004423093
431,120,0.00047693215
432,120,0.00029501412
433,120,0.00068843085
434,120,0.0007670531
435,120,0.000682977
436,120,0.00028240867
437,120,0.00034508388
438,120,0.00046383124
439,120,0.00043745805
440,120,0.00048604887
441,120,0.0008100327
442,120,0.0002849698
443,120,0.00028610602
444,120,0.0007211212
445,120,0.000539287
446,120,0.00022449344
447,120,0.0004553413
448,120,0.00046469737
449,120,0.00027012266
450,120,0.0004298268
451,120,0.0004419731
452,120,0.0006028302
453,120,0.000121044926
454,120,0.00052887015
455,120,0.000802774
456,120,0.000993791
457,120,0.000679316
458,120,0.0004458623
459,120,0.00040503498
460,120,0.00056767
461,120,0.0002484694
462,120,7.3730946e-05
463,120,0.00044965465
464,120,0.00048102997
465,120,0.00059707277
466,120,0.0008735424
467,120,0.0005803723
468,120,0.0009556869
469,120,0.0003911443
470,120,0.00061126053
471,120,0.00012211408
472,120,0.00019077677
473,120,0.00062577054
474,120,0.00046461727
475,120,0.00016804598
476,120,-2.7170405e-05
477,120,0.0007738136
478,120,0.00048672128
479,120,8.4708445e-05
480,120,0.00013324805
481,120,0.0010185437
482,120,0.00042750407
483,120,0.0008908054
484,120,0.00027820654
485,120,0.00053298566
486,120,0.0004209457
487,120,8.877367e-05
488,120,0.00079322886
489,120,0.00090304017
490,120,0.00029799156
491,120,0.00094964914
492,120,0.00013452955
493,120,0.00020167325
494,120,0.0005045105
0,121,0.0006627068
1,121,0.0006521512
2,121,-0.0002629403
3,121,0.0006096596
4,121,0.00057176966
5,121,0.00040122215
6,121,0.0008281516
7,121,0.0007889252
8,121,0.00044046622
9,121,0.0010420792
10,121,0.00086337514
11,121,0.00045670196
12,121,0.00028015487
13,121,0.0006998461
14,121,0.000668223
15,121,0.001101152
16,121,0.00024218671
17,121,0.0003296733
18,121,0.00053413864
19,121,0.0007269783
20,121,0.00047126226
21,121,0.00039933436
22,121,0.00023846049
23,121,0.00063227303
24,121,0.0007969206
25,121,0.00053505413
26,121,0.00051932037
27,121,0.00025726855
28,121,0.0009020129
29,121,0.00047200732
30,121,0.0009489069
31,121,0.00085491315
32,121,0.0005556168
33,121,0.00026625395
34,121,0.00092013646
35,121,0.000770079
36,121,0.0003412217
37,121,0.001065122
38,121,0.00032052677
39,121,0.0009017177
40,121,0.00038470048
41,121,0.0011295183
42,121,0.0015294598
43,121,0.0013625287
44,121,0.00079974066
45,121,0.0010718526
46,121,0.0004892843
47,121,0.00091937836
48,121,0.0014170334
49,121,0.0009679347
50,121,0.0011908989
51,121,0.0006263992
52,121,0.0013912022
53,121,0.00057489984
54,121,0.0013906481
55,121,
56,121,
57,121,
58,121,
59,121,
60,121,
61,121,
62,121,0.000191167
63,121,0.0009229891
64,121,0.0010621827
65,121,
66,121,
67,121,
68,121,
69,121,
70,121,
71,121,
72,121,
73,121,0.00084761623
74,121,0.00016240962
75,121,0.00068158936
76,121,0.00048121624
77,121,0.00073603354
78,121,0.0005019484
79,121,0.00063447
80,121,-0.00021246448
81,121,0.0008129338
82,121,0.00053104106
83,121,0.00089072064
84,121,0.0005721962
85,121,0.0007310957
86,121,-8.509215e-05
87,121,0.00078080036
88,121,0.00014675129
89,121,0.00047873054
90,121,9.5235184e-05
91,121,0.0004549371
92,121,0.0006362926
93,121,0.00055395346
94,121,0.00073850434
95,121,0.00048444513
96,121,0.0010985192
97,121,0.0004986748
98,121,0.00050247274
99,121,0.0004227683
100,121,0.0004889462
101,121,-0.00023972057
102,121,0.00038290676
103,121,0.0010798555
104,121,0.00041779503
105,121,0.00024112221
106,121,0.00052470714
107,121,0.00067805406
108,121,0.00031736307
109,121,0.0002878299
110,121,0.00038382784
111,121,0.00069116335
112,121,0.00050037075
113,121,0.00039697345
114,121,0.00058533903
115,121,0.00016221311
116,121,0.00068692956
117,121,0.00087127835
118,121,0.0004623672
119,121,0.0013634646
120,121,-3.588479e-05
121,121,
122,121,
123,121,
124,121,
125,121,
126,121,0.00032041036
127,121,
128,121,0.0009492077
129,121,0.0003235191
130,121,0.00032293238
131,121,0.00019761734
132,121,-7.906277e-05
133,121,0.000576159
134,121,0.00022034999
135,121,0.00058589876
136,121,0.00036186446
137,121,0.0003517177
138,121,0.00068092626
139,121,0.0005838247
140,121,0.00060539134
141,121,0.0006154757
142,121,0.00038843974
143,121,0.0005410323
144,121,0.0007846374
145,121,0.00068405457
146,121,0.00052085146
147,121,0.00014292076
148,121,0.00062614493
149,121,0.00053559523
150,121,0.00036509614
151,121,0.00071920734
152,121,0.00074416026
153,121,0.0008432437
154,121,0.0006680945
155,121,0.00043066312
156,121,0.0006271694
157,121,0.0006656572
158,121,0.0006259959
159,121,0.0005199136
160,121,0.0007194262
161,121,0.0008287877
162,121,0.00048926193
163,121,0.0009326115
164,121,0.00036000554
165,121,0.00075752847
166,121,0.0008762991
167,121,0.0003739819
168,121,0.00070498046
169,121,0.00027102325
170,121,0.000566124
171,121,0.00080560055
172,121,0.00048751757
173,121,0.000821271
174,121,0.00077569485
175,121,-2.3064204e-05
176,121,0.000398729
177,121,0.0010872781
178,121,0.0005950937
179,121,0.00020007417
180,121,0.00024144258
181,121,0.0004313225
182,121,0.00059322733
183,121,0.0006052768
184,121,0.0007217759
185,121,0.00064584333
186,121,0.0005825218
187,121,0.00062859524
188,121,0.001134715
189,121,0.0007729074
190,121,0.00036176294
191,121,0.00025103986
192,121,0.00038784742
193,121,0.0007067267
194,121,0.00034407992
195,121,0.00082813576
196,121,0.00056485087
197,121,0.0009891381
198,121,0.0002930751
199,121,0.0006757118
200,121,0.00030001812
201,121,0.00043967552
202,121,0.0010042144
203,121,0.00071130507
204,121,0.0005811518
205,121,0.00042310916
206,121,0.0004114164
207,121,0.00050353166
208,121,0.00015090033
209,121,0.0005290825
210,121,0.00032682437
211,121,0.0003934782
212,121,2.927985e-05
213,121,0.00039069448
214,121,0.0005819956
215,121,-0.0002562236
216,121,0.00034559984
217,121,0.0004915334
218,121,0.00035294052
219,121,0.0003374433
220,121,0.00037245266
221,121,0.0003297031
222,121,0.0004657572
223,121,0.00013264176
224,121,-0.00037539843
225,121,0.00029253867
226,121,4.777219e-05
227,121,0.00076299906
228,121,0.0005939407
229,121,0.00026297383
230,121,0.00039257202
231,121,0.0006837547
232,121,0.0006316332
233,121,0.0001526773
234,121,0.0002951026
235,121,0.0004988173
236,121,0.00057552755
237,121,0.0004714597
238,121,0.00018364843
239,121,-2.9845163e-05
240,121,0.0006270828
241,121,0.00057539996
242,121,0.00047248695
243,121,0.00040715002
244,121,0.00027495623
245,121,0.0009541223
246,121,0.00047964603
247,121,-0.00020379573
248,121,0.00061639585
249,121,0.0005026385
250,121,0.001011773
251,121,0.00040136278
252,121,0.0005820645
253,121,0.00040321704
254,121,0.0010417048
255,121,3.0534342e-05
256,121,-0.00014928263
257,121,0.00073924847
258,121,0.00016967673
259,121,0.00055190735
260,121,0.00095774233
261,121,0.0008229902
262,121,0.00036182255
263,121,0.00041523855
264,121,0.00072582345
265,121,0.0006112633
266,121,0.00049295276
267,121,2.9714778e-05
268,121,0.000594154
269,121,0.00079449266
270,121,0.00014455616
271,121,0.0012439601
272,121,0.00052783825
273,121,0.00047674868
274,121,0.00063890964
275,121,0.00059894193
276,121,0.00052109547
277,121,
278,121,
279,121,
280,121,
281,121,
282,121,
283,121,
284,121,
285,121,
286,121,
287,121,
288,121,
289,121,0.0007023597
290,121,0.0012689736
291,121,0.00042551383
292,121,-4.3247826e-05
293,121,9.053107e-05
294,121,0.00056815613
295,121,0.0005837502
296,121,0.0008213548
297,121,0.00091548916
298,121,0.00094427355
299,121,0.0005263593
300,121,0.0006339103
301,121,0.00093808584
302,121,0.00028911885
303,121,0.00093938503
304,121,0.0002460247
305,121,0.0006213328
306,121,0.00064669084
307,121,0.0010347571
308,121,0.00082912296
309,121,0.0005477201
310,121,0.0007934654
311,121,0.0007308293
312,121,0.0006332565
313,121,0.0005306471
314,121,0.00070451666
315,121,0.0006517591
316,121,0.00011947099
317,121,0.0005146172
318,121,0.00023465324
319,121,0.0004169261
320,121,0.0010783114
321,121,0.00086689927
322,121,0.0007325262
323,121,0.00084170885
324,121,0.00011483114
325,121,0.0007963665
326,121,0.00021956768
327,121,0.00085340906
328,121,0.00020685326
329,121,0.0007521482
330,121,0.00043514837
331,121,-6.7631714e-05
332,121,0.0003608931
333,121,0.0012039086
334,121,0.0007479405
335,121,-0.00023512449
336,121,0.0008484693
337,121,0.0007586982
338,121,0.00060860906
339,121,0.0010028062
340,121,0.00052761845
341,121,0.00013848394
342,121,0.00041142292
343,121,0.0005973
344,121,0.00028911792
345,121,0.0007544933
346,121,0.0002401974
347,121,
348,121,
349,121,
350,121,
351,121,
352,121,
353,121,
354,121,
355,121,
356,121,5.3147785e-05
357,121,0.00042118132
358,121,0.00010830816
359,121,0.0002431823
360,121,0.00011171587
361,121,0.0004441915
362,121,-0.0002942551
363,121,0.00039663818
364,121,5.9449114e-05
365,121,0.00087810867
366,121,0.0008564489
367,121,0.0005184207
368,121,6.0088933e-05
369,121,0.0009492533
370,121,0.0007446315
371,121,0.00077741593
372,121,0.00010832772
373,121,0.00094930455
374,121,0.0003312016
375,121,0.0005207313
376,121,0.00089197326
377,121,0.0004889658
378,121,0.0004150374
379,121,0.00017466769
380,121,0.0011837175
381,121,0.0009531081
382,121,0.00072582066
383,121,0.0003533624
384,121,0.00041311793
385,121,0.0012061773
386,121,0.00067040324
387,121,0.0008414192
388,121,0.00089374743
389,121,0.0005235188
390,121,0.0007344447
391,121,0.00079458486
392,121,0.0008763205
393,121,0.0005645724
394,121,0.0008334117
395,121,0.0006225379
396,121,0.00025184825
397,121,0.0004952289
398,121,0.0005352888
399,121,0.00055466965
400,121,0.00097545795
401,121,0.00064483844
402,121,0.0013033701
403,121,0.00034498516
404,121,6.938167e-05
405,121,0.00033434853
406,121,0.0007796362
407,121,0.00022098329
408,121,0.00026844908
409,121,0.00043090712
410,121,0.0004052883
411,121,0.00033320766
412,121,0.000375472
413,121,0.00037256815
414,121,0.00044027716
415,121,0.0002396591
416,121,0.0001353249
417,121,0.00048899837
418,121,0.00067336485
419,121,0.00090604834
420,121,0.0012265844
421,121,0.0008472176
422,121,0.0005628271
423,121,-6.765593e-05
424,121,0.0015972527
425,121,0.0005398933
426,121,0.0010997476
427,121,0.00095580146
428,121,0.00013066363
429,121,0.0010218937
430,121,0.00018208008
431,121,0.000668332
432,121,0.00064642914
433,121,0.0008898517
434,121,0.0006822888
435,121,0.00037831534
436,121,6.072689e-05
437,121,0.0009344006
438,121,0.00018444005
439,121,0.00064093806
440,121,0.0011253133
441,121,0.00015825313
442,121,8.2870014e-05
443,121,0.00044890586
444,121,0.0003968086
445,121,0.0008275928
446,121,0.00073897373
447,121,0.00087717175
448,121,0.0008624699
449,121,0.00093005784
450,121,0.00060316175
451,121,0.0004004715
452,121,-0.00027459208
453,121,9.457767e-05
454,121,0.0008757124
455,121,0.0003967462
456,121,0.0004363628
457,121,0.00028270762
458,121,0.00084394496
459,121,0.0003916053
460,121,0.00048853364
461,121,-0.00012162514
462,121,0.00046231505
463,121,0.0003991071
464,121,0.0004376499
465,121,0.00044193398
466,121,0.00096451864
467,121,0.00094479136
468,121,0.00065771583
469,121,5.8789738e-05
470,121,0.0002886271
471,121,0.00017785002
472,121,0.00038663298
473,121,0.0006042812
474,121,0.0004785359
475,121,-5.2599236e-05
476,121,0.00066551287
477,121,0.0011454308
478,121,0.00033969153
479,121,0.00035702158
480,121,9.354297e-05
481,121,0.0006091129
482,121,-7.4849464e-05
483,121,5.9715472e-05
484,121,0.00043760985
485,121,0.0007089302
486,121,0.00066717155
487,121,0.0009102691
488,121,0.0009052912
489,121,0.00014054868
490,121,0.00051656645
491,121,0.00033035595
492,121,0.0007467456
493,121,0.00052142516
494,121,0.00027542002
0,122,0.0006683506
1,122,0.000816823
2,122,0.00043317582
3,122,0.00065067597
4,122,0.0009214226
5,122,0.00044208858
6,122,0.0012331512
7,122,0.00076466333
8,122,0.0005523972
9,122,0.00084144715
10,122,0.0004073847
11,122,0.0008586291
12,122,0.00075912103
13,122,0.0007894188
14,122,0.00075680204
15,122,0.00053160917
16,122,0.00038630422
17,122,0.0005850354
18,122,-0.00012081303
19,122,0.0003842162
20,122,0.00051649846
21,122,0.000120515004
22,122,0.0002310779
23,122,0.0008847052
24,122,0.00072541926
25,122,0.0007614773
26,122,0.0005095219
27,122,0.0003081588
28,122,0.00059585925
29,122,0.0011332566
30,122,0.0003044093
31,122,0.00046610925
32,122,0.0012221718
33,122,0.00019993726
34,122,0.0007090578
35,122,0.0005686749
36,122,0.00090182386
37,122,0.0010195281
38,122,0.0013151979
39,122,0.0014187489
40,122,0.0011120038
41,122,0.00040147267
42,122,0.0011270456
43,122,0.00060676783
44,122,0.0006124964
45,122,0.00090373494
46,122,0.0012372881
47,122,0.0008466719
48,122,0.0004927125
49,122,0.00038982835
50,122,0.0013529332
51,122,0.0012264354
52,122,0.0010270625
53,122,0.0007894058
54,122,0.00037704315
55,122,0.0009895423
56,122,
57,122,
58,122,
59,122,
60,122,
61,122,
62,122,0.0004944643
63,122,0.00091472827
64,122,
65,122,
66,122,
67,122,
68,122,
69,122,
70,122,
71,122,
72,122,0.00092969276
73,122,0.0005637696
74,122,0.0009393161
75,122,0.0008951146
76,122,0.0007356135
77,122,0.0007485645
78,122,
79,122,0.0004643984
80,122,-4.918687e-05
81,122,0.00018084794
82,122,5.7850964e-05
83,122,0.00067781284
84,122,0.0012612212
85,122,2.1776184e-05
86,122,0.00017033517
87,122,0.00033817906
88,122,0.00066322926
89,122,0.00065085106
90,122,0.00059602223
91,122,0.000386836
92,122,0.00021550525
93,122,0.00044627674
94,122,0.000295097
95,122,0.0008814037
96,122,0.00035993196
97,122,0.00020699017
98,122,0.0010332223
99,122,0.0005933177
100,122,0.00070613436
101,122,0.000561486
102,122,0.0003182646
103,122,0.0011269255
104,122,8.530822e-05
105,122,0.00011460204
106,122,0.0006476203
107,122,0.0007729884
108,122,-0.00018570106
109,122,0.00013903901
110,122,0.0007972643
111,122,0.00077271275
112,122,0.0008322159
113,122,0.0004428504
114,122,8.968357e-05
115,122,0.00062279776
116,122,0.0008881986
117,122,0.00023924746
118,122,
119,122,
120,122,0.00019554142
121,122,
122,122,
123,122,1.4770776e-05
124,122,
125,122,
126,122,
127,122,
128,122,0.00037630275
129,122,0.0003400501
130,122,-0.0002626106
131,122,0.000526852
132,122,-0.0001010336
133,122,0.00043260772
134,122,0.00017287116
135,122,0.0007440178
136,122,0.0006363513
137,122,-5.931221e-05
138,122,0.00065295864
139,122,0.000668033
140,122,0.0009095976
141,122,0.00073410757
142,122,0.00029126555
143,122,0.0006265687
144,122,0.00069304835
145,122,0.00041771773
146,122,0.0006294362
147,122,0.0005452847
148,122,0.0007621087
149,122,0.0005409224
150,122,0.00042117387
151,122,0.0006290106
152,122,0.00047502853
153,122,0.0008323323
154,122,0.0006950097
155,122,0.0008211825
156,122,0.00029961765
157,122,0.0006335452
158,122,0.00090776384
159,122,0.0007330198
160,122,0.0009007044
161,122,0.00042110868
162,122,0.0004519606
163,122,0.0006546434
164,122,0.000493967
165,122,0.00039622653
166,122,0.00032803137
167,122,0.00037098583
168,122,9.3010254e-05
169,122,0.0006859945
170,122,0.00037221797
171,122,0.000331386
172,122,0.00042248797
173,122,0.0005867593
174,122,0.0006743483
175,122,0.00061834604
176,122,0.0009731017
177,122,7.783249e-05
178,122,0.0004140176
179,122,0.00054286234
180,122,0.0008198945
181,122,0.00042611826
182,122,0.0002916362
183,122,0.00024172757
184,122,0.00088042393
185,122,0.00041899085
186,122,0.0006821342
187,122,0.00034100562
188,122,0.00031762756
189,122,0.00068959594
190,122,0.00047856476
191,122,0.0011029355
192,122,0.00090905465
193,122,0.0005860971
194,122,0.00072917994
195,122,8.051004e-05
196,122,0.00052217394
197,122,0.00060740486
198,122,0.0008705938
199,122,0.0008573495
200,122,0.00053295866
201,122,0.0010930058
202,122,0.000683913
203,122,0.00076745823
204,122,0.0003808979
205,122,0.00010428671
206,122,0.00041906908
207,122,0.00063205697
208,122,0.00021778885
209,122,0.000559479
210,122,0.00050265994
211,122,0.00048978254
212,122,0.00034287386
213,122,0.0009576315
214,122,0.00044763554
215,122,0.00041942485
216,122,0.00051544234
217,122,0.00019378588
218,122,0.00038371794
219,122,0.0007631853
220,122,0.00045212358
221,122,8.238107e-05
222,122,-0.00014880951
223,122,0.0004414441
224,122,-7.371791e-05
225,122,0.00056270324
226,122,0.00036029238
227,122,0.00069605187
228,122,0.0004834272
229,122,0.0004250873
230,122,0.00014635827
231,122,0.00025814679
232,122,0.00080774166
233,122,0.00088597275
234,122,0.00047678314
235,122,0.00026844628
236,122,-0.00011485256
237,122,0.00086390506
238,122,0.00063903723
239,122,-0.00010440592
240,122,0.00066986214
241,122,0.0002683159
242,122,8.79392e-05
243,122,0.0003487654
244,122,0.00024194457
245,122,0.0005710786
246,122,0.0007146448
247,122,0.00068916194
248,122,0.0007339837
249,122,0.0006396156
250,122,0.00071760453
251,122,-7.749535e-06
252,122,0.0002452368
253,122,0.00040979777
254,122,0.0005807597
255,122,0.0001943931
256,122,0.00076706056
257,122,0.00021103676
258,122,0.0010628197
259,122,0.00070949085
260,122,0.00037343334
261,122,0.0005291365
262,122,0.00036533177
263,122,0.0010189842
264,122,0.00037526432
265,122,0.0009667231
266,122,7.8244135e-05
267,122,0.00092405453
268,122,0.0007946687
269,122,0.00088836066
270,122,0.00080343615
271,122,0.0002570916
272,122,0.00067201164
273,122,0.00072532985
274,122,0.0006045243
275,122,0.0012512244
276,122,0.000409591
277,122,0.0009342078
278,122,
279,122,
280,122,
281,122,
282,122,0.0007726187
283,122,
284,122,
285,122,
286,122,
287,122,
288,122,
289,122,
290,122,
291,122,
292,122,0.001044713
293,122,0.0002185218
294,122,0.00064654276
295,122,0.00033341534
296,122,0.0005283719
297,122,0.0006270204
298,122,-4.949048e-06
299,122,0.0009809919
300,122,0.00083941314
301,122,0.0008836556
302,122,0.0003746422
303,122,0.0007611755
304,122,0.0005019782
305,122,0.00072112866
306,122,0.00019684527
307,122,0.0012341021
308,122,0.00070307497
309,122,0.0005618138
310,122,0.00056096446
311,122,0.000982888
312,122,0.0009316355
313,122,0.00049244147
314,122,0.0010904036
315,122,0.00080607645
316,122,0.00069511123
317,122,0.0007929206
318,122,0.00083229877
319,122,0.00071485806
320,122,0.0005734684
321,122,0.0006279405
322,122,0.00080185756
323,122,0.0012508119
324,122,0.000751297
325,122,0.0006271722
326,122,0.00057566725
327,122,0.0011989474
328,122,0.0004617581
329,122,0.0006708829
330,122,0.0005268911
331,122,0.0003689956
332,122,0.0005662553
333,122,0.00059205387
334,122,-0.00021927059
335,122,0.00074773
336,122,0.00018163212
337,122,0.0009762682
338,122,-2.2756867e-05
339,122,-0.00017606188
340,122,-0.00015084445
341,122,4.2640604e-05
342,122,0.00019818358
343,122,0.0003320817
344,122,0.000430651
345,122,0.0012353603
346,122,0.00084665045
347,122,0.0005156407
348,122,
349,122,0.00035956036
350,122,
351,122,
352,122,
353,122,
354,122,0.00042601395
355,122,0.00093458034
356,122,0.00058163796
357,122,0.00039390102
358,122,0.0005018506
359,122,0.00023935735
360,122,0.000486047
361,122,-6.0265884e-06
362,122,0.0009198217
363,122,0.00014798157
364,122,9.763986e-05
365,122,0.00034292042
366,122,0.0006609438
367,122,0.00040130783
368,122,0.0008438211
369,122,0.0013610804
370,122,0.000793891
371,122,0.0005553914
372,122,0.00034295768
373,122,0.000579413
374,122,0.00089952163
375,122,0.0003003478
376,122,0.0007366063
377,122,0.00074806996
378,122,0.00056445226
379,122,0.0005638581
380,122,0.0007519154
381,122,0.0007113386
382,122,0.0004880326
383,122,0.00091582164
384,122,0.0006858418
385,122,0.00052534137
386,122,0.00077419356
387,122,0.00071347505
388,122,0.00044167414
389,122,0.00065439194
390,122,0.0008251276
391,122,0.0011016969
392,122,0.000451779
393,122,0.0007908698
394,122,0.00023142248
395,122,0.00070313923
396,122,0.0004785061
397,122,-2.0420179e-05
398,122,0.000968799
399,122,0.0007637013
400,122,0.00018117297
401,122,0.0007126201
402,122,0.0005896529
403,122,0.0007718811
404,122,0.0005692607
405,122,0.00033811852
406,122,0.0004930757
407,122,0.00023318175
408,122,0.0004709782
409,122,0.0002957862
410,122,0.00020045321
411,122,0.00067251734
412,122,0.00035283156
413,122,0.00019451044
414,122,0.0004267525
415,122,9.972043e-05
416,122,0.0008797236
417,122,0.00069096964
418,122,0.00023747329
419,122,0.00041766558
420,122,-0.000181905
421,122,0.00080503896
422,122,0.00036801863
423,122,0.0005205218
424,122,0.00049112923
425,122,0.0007418832
426,122,0.000192645
427,122,0.000772886
428,122,0.0005274154
429,122,0.00082283095
430,122,0.00070317835
431,122,0.001163505
432,122,0.000674488
433,122,0.0013434868
434,122,0.0009661438
435,122,0.000760152
436,122,0.0009009894
437,122,0.0005912222
438,122,0.00046072528
439,122,0.0006742673
440,122,0.0011277702
441,122,0.0008127112
442,122,0.00090494286
443,122,0.00093317125
444,122,0.0001729289
445,122,0.00031007454
446,122,0.0002485467
447,122,0.0004758127
448,122,0.0005701566
449,122,0.00033993647
450,122,0.0004082257
451,122,0.00016046222
452,122,0.0001499448
453,122,5.5675395e-05
454,122,0.00052195974
455,122,0.0005858429
456,122,0.0005213218
457,122,0.0004310459
458,122,0.0005080756
459,122,0.000828336
460,122,0.000572945
461,122,0.0012389738
462,122,-0.0001121955
463,122,7.745158e-05
464,122,0.000545484
465,122,0.0004230067
466,122,0.0008168686
467,122,0.00042703561
468,122,0.00034499727
469,122,0.00043377187
470,122,0.0007452406
471,122,0.00053261966
472,122,0.0006217342
473,122,2.532266e-06
474,122,-3.633555e-05
475,122,0.00034722872
476,122,0.00095650926
477,122,0.0008725226
478,122,0.00072451215
479,122,0.00012486335
480,122,0.0006865682
481,122,0.00037796423
482,122,0.0006197179
483,122,0.00082784705
484,122,0.0006802706
485,122,0.00079710595
486,122,0.00074394513
487,122,0.00010706391
488,122,0.00018933322
489,122,0.0010728557
490,122,0.00095017254
491,122,0.00025105104
492,122,0.0010018414
493,122,0.0010279715
494,122,9.5652416e-05
0,123,0.00075702183
1,123,0.0008212188
2,123,0.0011386648
3,123,0.00023506582
4,123,0.00074227154
5,123,0.0007742094
6,123,0.0004505664
7,123,0.0004919516
8,123,0.00058918074
9,123,0.00041910913
10,123,0.00067077857
11,123,0.00085905753
12,123,0.00083734
13,123,0.000617167
14,123,0.0007569976
15,123,0.00076567195
16,123,0.00039643236
17,123,0.00093423855
18,123,0.0007447861
19,123,0.00076825265
20,123,0.00056472514
21,123,0.0008822074
22,123,0.0008947328
23,123,0.0010320162
24,123,0.0005472759
25,123,0.000690883
26,123,5.958136e-05
27,123,0.0008821087
28,123,0.0007628547
29,123,0.0010343995
30,123,0.0008850973
31,123,0.0005410258
32,123,0.0010012519
33,123,0.0013227751
34,123,0.0009375736
35,123,0.0011381535
36,123,0.00024721306
37,123,0.0007016817
38,123,0.0007851841
39,123,0.0011448795
40,123,0.0012106989
41,123,0.0010285247
42,123,0.0004902985
43,123,0.00016641803
44,123,0.00078957155
45,123,0.0002826061
46,123,0.0001643002
47,123,0.00052575767
48,123,0.00076348335
49,123,0.00089783315
50,123,0.0009993222
51,123,0.00057978276
52,123,0.0014336035
53,123,0.0008625481
54,123,0.000835862
55,123,0.0013920711
56,123,0.0008532563
57,123,
58,123,
59,123,0.00034131017
60,123,0.00071624666
61,123,0.0010011755
62,123,0.00065567344
63,123,0.0004770402
64,123,
65,123,
66,123,
67,123,
68,123,
69,123,
70,123,
71,123,
72,123,0.0010775495
73,123,0.0010137167
74,123,
75,123,0.0006859638
76,123,0.00086041074
77,123,0.0008587353
78,123,
79,123,0.00033411663
80,123,0.0006454699
81,123,0.0001047533
82,123,0.0007569976
83,123,0.00053959247
84,123,0.0009926837
85,123,0.00025537238
86,123,0.00085887685
87,123,0.00020848587
88,123,0.00051371194
89,123,0.00015558675
90,123,9.619538e-05
91,123,0.0006846618
92,123,0.00083707366
93,123,0.0003346093
94,123,0.00078675617
95,123,0.00091879815
96,123,0.00080117583
97,123,0.0004327502
98,123,0.00040545315
99,123,0.0014150664
100,123,0.0007533571
101,123,0.0005130414
102,123,0.00045073126
103,123,0.0007651234
104,123,0.00028413627
105,123,-2.0295382e-05
106,123,0.0003404636
107,123,0.0004789764
108,123,0.0004991861
109,123,0.00041522924
110,123,0.0005580336
111,123,0.0003555268
112,123,-3.4443103e-05
113,123,0.00040291715
114,123,0.00066565163
115,123,0.00039977394
116,123,0.000606101
117,123,0.00038538594
118,123,0.00015418511
119,123,-2.3101456e-05
120,123,0.00027120858
121,123,
122,123,
123,123,0.0008488884
124,123,
125,123,-7.0076436e-05
126,123,
127,123,
128,123,-0.0001963824
129,123,0.0004568044
130,123,-5.741045e-05
131,123,0.001354807
132,123,-8.938555e-05
133,123,0.000795383
134,123,0.0011996469
135,123,0.00048695598
136,123,0.0003708778
137,123,0.0005921293
138,123,0.0003288919
139,123,0.00090998784
140,123,0.00058057904
141,123,0.0004007332
142,123,0.00047076494
143,123,0.00042373128
144,123,7.5454824e-05
145,123,0.00087242015
146,123,0.00078181457
147,123,0.000595971
148,123,0.0007867804
149,123,0.00024753716
150,123,0.0005860226
151,123,0.0004593432
152,123,0.000237789
153,123,0.0008271942
154,123,0.00052726455
155,123,0.0007099258
156,123,5.9853308e-05
157,123,0.0008950224
158,123,0.00048822444
159,123,-0.00013892353
160,123,0.0002980018
161,123,0.00043466035
162,123,0.00073143933
163,123,0.00050503574
164,123,0.00042393059
165,123,0.0010994794
166,123,0.00025779847
167,123,0.00023335498
168,123,0.00010837242
169,123,0.0008021137
170,123,0.0005566878
171,123,0.00041676592
172,123,0.00018302351
173,123,0.00050099194
174,123,0.00090292376
175,123,0.000492746
176,123,0.00026922487
177,123,0.0004415987
178,123,0.00041818526
179,123,0.00038989726
180,123,7.022172e-05
181,123,0.00044051
182,123,0.0007003378
183,123,0.0004390357
184,123,0.0011060452
185,123,0.00022944994
186,123,0.0007896703
187,123,0.0005442118
188,123,0.00065294653
189,123,0.00079318695
190,123,0.00077051856
191,123,0.0004521776
192,123,0.0007737279
193,123,0.000751283
194,123,0.0005660448
195,123,0.00055485964
196,123,0.0008563008
197,123,0.0007797992
198,123,0.0013631927
199,123,0.00049764104
200,123,0.00017556269
201,123,0.00010199472
202,123,0.00074941106
203,123,0.00069691334
204,123,0.0006345669
205,123,0.00040386338
206,123,0.00046507828
207,123,0.0004244335
208,123,0.0005024988
209,123,0.00031096954
210,123,0.00021093339
211,123,0.00052814
212,123,0.00020353682
213,123,0.00057375524
214,123,0.0002015559
215,123,0.0004490111
216,123,0.00021166634
217,123,0.00023087859
218,123,0.0006210897
219,123,0.0006773239
220,123,0.00044570584
221,123,0.0011108462
222,123,0.00039846357
223,123,0.0006310949
224,123,0.0009626793
225,123,0.0008030934
226,123,0.00019555539
227,123,0.0003955569
228,123,0.0003988566
229,123,0.0005774442
230,123,0.0003481377
231,123,0.0005155308
232,123,0.0007078713
233,123,0.00045990292
234,123,0.0005325861
235,123,0.0011361986
236,123,0.00056802295
237,123,5.1544048e-05
238,123,0.0005173441
239,123,0.0002644444
240,123,0.00055058394
241,123,0.00061717536
242,123,0.0004918715
243,123,0.00022676867
244,123,0.00026553962
245,123,0.00070125517
246,123,0.00053473655
247,123,0.0006632954
248,123,0.0006597657
249,123,0.000760044
250,123,0.00094339624
251,123,0.00039664283
252,123,0.0008325288
253,123,0.00028644875
254,123,0.0005747834
255,123,0.0010603713
256,123,0.0007093465
257,123,0.00056027994
258,123,0.00032981485
259,123,0.00066733547
260,123,0.0004591681
261,123,0.0003867522
262,123,0.0006494019
263,123,0.00022924785
264,123,0.0008235434
265,123,0.00018540118
266,123,0.0006157486
267,123,0.0007531708
268,123,0.00057120714
269,123,0.0007431302
270,123,0.00060176477
271,123,0.00054372195
272,123,0.0004893467
273,123,0.0006608395
274,123,0.00021096133
275,123,0.00042792503
276,123,-0.0004589213
277,123,
278,123,
279,123,
280,123,0.0007088138
281,123,0.0006569568
282,123,
283,123,0.0002580909
284,123,
285,123,
286,123,
287,123,
288,123,-9.680353e-05
289,123,
290,123,0.00063538365
291,123,
292,123,0.000726155
293,123,0.0005123392
294,123,0.00019468646
295,123,0.00057273824
296,123,0.0007916605
297,123,0.00037749019
298,123,0.0006343033
299,123,0.0007655816
300,123,0.000757738
301,123,0.0006884588
302,123,0.00050617196
303,123,0.0007565897
304,123,0.0008054497
305,123,0.00019193906
306,123,0.00093179755
307,123,0.0007710522
308,123,0.00090281945
309,123,0.0007639099
310,123,0.0009700563
311,123,0.00052260235
312,123,0.00052580144
313,123,0.00074396003
314,123,0.00058730505
315,123,0.0010705302
316,123,0.0006113481
317,123,0.0010984167
318,123,0.0008890722
319,123,0.0005283542
320,123,0.00017383881
321,123,0.00043805316
322,123,0.0005004294
323,123,0.0009042043
324,123,0.0006665066
325,123,0.0008927565
326,123,0.00038644392
327,123,0.0005944846
328,123,0.0005234545
329,123,0.00042034313
330,123,-0.000105776824
331,123,0.000310665
332,123,0.0002751127
333,123,0.00038610585
334,123,-0.00010616984
335,123,0.0010432713
336,123,0.00029578246
337,123,0.0009775339
338,123,0.0003521936
339,123,0.00033092313
340,123,0.00018842146
341,123,0.00043171458
342,123,0.00062177796
343,123,0.0005157599
344,123,0.0004669316
345,123,0.00045285467
346,123,6.719865e-05
347,123,
348,123,
349,123,
350,123,
351,123,0.00018320605
352,123,
353,123,
354,123,0.0003049057
355,123,
356,123,0.0006681755
357,123,0.0006621564
358,123,0.0007971814
359,123,0.00045126677
360,123,0.00019489974
361,123,0.0001872871
362,123,0.00020361319
363,123,0.00060476083
364,123,0.00019806996
365,123,0.00023465976
366,123,0.0010795081
367,123,0.00065386295
368,123,0.00067735
369,123,0.0003158329
370,123,3.3635646e-05
371,123,0.0008235257
372,123,0.00070273783
373,123,0.00053162035
374,123,0.0008199569
375,123,0.0006096503
376,123,3.106892e-06
377,123,0.0006455593
378,123,0.00044045597
379,123,0.00088634714
380,123,0.0005114088
381,123,0.0004996788
382,123,0.00060441904
383,123,0.000885034
384,123,0.00060145464
385,123,0.000828431
386,123,0.0003809873
387,123,0.00061604846
388,123,0.00075305346
389,123,8.9582056e-05
390,123,0.0005898904
391,123,0.0003592614
392,123,0.0011320161
393,123,0.00064344704
394,123,0.00015584007
395,123,0.0007205773
396,123,0.00029701367
397,123,0.00053165946
398,123,0.0007385984
399,123,0.00053480454
400,123,0.00026765838
401,123,0.00046543498
402,123,0.00070071407
403,123,0.00046426337
404,123,0.00042021554
405,123,0.00059281103
406,123,0.0012829909
407,123,0.00037925597
408,123,0.00035911705
409,123,0.00018185377
410,123,0.00074300356
411,123,0.0009835288
412,123,0.0004907204
413,123,0.00049691927
414,123,0.000343116
415,123,0.00059662666
416,123,0.0012103599
417,123,0.0007476695
418,123,-4.23193e-06
419,123,0.00047736987
420,123,0.00060089584
421,123,0.00034415536
422,123,-0.00012231153
423,123,0.0006608153
424,123,0.00017465092
425,123,0.0004630182
426,123,0.0004770141
427,123,0.00065782294
428,123,0.00069134496
429,123,0.0003707977
430,123,0.0008140607
431,123,0.00082526356
432,123,0.0004983125
433,123,0.00029461365
434,123,0.00055317767
435,123,0.0003004875
436,123,0.00038240477
437,123,0.0005400218
438,123,0.000730969
439,123,0.00067437347
440,123,0.0005733166
441,123,0.0009750249
442,123,0.00016294513
443,123,0.00034249108
444,123,0.00014254637
445,123,0.0003007427
446,123,0.00018777326
447,123,0.00023804884
448,123,0.00045260508
449,123,0.0005687801
450,123,0.0004156083
451,123,0.00017862767
452,123,0.00052243285
453,123,0.0006243456
454,123,0.00096222106
455,123,0.00031020865
456,123,0.0011224495
457,123,0.0005110577
458,123,0.0007494986
459,123,0.00055826176
460,123,0.00010823179
461,123,0.00032963697
462,123,0.0005604904
463,123,0.00066571217
464,123,0.0004955698
465,123,0.0006364761
466,123,0.00076577906
467,123,0.000539124
468,123,0.0007253224
469,123,0.00050134584
470,123,0.00033596624
471,123,0.00055500027
472,123,0.0009854287
473,123,-0.00018538721
474,123,0.0003513014
475,123,0.0005197814
476,123,0.00043166894
477,123,0.0006108247
478,123,0.00022552349
479,123,0.00048729125
480,123,0.00050408393
481,123,0.000602928
482,123,0.00032868888
483,123,0.00039961375
484,123,0.00014752243
485,123,0.00023439247
486,123,-1.0563061e-05
487,123,0.00031671487
488,123,0.00096065924
489,123,0.00053764414
490,123,0.00033488218
491,123,-3.428664e-05
492,123,0.0010560453
493,123,0.0002518734
494,123,8.419715e-05
0,124,0.00027079973
1,124,0.0006093895
2,124,0.0010820543
3,124,0.00072324276
4,124,0.00066298153
5,124,0.00055004377
6,124,0.0007500341
7,124,0.0004517045
8,124,0.00074900687
9,124,0.00035403762
10,124,0.00077026617
11,124,0.00092529226
12,124,0.0009882655
13,124,0.0009540133
14,124,0.0008027181
15,124,0.00040074717
16,124,0.0007489184
17,124,0.0007568011
18,124,0.00019803364
19,124,0.0007117726
20,124,0.0002612006
21,124,0.0001748437
22,124,0.000875324
23,124,0.00067765545
24,124,0.0005642604
25,124,0.0005021347
26,124,0.0010283319
27,124,0.000364447
28,124,0.0002452135
29,124,0.00077940803
30,124,0.00101831
31,124,0.0013197865
32,124,0.0012096306
33,124,0.0007592393
34,124,0.00060752034
35,124,0.000677784
36,124,0.0013151206
37,124,0.001348081
38,124,0.0010969387
39,124,0.0014223345
40,124,0.00034318212
41,124,0.00093708
42,124,0.0010514082
43,124,0.000835781
44,124,0.0009488743
45,124,0.0008963272
46,124,0.0012121331
47,124,0.00077313
48,124,0.001234103
49,124,0.0008086115
50,124,0.0012604725
51,124,0.00021954812
52,124,0.00024769455
53,124,0.0013215598
54,124,0.0012350939
55,124,0.00092498865
56,124,0.0010696352
57,124,0.0007580044
58,124,0.00083402265
59,124,0.0005842475
60,124,0.00065957196
61,124,0.00043434277
62,124,0.0008017104
63,124,0.0004557995
64,124,
65,124,
66,124,
67,124,
68,124,
69,124,
70,124,
71,124,
72,124,0.0014901804
73,124,0.0006626081
74,124,0.0009805402
75,124,0.00015653111
76,124,
77,124,0.00058575347
78,124,0.00080324337
79,124,0.00025839638
80,124,0.00040964782
81,124,0.00020646304
82,124,0.00065711513
83,124,0.0006923992
84,124,0.00042830966
85,124,0.0006996868
86,124,0.0009211898
87,124,0.00051469915
88,124,0.000352012
89,124,0.0002742838
90,124,0.00042297505
91,124,0.000413524
92,124,0.00018452853
93,124,0.0003884472
94,124,0.0005017258
95,124,0.00040511135
96,124,0.0003791973
97,124,0.001385605
98,124,0.00046669506
99,124,0.00028510392
100,124,0.0011150446
101,124,-0.00012349058
102,124,0.0003462378
103,124,0.000860733
104,124,0.0010638582
105,124,-6.069243e-05
106,124,0.0003686864
107,124,0.0010821503
108,124,0.0006217696
109,124,0.00044773705
110,124,0.00036018807
111,124,-0.00022096653
112,124,0.0003969362
113,124,0.00063170306
114,124,0.00063317455
115,124,0.0005861083
116,124,0.00037693512
117,124,0.00038326439
118,124,0.00033547264
119,124,9.159837e-05
120,124,0.00042081252
121,124,0.00038735848
122,124,-5.908683e-05
123,124,0.00060966145
124,124,0.00050739665
125,124,0.000659056
126,124,
127,124,
128,124,0.0007193489
129,124,0.00055252016
130,124,0.00016988907
131,124,0.0004544882
132,124,0.00067064166
133,124,0.0005183825
134,124,0.0008128835
135,124,0.0009211451
136,124,0.00066456385
137,124,0.00045395736
138,124,0.0005364092
139,124,0.00028393418
140,124,0.0007965816
141,124,0.00041567627
142,124,0.00037764478
143,124,0.00041864906
144,124,0.0004560426
145,124,0.00037561636
146,124,0.0006296942
147,124,0.0008992981
148,124,0.0010517174
149,124,0.0005639158
150,124,0.0005262606
151,124,0.00044307392
152,124,0.00083004497
153,124,0.00012107752
154,124,0.0003312733
155,124,0.00048865285
156,124,0.0003961362
157,124,0.00053698197
158,124,0.0008588908
159,124,0.0005068844
160,124,0.000268138
161,124,0.0003759656
162,124,0.0003198823
163,124,0.00029880926
164,124,0.00024753902
165,124,0.000525902
166,124,0.00032854732
167,124,0.00049060024
168,124,0.00015414134
169,124,0.00071038585
170,124,0.00060373265
171,124,0.00087385625
172,124,0.00020088628
173,124,0.0007348461
174,124,0.00017005578
175,124,0.0002786694
176,124,0.0006641019
177,124,0.00055421796
178,124,0.00031050202
179,124,0.00072034914
180,124,0.0002532648
181,124,0.0010060985
182,124,0.00031175558
183,124,0.00035456102
184,124,0.00076483097
185,124,0.00050668325
186,124,0.00064306054
187,124,0.0006261235
188,124,0.00070973113
189,124,0.00057051424
190,124,0.00064494926
191,124,0.0003877338
192,124,0.0006820103
193,124,0.0005014315
194,124,0.00058362726
195,124,0.00031648856
196,124,0.00072260015
197,124,0.0004473906
198,124,0.0005527269
199,124,0.000662297
200,124,0.00047420617
201,124,0.00029104762
202,124,0.0004615821
203,124,0.00024533644
204,124,0.00080846995
205,124,0.00085447077
206,124,0.000504368
207,124,0.0002251761
208,124,0.00010881573
209,124,0.0005495101
210,124,0.00065993797
211,124,0.0003851317
212,124,0.00039055757
213,124,0.0002000425
214,124,0.00026898645
215,124,0.00074634515
216,124,0.0003614612
217,124,5.4364093e-05
218,124,0.00069211144
219,124,0.0010910295
220,124,0.00043870416
221,124,0.00027351547
222,124,0.0003903294
223,124,0.0011878014
224,124,0.00017925538
225,124,0.00012839958
226,124,0.00062357355
227,124,0.00050534867
228,124,0.00088056456
229,124,0.00065789
230,124,0.00044328347
231,124,0.00030591153
232,124,0.0006006742
233,124,0.0005363375
234,124,0.0004912596
235,124,0.00021852832
236,124,-4.8852526e-05
237,124,0.00016734377
238,124,0.00042449776
239,124,0.0006128084
240,124,0.0005762307
241,124,0.0002959473
242,124,0.00081845
243,124,0.0002719909
244,124,0.00023220759
245,124,0.00089899264
246,124,0.00030987523
247,124,0.00074923784
248,124,-8.1546605e-06
249,124,-0.00028968602
250,124,0.00042629894
251,124,0.0005371962
252,124,0.00026320852
253,124,0.00082348194
254,124,-1.3859011e-05
255,124,6.568432e-05
256,124,0.0010663271
257,124,0.00053343456
258,124,0.0005813595
259,124,0.0010670926
260,124,0.00046339445
261,124,0.00032026414
262,124,0.00041447114
263,124,0.00028535444
264,124,0.0011371579
265,124,0.00072748866
266,124,0.0007027695
267,124,0.0010457551
268,124,0.0005393252
269,124,0.0010011643
270,124,0.0005588122
271,124,0.0007149633
272,124,0.00034050364
273,124,0.00056351814
274,124,0.0006265668
275,124,0.0004977854
276,124,0.00060622767
277,124,0.00014038011
278,124,
279,124,0.00094950665
280,124,
281,124,
282,124,-9.107962e-05
283,124,
284,124,0.00028140564
285,124,
286,124,
287,124,
288,124,
289,124,
290,124,0.00091925915
291,124,0.0013126964
292,124,0.00043721683
293,124,0.00032211095
294,124,0.00012120884
295,124,0.0002741944
296,124,0.0002682712
297,124,0.0010531759
298,124,0.0005113203
299,124,0.0011065844
300,124,0.0005660029
301,124,0.0007110853
302,124,0.00045940373
303,124,0.0009220345
304,124,0.0009840503
305,124,0.00042156037
306,124,0.0006120363
307,124,0.00097533036
308,124,0.0010291506
309,124,0.0010537691
310,124,0.00019938592
311,124,0.00065376237
312,124,0.000763108
313,124,0.0007326491
314,124,0.0011117756
315,124,0.00053270813
316,124,0.001082792
317,124,0.00068998244
318,124,0.00029045343
319,124,0.0004401449
320,124,0.00024965033
321,124,0.0009793146
322,124,0.000780195
323,124,0.0006381562
324,124,0.00059133116
325,124,0.0006722482
326,124,0.0008259127
327,124,0.00046580937
328,124,0.00043441635
329,124,0.00014969893
330,124,-5.4380856e-05
331,124,0.00059698895
332,124,0.00027746335
333,124,0.00022714306
334,124,-0.00023036823
335,124,-0.00016599894
336,124,0.0010487679
337,124,0.00035851263
338,124,0.0005106628
339,124,-9.725429e-05
340,124,0.00068064313
341,124,0.0010930849
342,124,9.517558e-05
343,124,0.00023262296
344,124,0.00089831
345,124,0.00082938373
346,124,0.00011882279
347,124,
348,124,
349,124,
350,124,
351,124,
352,124,
353,124,0.00022274815
354,124,
355,124,0.0004621381
356,124,0.00035499875
357,124,0.000461624
358,124,0.000992287
359,124,0.00021834206
360,124,0.000844148
361,124,-0.0003668461
362,124,0.00015901867
363,124,0.00057706423
364,124,0.00020846073
365,124,0.00013133138
366,124,0.0007692287
367,124,0.0007769093
368,124,0.0002537109
369,124,4.546717e-06
370,124,0.00073495787
371,124,0.000672441
372,124,-7.503666e-06
373,124,0.000673756
374,124,0.00054192543
375,124,0.00010347739
376,124,0.0010878732
377,124,-2.792012e-05
378,124,0.0006465316
379,124,0.0003055809
380,124,0.0002829386
381,124,0.0006797258
382,124,0.00039703026
383,124,0.0010965075
384,124,0.0006530499
385,124,0.0006774599
386,124,0.00054201484
387,124,0.0009769518
388,124,-2.9259361e-05
389,124,0.00044449512
390,124,0.0007322598
391,124,0.0006554667
392,124,0.0005075978
393,124,0.000536032
394,124,0.00071353745
395,124,0.0006025592
396,124,0.0005580364
397,124,0.0006833449
398,124,0.00059632864
399,124,0.00042554736
400,124,0.0005039666
401,124,0.0004068613
402,124,0.0004499238
403,124,0.0004918827
404,124,0.0008207895
405,124,0.0008998215
406,124,0.00012881868
407,124,0.0006939741
408,124,0.0009968877
409,124,0.00046307966
410,124,0.00087478943
411,124,0.00083728414
412,124,0.00047777314
413,124,0.00027350616
414,124,0.0007841401
415,124,0.0004249895
416,124,0.00019734073
417,124,0.0005541984
418,124,0.0003750911
419,124,0.00010403618
420,124,0.00047876872
421,124,0.0009681424
422,124,3.9535575e-05
423,124,0.0006451253
424,124,0.00014857389
425,124,0.00050565694
426,124,0.00011540111
427,124,0.00044353865
428,124,0.0005892115
429,124,0.00041421503
430,124,0.00092379656
431,124,0.00050718617
432,124,0.0003819596
433,124,0.0007256875
434,124,0.00045371056
435,124,0.0001454074
436,124,0.0004081754
437,124,0.00014141947
438,124,0.00038514007
439,124,0.00045715272
440,124,0.00071518496
441,124,0.00087621715
442,124,0.00037335698
443,124,0.0010017101
444,124,0.0005704835
445,124,-0.00018467288
446,124,-9.1927126e-05
447,124,0.00070412084
448,124,0.0007101018
449,124,0.00016028713
450,124,-1.4155172e-05
451,124,0.0003054766
452,124,0.00016334467
453,124,0.00053824764
454,124,0.0007534325
455,124,0.0002498813
456,124,0.0010059848
457,124,0.0007561436
458,124,2.5199726e-05
459,124,0.00020894501
460,124,0.00087094866
461,124,0.00025139563
462,124,0.00027185958
463,124,0.00050028414
464,124,0.00040879752
465,124,0.0007852772
466,124,0.00038322434
467,124,0.00037057325
468,124,0.00067932624
469,124,0.00027442165
470,124,0.00052622054
471,124,0.0008218922
472,124,0.0010271119
473,124,-9.3553215e-05
474,124,0.00059044734
475,124,0.0010493575
476,124,0.00017755013
477,124,0.0010463651
478,124,0.00033738278
479,124,0.00077596866
480,124,0.0008698534
481,124,0.00045611244
482,124,0.00077131763
483,124,0.0003803335
484,124,0.0002247477
485,124,0.0010043178
486,124,0.0006688135
487,124,0.0006505884
488,124,0.00057083555
489,124,9.3137845e-05
490,124,0.00062437356
491,124,0.0006517172
492,124,0.0013008947
493,124,0.00020786654
494,124,0.000795112
0,125,0.0007829815
1,125,0.0006296355
2,125,0.00037076976
3,125,0.0008429894
4,125,0.000880437
5,125,0.000795342
6,125,0.00088027027
7,125,0.0008716164
8,125,0.0009537721
9,125,0.00073097926
10,125,0.0006035585
11,125,0.0007151542
12,125,0.0010276223
13,125,0.00048505142
14,125,0.0009396132
15,125,0.00058326684
16,125,0.00025478937
17,125,0.0003632391
18,125,0.0006165486
19,125,0.00043872
20,125,0.0008857865
21,125,0.0005840128
22,125,0.00094845705
23,125,0.00048338622
24,125,0.0006953301
25,125,0.0006744964
26,125,0.000926638
27,125,0.0003852304
28,125,0.0005916469
29,125,0.0007699672
30,125,0.0007466376
31,125,0.00061372574
32,125,0.0009012921
33,125,0.0010567
34,125,0.00094466005
35,125,0.0009753797
36,125,0.0010055285
37,125,0.0008630119
38,125,0.0011803182
39,125,0.0010654368
40,125,0.00034800917
41,125,0.00063535105
42,125,0.0014039949
43,125,0.00043694302
44,125,0.0005057445
45,125,0.00080357306
46,125,0.0008189911
47,125,0.00031047314
48,125,0.0007391544
49,125,0.0005954355
50,125,0.0010555573
51,125,0.00037318096
52,125,0.00042775553
53,125,0.0005787369
54,125,0.00067627616
55,125,0.0010840362
56,125,0.0009453092
57,125,0.0012711249
58,125,0.00051016733
59,125,0.0014129393
60,125,0.0011061439
61,125,0.0008020438
62,125,0.0005743271
63,125,0.00045126397
64,125,
65,125,
66,125,
67,125,
68,125,
69,125,
70,125,
71,125,
72,125,0.0007610386
73,125,0.0005429778
74,125,0.00028005522
75,125,
76,125,
77,125,0.0007879045
78,125,0.00035682134
79,125,0.000777998
80,125,8.9447014e-05
81,125,0.00041121244
82,125,0.0006163316
83,125,0.00076001324
84,125,0.0012884773
85,125,0.000118425116
86,125,0.0003957823
87,125,0.0009432044
88,125,-0.00011186022
89,125,0.00065787137
90,125,0.00093210954
91,125,0.0011081342
92,125,0.0007608682
93,125,0.00062163454
94,125,0.00067455694
95,125,0.00076962635
96,125,0.00031745527
97,125,0.00055544544
98,125,0.00028317142
99,125,0.00041188486
100,125,0.00036301743
101,125,4.2571686e-05
102,125,0.0003201645
103,125,0.0004119156
104,125,0.00039898697
105,125,0.0006229356
106,125,0.000387392
107,125,0.0004890766
108,125,0.0009357389
109,125,0.0006099101
110,125,0.00046666712
111,125,0.0004924601
112,125,0.00029792823
113,125,0.00048576668
114,125,0.00023784861
115,125,0.00054177456
116,125,0.00029269513
117,125,0.00024834182
118,125,0.00067169033
119,125,0.0008154828
120,125,0.0006738249
121,125,0.00046147034
122,125,0.0007110797
123,125,
124,125,
125,125,0.00026466418
126,125,0.0008703163
127,125,0.0007099435
128,125,
129,125,0.00024877675
130,125,0.00031716377
131,125,0.0003991453
132,125,0.00036365446
133,125,0.00075914897
134,125,7.267948e-05
135,125,0.0008453699
136,125,0.00032969378
137,125,0.0004814295
138,125,0.0007530255
139,125,0.0009192163
140,125,0.0005127555
141,125,0.00035919156
142,125,0.00037407968
143,125,0.00055453554
144,125,0.0007476248
145,125,0.000648858
146,125,0.0006229859
147,125,0.0003309343
148,125,0.00050685275
149,125,0.000743472
150,125,0.00093109254
151,125,0.00059315935
152,125,0.00093725044
153,125,0.00079826266
154,125,0.00024466217
155,125,0.0005937293
156,125,0.00058145355
157,125,0.00070201326
158,125,-0.00032729283
159,125,0.00025503617
160,125,0.00067753065
161,125,0.0004653586
162,125,0.00056134164
163,125,0.00039327797
164,125,0.0005959626
165,125,0.00061596
166,125,0.00036351476
167,125,0.00054626353
168,125,0.0004490055
169,125,0.0005407408
170,125,0.0006230604
171,125,0.00082468335
172,125,0.00040445197
173,125,-1.6514212e-05
174,125,0.00041460618
175,125,0.0005778391
176,125,0.0008211378
177,125,0.0007436266
178,125,-5.469937e-05
179,125,0.0005148854
180,125,0.00045630056
181,125,0.0005668951
182,125,0.0008371137
183,125,0.00030133873
184,125,0.00044709072
185,125,0.00045511592
186,125,0.00060629845
187,125,0.0006668512
188,125,0.00037683733
189,125,0.0004939027
190,125,0.0006755842
191,125,0.00071482453
192,125,0.0007999968
193,125,0.00022487715
194,125,0.0007645525
195,125,0.00074076187
196,125,0.0010973942
197,125,0.0005354034
198,125,0.0003938554
199,125,0.00037449505
200,125,0.0007069893
201,125,0.0007324843
202,125,0.0009987745
203,125,0.00065844506
204,125,0.00081668794
205,125,0.00041110814
206,125,0.0003856104
207,125,0.0005821157
208,125,0.0004188409
209,125,0.000104009174
210,125,0.00085146446
211,125,0.00032364018
212,125,0.000346642
213,125,0.00032252353
214,125,0.00044549163
215,125,0.00078052096
216,125,0.00042643212
217,125,0.0005159788
218,125,0.0002993513
219,125,0.00051729754
220,125,0.0003814269
221,125,-8.328259e-05
222,125,0.00043480843
223,125,1.2747943e-05
224,125,-1.0167249e-05
225,125,0.0008440316
226,125,0.0003692247
227,125,3.5577454e-05
228,125,0.0008810209
229,125,0.00075251795
230,125,0.00026250072
231,125,0.00018611178
232,125,0.000326626
233,125,0.00023801252
234,125,2.5742687e-05
235,125,0.00060818344
236,125,0.00024799816
237,125,0.0004634317
238,125,0.0003987411
239,125,0.00025733374
240,125,0.00024107285
241,125,0.00034289528
242,125,0.00011971872
243,125,1.6185455e-05
244,125,0.00043925457
245,125,0.0006314814
246,125,0.00077777356
247,125,0.0003149677
248,125,0.0008223979
249,125,0.000677621
250,125,0.00083085056
251,125,0.00049567875
252,125,0.00070308894
253,125,0.00041305553
254,125,0.00075380877
255,125,0.00058131106
256,125,0.0009008553
257,125,0.0006327005
258,125,7.1083196e-05
259,125,0.0004006792
260,125,0.0005464796
261,125,0.000100108795
262,125,0.0008623265
263,125,0.00064096507
264,125,0.000586858
265,125,0.0007073963
266,125,0.00067287404
267,125,0.0009671515
268,125,0.000796332
269,125,0.00069222786
270,125,0.0005613882
271,125,0.0007071337
272,125,0.00082643423
273,125,2.9966235e-05
274,125,0.00095322356
275,125,0.0009014029
276,125,
277,125,
278,125,
279,125,0.0012512794
280,125,
281,125,
282,125,
283,125,0.0003004186
284,125,
285,125,
286,125,0.0013147742
287,125,
288,125,
289,125,0.00072692893
290,125,0.00074392464
291,125,0.00025099237
292,125,0.00038013794
293,125,0.0012540948
294,125,0.0007208036
295,125,0.0006205607
296,125,0.0010983786
297,125,0.00061605405
298,125,0.000833462
299,125,0.0008773459
300,125,0.001092691
301,125,0.0006904304
302,125,0.00022843294
303,125,0.00020580366
304,125,0.00053951424
305,125,0.00062732026
306,125,0.00073105097
307,125,0.0006881729
308,125,0.000354331
309,125,0.0005042795
310,125,0.0007392522
311,125,0.00071637705
312,125,0.00040233415
313,125,0.00055666827
314,125,0.00050179474
315,125,0.0004604645
316,125,0.00093703624
317,125,0.000532154
318,125,0.0006038677
319,125,0.0007079495
320,125,0.00074814074
321,125,0.0006916756
322,125,0.00056989584
323,125,0.00061728805
324,125,0.00076733995
325,125,0.00075850356
326,125,0.00059490744
327,125,0.0009464659
328,125,0.0009830818
329,125,9.386707e-05
330,125,0.00061566103
331,125,0.00045937207
332,125,0.00095135253
333,125,9.698607e-05
334,125,0.00027523935
335,125,0.00018401258
336,125,0.00019045919
337,125,0.00073656905
338,125,0.00037705246
339,125,0.0007318361
340,125,0.00012408476
341,125,0.00038736872
342,125,0.00032228883
343,125,-9.795651e-06
344,125,-0.00022486784
345,125,0.0010828003
346,125,0.0009957859
347,125,0.00036699325
348,125,
349,125,
350,125,0.00093453564
351,125,
352,125,
353,125,2.5535002e-05
354,125,0.00039092172
355,125,-0.000242576
356,125,0.00018486194
357,125,0.0004053479
358,125,0.00020198338
359,125,0.00077410135
360,125,0.0011078222
361,125,0.00025607087
362,125,0.00056327693
363,125,8.299481e-05
364,125,0.000753534
365,125,0.00034176558
366,125,0.0002727611
367,125,0.00082122255
368,125,0.00057315174
369,125,0.0010421472
370,125,0.00062849186
371,125,0.0003049802
372,125,0.00011251494
373,125,0.0005674567
374,125,0.00050969236
375,125,0.00091864914
376,125,0.00026526581
377,125,0.0006116759
378,125,0.00035630818
379,125,0.00088570267
380,125,0.00012513343
381,125,3.322959e-06
382,125,0.00042994693
383,125,0.00087352283
384,125,0.0006905012
385,125,0.0008208677
386,125,0.0007848274
387,125,0.00068751257
388,125,0.00084894896
389,125,0.0009425739
390,125,0.0002942467
391,125,0.0008568615
392,125,0.00084182713
393,125,0.0007640254
394,125,0.00039922446
395,125,0.00045663305
396,125,0.0006465912
397,125,0.0004921593
398,125,0.0005019773
399,125,0.0004481282
400,125,0.00029742904
401,125,0.0004563164
402,125,6.2625855e-05
403,125,-0.00012822635
404,125,0.0002218401
405,125,0.0007875124
406,125,0.00088464655
407,125,0.0010012984
408,125,0.00018610712
409,125,0.0007476341
410,125,0.0002394449
411,125,-0.00015315786
412,125,0.00078403857
413,125,3.262423e-05
414,125,0.00039014127
415,125,0.00013553444
416,125,-0.00011253916
417,125,0.0009927554
418,125,0.0005801935
419,125,0.00073914975
420,125,0.00051976927
421,125,0.00041677244
422,125,0.00015595183
423,125,0.0012086667
424,125,0.0010797465
425,125,0.00040295254
426,125,0.00070857443
427,125,0.00045331195
428,125,0.00034255814
429,125,7.916242e-05
430,125,0.0005111303
431,125,0.00074491836
432,125,0.0005931491
433,125,0.00060783233
434,125,0.0004843045
435,125,0.00070992764
436,125,0.0012270352
437,125,0.00038755592
438,125,0.0005563721
439,125,0.00069006905
440,125,0.0008241683
441,125,0.0011644848
442,125,0.0010063648
443,125,0.00038119592
444,125,0.00045238622
445,125,0.00016575307
446,125,0.00042151008
447,125,0.00070227217
448,125,0.00045225676
449,125,0.00033290498
450,125,0.0011028294
451,125,0.0009928737
452,125,0.00094607286
453,125,0.00072138384
454,125,0.0009405967
455,125,0.000548088
456,125,0.0002772333
457,125,0.0006482918
458,125,8.0342405e-05
459,125,0.000764424
460,125,0.00047605205
461,125,0.00046609715
462,125,0.0007603271
463,125,2.3426488e-05
464,125,0.0008525979
465,125,0.00042253546
466,125,0.000269752
467,125,0.00042896345
468,125,0.000111664645
469,125,0.00066523626
470,125,0.00041752774
471,125,0.00057203136
472,125,0.00087988377
473,125,0.000916685
474,125,0.00015294366
475,125,0.0006465437
476,125,0.0005170945
477,125,0.0005054092
478,125,0.00038730912
479,125,0.00020328257
480,125,0.0001503732
481,125,0.00024708733
482,125,-0.00015196204
483,125,0.000309702
484,125,0.00063559506
485,125,0.00015221536
486,125,0.0009710686
487,125,0.0014495114
488,125,0.0005633924
489,125,0.00061961263
490,125,0.0009900928
491,125,1.8177554e-05
492,125,0.000824227
493,125,0.00025558006
494,125,0.00123847
0,126,0.00084149186
1,126,0.00016211066
2,126,0.00039050728
3,126,0.00038383715
4,126,0.0010129483
5,126,0.00039074663
6,126,0.0008298438
7,126,0.00066612754
8,126,0.0011287145
9,126,0.0008072313
10,126,0.0007111393
11,126,0.0006943885
12,126,0.00067800283
13,126,0.00030708592
14,126,0.00031120516
15,126,0.00044176728
16,126,0.0009768484
17,126,0.0005711233
18,126,0.0006925417
19,126,0.0006312672
20,126,0.00054444
21,126,0.0005905833
22,126,0.0012318827
23,126,0.0009139739
24,126,0.00043118838
25,126,0.0006803749
26,126,0.00074202754
27,126,0.00021328032
28,126,0.00076871086
29,126,0.00070882216
30,126,0.00052708667
31,126,0.000928496
32,126,0.0007798271
33,126,0.0006875703
34,126,0.0006492557
35,126,0.0013154475
36,126,0.00062591024
37,126,0.00065399054
38,126,0.0010129167
39,126,0.00091245957
40,126,0.001187359
41,126,0.00090572983
42,126,0.00091320556
43,126,0.0007681586
44,126,0.00090352725
45,126,0.00082031544
46,126,0.00082859304
47,126,0.0004759645
48,126,0.0009839721
49,126,0.0011156239
50,126,0.0012386618
51,126,0.0010744948
52,126,0.001429013
53,126,0.00015756954
54,126,0.00058110896
55,126,0.0010229191
56,126,0.001018458
57,126,0.0010206671
58,126,0.00073244236
59,126,0.00050578173
60,126,0.0013469364
61,126,0.0006914176
62,126,0.0007442739
63,126,0.00024917442
64,126,
65,126,
66,126,
67,126,
68,126,
69,126,
70,126,
71,126,
72,126,
73,126,0.0010154285
74,126,0.0012490572
75,126,
76,126,
77,126,
78,126,
79,126,0.0007377872
80,126,0.00033065304
81,126,0.0007381728
82,126,0.00067751016
83,126,0.00076820515
84,126,0.0003626207
85,126,0.00054377504
86,126,0.00039325003
87,126,0.0007150369
88,126,-0.00010126643
89,126,0.000313621
90,126,0.00047117658
91,126,0.00045761652
92,126,0.0011683824
93,126,0.00067125633
94,126,0.00045242067
95,126,0.0006268285
96,126,0.00024906918
97,126,0.0005237479
98,126,0.0007256223
99,126,0.0004070364
100,126,0.0010334151
101,126,0.0007960927
102,126,0.00054956693
103,126,0.00040745176
104,126,0.00079886895
105,126,0.0002100626
106,126,0.0005942695
107,126,0.00027488545
108,126,0.00036637112
109,126,0.0004629288
110,126,0.0005861828
111,126,0.00056227576
112,126,0.00047720503
113,126,0.00059855916
114,126,0.00054799765
115,126,0.00044780225
116,126,0.0007912647
117,126,0.0007617837
118,126,4.931446e-05
119,126,-2.3539178e-05
120,126,0.0005658679
121,126,-0.00017943792
122,126,0.00063932315
123,126,0.0002899738
124,126,0.00028490648
125,126,0.0003527468
126,126,0.00048265792
127,126,
128,126,
129,126,0.00046015903
130,126,-0.0001444593
131,126,0.00021504238
132,126,0.00064945314
133,126,0.0008863369
134,126,0.0009968113
135,126,0.001158475
136,126,0.00029769633
137,126,0.00066667143
138,126,0.00047089346
139,126,0.00024229009
140,126,0.00044434704
141,126,0.00050729234
142,126,0.00021013524
143,126,0.0007015411
144,126,0.00062720105
145,126,0.00035519246
146,126,0.00044608023
147,126,0.0007941462
148,126,0.00034826715
149,126,8.276664e-06
150,126,0.0005432917
151,126,0.000103502534
152,126,0.00073137507
153,126,0.00025786646
154,126,0.00096843764
155,126,0.00046275556
156,126,0.0005597118
157,126,0.00046408363
158,126,0.0004978897
159,126,0.00042787474
160,126,0.00046924874
161,126,0.00061567035
162,126,8.578226e-05
163,126,0.0007312475
164,126,0.00077550113
165,126,0.0003977921
166,126,0.00030604657
167,126,0.00036763214
168,126,0.0003912514
169,126,0.0003407756
170,126,0.00059430953
171,126,0.00049284846
172,126,0.00079011824
173,126,0.0007222118
174,126,0.00065211765
175,126,0.00057624653
176,126,0.00039906055
177,126,0.0006363103
178,126,-0.00031607132
179,126,0.00022660568
180,126,0.0008748388
181,126,0.00037228316
182,126,0.00065467134
183,126,0.0004039118
184,126,0.0007766597
185,126,0.0003773924
186,126,0.00039201975
187,126,0.0005393028
188,126,0.00060758647
189,126,0.0006162133
190,126,0.00031318702
191,126,0.0001362767
192,126,0.00048702396
193,126,0.00054728426
194,126,0.00079699606
195,126,0.00060358364
196,126,0.00050673634
197,126,0.00032206904
198,126,0.00061302725
199,126,0.00083594397
200,126,0.000489763
201,126,0.00040754676
202,126,0.00035881158
203,126,0.00069179013
204,126,0.00046260376
205,126,0.0008909069
206,126,0.00038499478
207,126,0.00044767652
208,126,0.00043735374
209,126,0.00064914674
210,126,0.00089852326
211,126,0.0007178774
212,126,7.767137e-05
213,126,0.00020813756
214,126,0.00011486653
215,126,0.0002627978
216,126,0.000585448
217,126,0.00011450518
218,126,0.0006457418
219,126,0.0001440486
220,126,-0.0007630987
221,126,-2.2510998e-05
222,126,0.00028964318
223,126,0.00033185352
224,126,0.000778391
225,126,0.0009548748
226,126,0.0003740443
227,126,0.0006603934
228,126,0.00037305243
229,126,0.0009530075
230,126,0.00050153583
231,126,0.0004996937
232,126,0.00016559288
233,126,0.0004824698
234,126,0.00031290203
235,126,0.00066384394
236,126,0.00018353388
237,126,0.0006357748
238,126,0.00014910195
239,126,0.00022468437
240,126,0.0007707989
241,126,0.00023037754
242,126,0.000652357
243,126,0.0002378244
244,126,0.00050954614
245,126,0.00037888438
246,126,0.0006770985
247,126,0.00032657292
248,126,0.000810992
249,126,0.00040337536
250,126,0.00044547487
251,126,0.00047095586
252,126,0.0004618233
253,126,0.0010303259
254,126,5.0071627e-05
255,126,0.000706343
256,126,0.00021336228
257,126,0.0006886609
258,126,0.00024001114
259,126,0.0012042914
260,126,0.0008817073
261,126,0.0008987943
262,126,0.00018101837
263,126,0.00014587492
264,126,0.00088340975
265,126,0.0011684131
266,126,0.0007749656
267,126,0.0005364865
268,126,0.00040378422
269,126,0.00024229102
270,126,0.0003716657
271,126,0.0005677743
272,126,0.0005551856
273,126,0.00062581804
274,126,0.0006439332
275,126,
276,126,
277,126,0.00053470023
278,126,
279,126,0.0011160746
280,126,
281,126,0.0009876387
282,126,0.001014919
283,126,
284,126,
285,126,
286,126,0.0011069868
287,126,
288,126,
289,126,
290,126,1.2959354e-05
291,126,
292,126,0.00093356334
293,126,0.0002634637
294,126,0.000431302
295,126,5.0265342e-05
296,126,0.00095918216
297,126,0.00038936269
298,126,0.0005292306
299,126,0.00064018276
300,126,0.0007208679
301,126,0.0011830125
302,126,0.0004164446
303,126,0.00031031482
304,126,0.0007154783
305,126,0.00070206076
306,126,0.00081805605
307,126,0.0008999314
308,126,0.00052298326
309,126,0.0006681401
310,126,0.00089353975
311,126,0.00086784083
312,126,0.00058547314
313,126,0.00042901188
314,126,0.00063441135
315,126,0.0006413162
316,126,0.000649089
317,126,0.0006536748
318,126,0.00057727844
319,126,0.0007756101
320,126,0.00095755886
321,126,0.00052746385
322,126,0.00072577223
323,126,0.0010874057
324,126,0.00036701
325,126,0.0005052518
326,126,0.00079086237
327,126,0.0005916925
328,126,0.00058404915
329,126,0.00055352505
330,126,0.0006191544
331,126,0.00016158633
332,126,0.000795383
333,126,0.0008404972
334,126,0.00045306236
335,126,0.00063139014
336,126,-0.00024455134
337,126,0.0002476815
338,126,0.0006714575
339,126,0.0005399985
340,126,0.00068733934
341,126,0.00039234478
342,126,0.00033829547
343,126,0.001073312
344,126,0.00027245097
345,126,0.00092115253
346,126,0.00088591967
347,126,0.0004529683
348,126,0.0005630106
349,126,
350,126,
351,126,0.0011382429
352,126,0.00039359462
353,126,0.0001568161
354,126,0.00024152733
355,126,0.0006018244
356,126,-0.00023749657
357,126,0.0003448082
358,126,0.0009823507
359,126,0.0008213613
360,126,0.0007816935
361,126,0.0003990624
362,126,0.00027357694
363,126,0.00087790843
364,126,0.0006010486
365,126,0.000668684
366,126,0.00087801646
367,126,0.00070400536
368,126,0.00061834976
369,126,0.0004658457
370,126,0.00060596224
371,126,0.00085685495
372,126,-1.45006925e-05
373,126,0.0003753556
374,126,0.0009511169
375,126,0.00016156491
376,126,0.00050367415
377,126,0.0001257481
378,126,0.00049092714
379,126,0.0007622
380,126,0.0006831996
381,126,0.0007577222
382,126,0.00037798285
383,126,0.00015703682
384,126,0.0010988778
385,126,0.00044843927
386,126,0.0006186953
387,126,0.0010542311
388,126,0.00044056773
389,126,0.00048086513
390,126,0.0009015929
391,126,0.00047671795
392,126,0.00039113872
393,126,0.0003292635
394,126,0.000266904
395,126,0.00074198656
396,126,8.037686e-05
397,126,0.00038857944
398,126,0.00064999796
399,126,6.981194e-05
400,126,0.00036848988
401,126,0.00045289565
402,126,0.00038199686
403,126,0.0005063955
404,126,0.00045029633
405,126,0.00027099065
406,126,0.0006823698
407,126,0.00037875492
408,126,0.00046294555
409,126,0.0004701307
410,126,0.00063531287
411,126,0.0008089505
412,126,0.00027427822
413,126,0.000401875
414,126,0.0005534915
415,126,0.0006498387
416,126,0.00080335606
417,126,0.00026235543
418,126,0.0005554436
419,126,0.0005702935
420,126,0.00047703926
421,126,3.427267e-07
422,126,0.0003861999
423,126,0.00021004677
424,126,0.00018589571
425,126,0.00021343213
426,126,1.5398487e-05
427,126,0.00020473078
428,126,-0.00014871825
429,126,0.0008244924
430,126,0.00051337946
431,126,0.00018338393
432,126,0.00082099065
433,126,0.00026272237
434,126,0.0003605932
435,126,0.00031676143
436,126,0.0007733358
437,126,0.00076572876
438,126,0.0001505483
439,126,0.0010946877
440,126,0.00096744765
441,126,0.00054133683
442,126,0.00034757797
443,126,0.0010742713
444,126,0.0011141561
445,126,0.00079159066
446,126,0.0005635945
447,126,0.00013747718
448,126,0.00022333767
449,126,0.0007230621
450,126,0.00097286794
451,126,0.00027877092
452,126,0.00042216852
453,126,0.0007631667
454,126,0.00033216178
455,126,0.00028814096
456,126,0.0006488431
457,126,0.00022084359
458,126,0.0004781494
459,126,0.00061842613
460,126,0.000668888
461,126,0.0008673286
462,126,0.00039375015
463,126,0.000801282
464,126,0.0007397374
465,126,0.00057624653
466,126,0.00047553517
467,126,-0.00013588555
468,126,0.0012393454
469,126,1.6662292e-05
470,126,0.0014955383
471,126,0.00034335256
472,126,0.00039496645
473,126,0.00045045186
474,126,0.00019672886
475,126,0.0006341208
476,126,0.00067500025
477,126,0.00018396787
478,126,0.0006718887
479,126,0.0003623357
480,126,0.0011002896
481,126,0.00042803958
482,126,0.0006431276
483,126,0.0006538695
484,126,0.00050705764
485,126,0.00024181604
486,126,0.00069602765
487,126,0.0006055031
488,126,0.00046797097
489,126,0.0007345788
490,126,0.0007326398
491,126,0.0010560062
492,126,0.0011562696
493,126,0.000350927
494,126,0.00052262656
0,127,0.0010585636
1,127,0.0008519795
2,127,0.0006429292
3,127,0.0005380707
4,127,0.00077471416
5,127,0.00061587244
6,127,0.00093857944
7,127,0.0007214043
8,127,0.0011262391
9,127,0.0008156244
10,127,0.0008575842
11,127,0.00082022324
12,127,0.000374577
13,127,0.00037639216
14,127,0.00054072496
15,127,0.0009395955
16,127,0.00056774914
17,127,0.00057992805
18,127,0.0010391688
19,127,0.0009326562
20,127,0.0005274182
21,127,0.00063250214
22,127,0.00058276486
23,127,0.00066911615
24,127,0.00078744534
25,127,0.0005121408
26,127,0.0003569657
27,127,0.0007760301
28,127,0.00074374303
29,127,0.0009525949
30,127,0.0013698377
31,127,0.0006468734
32,127,0.0012092451
33,127,0.0012639603
34,127,0.0013812194
35,127,0.0011960343
36,127,0.001180375
37,127,0.0009449031
38,127,0.00031822175
39,127,0.0009792577
40,127,0.00043423753
41,127,0.0013770331
42,127,0.00024941843
43,127,0.0012016539
44,127,0.0008299202
45,127,0.00090365857
46,127,0.0008036792
47,127,0.00036024675
48,127,0.00083906576
49,127,0.0005662609
50,127,0.0012981817
51,127,0.0007692091
52,127,0.0011267373
53,127,0.0009431876
54,127,0.0012669312
55,127,0.0012359833
56,127,0.0010111146
57,127,0.0013027657
58,127,0.0012336029
59,127,0.0008994527
60,127,0.0011857003
61,127,0.0006297631
62,127,0.0006994922
63,127,0.0007922845
64,127,
65,127,
66,127,
67,127,
68,127,
69,127,
70,127,
71,127,
72,127,0.00080464315
73,127,0.00059149694
74,127,0.000974915
75,127,
76,127,
77,127,
78,127,
79,127,
80,127,6.176531e-05
81,127,0.0009230608
82,127,0.001290841
83,127,0.00045008957
84,127,0.0008679163
85,127,0.00092132017
86,127,0.0005911598
87,127,0.0010036035
88,127,0.00048471615
89,127,0.0007831324
90,127,0.0007630326
91,127,-6.4583495e-05
92,127,0.00063931383
93,127,0.00050761085
94,127,0.00049221236
95,127,0.000647163
96,127,-0.00015045796
97,127,0.0005339226
98,127,0.0006083362
99,127,0.0005098302
100,127,0.0011117645
101,127,0.0007822104
102,127,0.00037092716
103,127,0.000503554
104,127,0.00069347955
105,127,0.00041875243
106,127,0.00021949597
107,127,0.00024867803
108,127,0.00032167137
109,127,0.000989425
110,127,0.00068547484
111,127,0.00039205793
112,127,0.00046798587
113,127,0.0004903367
114,127,0.00093773473
115,127,0.0005700784
116,127,0.0001581097
117,127,0.0009607617
118,127,0.0005147038
119,127,0.00021646358
120,127,0.0002446212
121,127,0.00051156245
122,127,0.00085942075
123,127,0.0008284282
124,127,0.0006114235
125,127,0.0008984767
126,127,
127,127,
128,127,0.00093192887
129,127,0.0007767081
130,127,0.0006185649
131,127,0.0008895509
132,127,0.0008217022
133,127,0.00061581656
134,127,0.0006031953
135,127,0.00064001605
136,127,0.0008768132
137,127,0.0004122369
138,127,0.00073634554
139,127,0.00067852903
140,127,0.00027082395
141,127,0.00049419235
142,127,0.0006516874
143,127,0.00041112676
144,127,0.0008181296
145,127,0.00013273489
146,127,0.00064819586
147,127,0.000823725
148,127,0.00032409653
149,127,0.00063260365
150,127,0.0007569371
151,127,0.0003885515
152,127,0.00071116164
153,127,0.00041097682
154,127,0.0005875081
155,127,0.00063881185
156,127,0.0007056929
157,127,0.0005288301
158,127,0.0006681662
159,127,0.0008475026
160,127,0.0004820805
161,127,0.000665403
162,127,0.00031866413
163,127,0.0007193638
164,127,0.0006023478
165,127,0.0006575957
166,127,0.0006042728
167,127,0.0006948607
168,127,0.00083525665
169,127,0.0009699799
170,127,0.00020352378
171,127,0.00030791108
172,127,0.000748951
173,127,0.0008936832
174,127,0.0006506471
175,127,0.0005164398
176,127,0.0011371877
177,127,0.00040854234
178,127,0.00058545545
179,127,0.00043884572
180,127,0.0005328851
181,127,0.00042684656
182,127,8.253008e-05
183,127,0.00067969784
184,127,0.00030235946
185,127,0.00023641624
186,127,0.00067179557
187,127,0.00037982874
188,127,0.0006764103
189,127,0.00060105603
190,127,0.00015219487
191,127,0.00034854747
192,127,0.00046844315
193,127,0.00056308694
194,127,0.0010320907
195,127,0.0007121172
196,127,0.0006163921
197,127,0.00041614845
198,127,0.0004066201
199,127,0.0006655101
200,127,0.00071037933
201,127,0.0007467456
202,127,0.0008281134
203,127,0.00015778467
204,127,0.00049285777
205,127,0.0006258935
206,127,0.00082627684
207,127,0.00057813525
208,127,0.0009047594
209,127,0.00020950567
210,127,0.00073941424
211,127,0.00018121209
212,127,0.00074033346
213,127,0.000971701
214,127,0.00045801606
215,127,5.862955e-05
216,127,0.0007773256
217,127,-5.8415346e-05
218,127,0.00021873415
219,127,0.00036518928
220,127,0.00054863375
221,127,0.00062098354
222,127,0.0006294586
223,127,-6.994512e-05
224,127,0.0004887935
225,127,0.0005504284
226,127,0.0003645122
227,127,0.00045091752
228,127,0.00019260403
229,127,0.00015276857
230,127,0.00032109767
231,127,0.0005631922
232,127,0.0006332882
233,127,0.0006506052
234,127,0.00019362848
235,127,0.00067442283
236,127,0.0002712598
237,127,0.00031704456
238,127,0.00046454836
239,127,0.00024158228
240,127,0.00027689245
241,127,0.00048383605
242,127,0.00036508404
243,127,0.00064126495
244,127,0.000430868
245,127,0.00050422736
246,127,0.00084622856
247,127,0.00089270994
248,127,0.0006338004
249,127,0.0011702906
250,127,0.0005589789
251,127,0.00056168996
252,127,0.00023632497
253,127,0.00026264414
254,127,0.00074360706
255,127,2.482254e-05
256,127,0.0012113806
257,127,-0.000112862326
258,127,0.00025623664
259,127,0.00033440348
260,127,0.00038113445
261,127,0.00041238964
262,127,0.00091265514
263,127,9.5960684e-05
264,127,0.0006533591
265,127,0.00047495775
266,127,0.001008233
267,127,0.0004688017
268,127,0.0009017419
269,127,0.000638837
270,127,0.0005986523
271,127,0.00018898863
272,127,0.00052147266
273,127,0.0007665418
274,127,0.0004964322
275,127,
276,127,
277,127,
278,127,
279,127,0.00045229215
280,127,
281,127,
282,127,
283,127,0.00060066767
284,127,0.0005599288
285,127,0.0009871395
286,127,0.0005002022
287,127,
288,127,
289,127,0.00045929104
290,127,0.00053746253
291,127,0.00068192
292,127,-0.00016694143
293,127,0.00055739563
294,127,0.00034100283
295,127,0.000123078
296,127,0.00080907345
297,127,0.00094081834
298,127,0.0011203634
299,127,0.0008971887
300,127,0.00062852073
301,127,0.00077185035
302,127,0.00049723964
303,127,0.00082634203
304,127,0.0008585965
305,127,0.0007162951
306,127,0.001033295
307,127,0.00027355738
308,127,0.00054287165
309,127,0.00050990935
310,127,0.00046908297
311,127,0.00064061955
312,127,0.0007187184
313,127,0.0007944759
314,127,0.0011860682
315,127,0.0007602675
316,127,0.0008313693
317,127,0.0003927946
318,127,0.0005837111
319,127,0.0007307865
320,127,0.00061213877
321,127,0.0005707564
322,127,0.0006322125
323,127,0.00083307736
324,127,0.0011011669
325,127,0.0006144382
326,127,0.00068934355
327,127,0.0009462461
328,127,0.00018842891
329,127,0.0004314799
330,127,0.00021471642
331,127,0.000891638
332,127,0.0006892001
333,127,0.00045897719
334,127,0.00046464987
335,127,0.00013331231
336,127,0.00041943043
337,127,0.00030940492
338,127,0.0007075183
339,127,0.00011042319
340,127,0.00037634373
341,127,0.0009831069
342,127,0.00071855634
343,127,0.0002218876
344,127,-0.00018574297
345,127,0.00059589
346,127,0.00088179857
347,127,0.0008044159
348,127,0.0002855435
349,127,
350,127,
351,127,
352,127,0.0011656424
353,127,
354,127,0.00092026964
355,127,0.00011740718
356,127,0.0006406382
357,127,0.00028725248
358,127,0.0009110868
359,127,0.00034771394
360,127,0.00017141644
361,127,0.00017488468
362,127,0.00032376125
363,127,0.00047632307
364,127,0.0006144941
365,127,0.00037081167
366,127,0.001036277
367,127,0.0012041666
368,127,0.00038984232
369,127,0.0011742068
370,127,0.0005729962
371,127,7.816963e-05
372,127,0.0006091939
373,127,0.00017135777
374,127,0.00023620669
375,127,0.0006561242
376,127,0.00062257424
377,127,0.00040106568
378,127,0.0006033629
379,127,0.0011498583
380,127,0.00054088794
381,127,0.0004201783
382,127,0.00045000855
383,127,0.0005379338
384,127,0.000629344
385,127,0.00037685037
386,127,0.0008629728
387,127,0.0005978178
388,127,0.000245329
389,127,0.00059549045
390,127,0.00038037729
391,127,0.0005309321
392,127,0.0008573588
393,127,0.000781226
394,127,0.0007069763
395,127,0.0005273428
396,127,0.0003675567
397,127,0.0003804313
398,127,0.0011128504
399,127,0.00077181496
400,127,0.00061985664
401,127,0.0005029077
402,127,0.0007343963
403,127,0.00046105403
404,127,0.0008485904
405,127,0.00050717406
406,127,0.0006670533
407,127,0.00050425716
408,127,0.0004613567
409,127,0.00050906
410,127,0.00034561567
411,127,0.0004963903
412,127,0.00070880353
413,127,0.0005795751
414,127,0.0007530004
415,127,0.00036487915
416,127,0.0005156016
417,127,0.0004759645
418,127,0.0004094988
419,127,0.00049987435
420,127,0.00061476976
421,127,0.00024007261
422,127,0.0009873025
423,127,0.0010726163
424,127,0.00070150197
425,127,-4.0780753e-05
426,127,0.00059834495
427,127,0.0004429333
428,127,0.0005359156
429,127,0.00038915966
430,127,0.0005075885
431,127,-5.61215e-06
432,127,0.00073752366
433,127,0.0007576011
434,127,0.0010233652
435,127,0.00036114268
436,127,0.00063466
437,127,0.00037361588
438,127,0.0008608643
439,127,0.0006885538
440,127,0.00021947827
441,127,0.00013897195
442,127,0.0008964697
443,127,6.863661e-05
444,127,0.00085753296
445,127,0.00017554127
446,127,0.00039988197
447,127,0.0005787201
448,127,0.0006084107
449,127,0.00060495175
450,127,0.00049906597
451,127,0.00040249806
452,127,0.00013909955
453,127,0.0006559957
454,127,0.0006973706
455,127,9.073317e-05
456,127,0.00026804768
457,127,0.001132207
458,127,0.00086465105
459,127,0.00047168136
460,127,0.0010227524
461,127,0.00105034
462,127,5.872175e-05
463,127,0.00024882052
464,127,0.00040459074
465,127,0.00079418905
466,127,0.0003624009
467,127,0.0005399436
468,127,0.00062225945
469,127,0.00082812086
470,127,0.00053771865
471,127,0.00038826372
472,127,0.00018473063
473,127,0.0004118355
474,127,0.00078490935
475,127,0.00067434274
476,127,0.0004555229
477,127,0.0002699811
478,127,0.00072479714
479,127,0.00087753776
480,127,0.0007976927
481,127,0.0005828701
482,127,0.00063122064
483,127,0.0005398616
484,127,0.00024271384
485,127,0.0006868467
486,127,0.0004530782
487,127,0.00028636865
488,127,0.00048972014
489,127,0.0009069694
490,127,0.0007228628
491,127,0.0010112124
492,127,0.00041585974
493,127,0.00040748995
494,127,0.0008582724
0,128,0.00036604144
1,128,0.00076395366
2,128,0.00057663675
3,128,0.0007002074
4,128,0.00041268673
5,128,0.0008507585
6,128,0.0008011153
7,128,0.00037733652
8,128,0.0007126443
9,128,0.00066224113
10,128,0.001168333
11,128,0.0010373723
12,128,0.00087255146
13,128,0.00057364535
14,128,0.0006106552
15,128,0.0011321269
16,128,0.00054119714
17,128,0.0008343421
18,128,0.0007454809
19,128,0.0003711097
20,128,0.00082588475
21,128,0.00045872573
22,128,0.00048808567
23,128,0.0007362049
24,128,0.0010422571
25,128,0.00022439566
26,128,0.00057985913
27,128,0.0006227307
28,128,0.0006798627
29,128,0.0010205116
30,128,0.00079438277
31,128,0.0006189244
32,128,0.0009365268
33,128,0.0009552408
34,128,0.0005816985
35,128,0.00074872933
36,128,0.0007291306
37,128,0.0010839328
38,128,0.0012237914
39,128,0.0011637695
40,128,0.0006523933
41,128,0.00086231064
42,128,0.0008601183
43,128,0.00097451266
44,128,0.00012681168
45,128,0.0010022623
46,128,0.00073528476
47,128,0.00067560095
48,128,0.0016544918
49,128,0.0006423425
50,128,0.00087326113
51,128,0.0011868961
52,128,0.0009772992
53,128,0.00084905233
54,128,0.0017249426
55,128,0.0011093849
56,128,0.0008616829
57,128,0.00083920266
58,128,0.0008903267
59,128,0.0012620715
60,128,0.0007144958
61,128,0.00091006514
62,128,0.0010159779
63,128,0.0007354673
64,128,
65,128,
66,128,
67,128,
68,128,
69,128,
70,128,
71,128,
72,128,0.0006894069
73,128,0.00088221114
74,128,
75,128,
76,128,
77,128,
78,128,0.0009800624
79,128,0.00068351906
80,128,0.0009212075
81,128,0.0005680481
82,128,0.0007153945
83,128,-4.8444606e-05
84,128,0.0011218851
85,128,0.0010918137
86,128,0.00046757143
87,128,0.0006647678
88,128,0.0008412348
89,128,0.0010218844
90,128,0.00063437317
91,128,0.00094431173
92,128,0.00067400467
93,128,0.0009765895
94,128,0.00036083907
95,128,0.00080546364
96,128,0.0006647408
97,128,0.00084609166
98,128,0.0006702151
99,128,0.0007762443
100,128,0.00076683797
101,128,0.00063784514
102,128,0.00034771487
103,128,0.00033078343
104,128,8.954946e-05
105,128,0.00030681957
106,128,0.00016905554
107,128,0.00067547336
108,128,0.00070253573
109,128,5.4985285e-06
110,128,0.00028696377
111,128,0.0005921172
112,128,0.0003404282
113,128,0.0002417285
114,128,0.00051802956
115,128,0.0011112364
116,128,0.0007861499
117,128,0.0009009037
118,128,0.00020914059
119,128,0.00076135714
120,128,0.00030543003
121,128,0.00019318797
122,128,0.00012237113
123,128,0.000908426
124,128,0.0007184567
125,128,0.00056794565
126,128,0.00065513793
127,128,0.00055886805
128,128,
129,128,0.00075261574
130,128,0.0008221967
131,128,0.0003957851
132,128,0.00087420736
133,128,0.0002970975
134,128,0.00049276184
135,128,0.00083617587
136,128,0.00023974758
137,128,0.0006128885
138,128,6.330758e-05
139,128,0.0007700352
140,128,0.00064706523
141,128,0.00042193942
142,128,0.00057609845
143,128,0.00029312633
144,128,0.00012329035
145,128,-4.061591e-05
146,128,0.00048827752
147,128,0.00054449495
148,128,0.00040039793
149,128,0.00028809905
150,128,0.00040316675
151,128,0.00033560395
152,128,0.0006680554
153,128,0.00028974656
154,128,0.00043601263
155,128,0.0008424325
156,128,0.0008600522
157,128,0.0003281925
158,128,0.00038160477
159,128,0.0010064514
160,128,0.0005641291
161,128,0.00064710807
162,128,0.00073541235
163,128,0.00038697384
164,128,0.0009700889
165,128,0.00046999007
166,128,0.00012378208
167,128,0.0004875604
168,128,0.00013623107
169,128,0.0005681496
170,128,0.00074536167
171,128,0.0005307216
172,128,3.3086166e-05
173,128,0.0006092703
174,128,0.0006182771
175,128,0.00045043603
176,128,2.5928952e-05
177,128,0.0005406616
178,128,0.0008094916
179,128,7.748231e-05
180,128,0.00024240185
181,128,0.0009009056
182,128,0.00042869523
183,128,0.00065106526
184,128,0.00016605109
185,128,0.0007612854
186,128,0.0006006453
187,128,0.0005029263
188,128,0.0008584354
189,128,0.0009736018
190,128,0.0006235996
191,128,0.00037122052
192,128,0.00010254979
193,128,0.0003217887
194,128,0.00033419393
195,128,0.00078504253
196,128,0.000576701
197,128,0.0006555151
198,128,0.0005218899
199,128,0.00013736356
200,128,0.00076168496
201,128,0.00040779728
202,128,0.00043600053
203,128,0.00032776222
204,128,5.990267e-06
205,128,0.00037893467
206,128,0.00089600496
207,128,0.00060243905
208,128,0.0002517067
209,128,3.4663826e-06
210,128,0.0004501259
211,128,0.00027256645
212,128,0.00017055776
213,128,0.00028707273
214,128,5.1254407e-05
215,128,0.0007525366
216,128,0.0007552635
217,128,-2.8052367e-05
218,128,0.0004607085
219,128,0.0003068857
220,128,0.0009857956
221,128,0.00044398382
222,128,0.00027486123
223,128,0.0006089667
224,128,0.00037259515
225,128,0.00023335591
226,128,0.0002193395
227,128,0.00015209429
228,128,0.0003103912
229,128,0.0010490883
230,128,0.00037984736
231,128,0.00033360813
232,128,0.0003830241
233,128,0.000623879
234,128,0.0004144609
235,128,8.422136e-05
236,128,0.00065061264
237,128,0.0007638773
238,128,0.000120945275
239,128,0.000308224
240,128,0.00085635856
241,128,0.0001810966
242,128,0.0002506096
243,128,0.00082905125
244,128,0.00096414145
245,128,0.00039038248
246,128,0.0004257867
247,128,0.0009066453
248,128,0.00063404907
249,128,9.0877526e-05
250,128,0.00034554116
251,128,0.0007575648
252,128,0.0005370192
253,128,0.00015309174
254,128,0.00064539444
255,128,0.0006264774
256,128,0.00081821065
257,128,0.00021373667
258,128,0.0004132837
259,128,0.0008597141
260,128,0.00049216393
261,128,0.0005417792
262,128,0.00079119485
263,128,0.0006566355
264,128,0.00038808398
265,128,0.0005110381
266,128,0.0006046891
267,128,0.00039563514
268,128,0.00058085844
269,128,0.0007425714
270,128,0.0007274719
271,128,0.0010373611
272,128,0.0005889265
273,128,-0.0002296865
274,128,0.00016247015
275,128,
276,128,
277,128,
278,128,
279,128,
280,128,0.00058604963
281,128,0.00044895336
282,128,0.00064025074
283,128,0.00073962845
284,128,0.0010582535
285,128,0.00054948777
286,128,0.00023582112
287,128,0.00053474866
288,128,
289,128,0.0007333094
290,128,0.0006280029
291,128,0.00072107743
292,128,0.00041627232
293,128,0.00017700158
294,128,0.0005768463
295,128,0.0006993683
296,128,0.00033269543
297,128,0.0002524592
298,128,0.0014272183
299,128,0.00066746026
300,128,0.00027999468
301,128,0.0007929662
302,128,0.0005127378
303,128,0.00082050264
304,128,0.00072902907
305,128,0.0005106414
306,128,0.0006079925
307,128,0.0009771958
308,128,0.0005962048
309,128,0.00091341324
310,128,0.0007844027
311,128,0.0008260589
312,128,0.00040558446
313,128,0.0007494474
314,128,0.0007354403
315,128,0.000761834
316,128,0.00081572775
317,128,0.0012112288
318,128,4.9132854e-05
319,128,0.00093727093
320,128,0.0005960092
321,128,0.00043331832
322,128,0.0009859074
323,128,0.0006660605
324,128,0.0006922968
325,128,0.00025470462
326,128,0.00094549265
327,128,0.0001813937
328,128,0.0008501839
329,128,0.00054936484
330,128,0.00034729112
331,128,0.00011446513
332,128,0.0006924737
333,128,8.98689e-05
334,128,0.00047571026
335,128,0.0005164733
336,128,0.000320727
337,128,0.0004877299
338,128,0.0002374053
339,128,0.0006184876
340,128,0.0005585551
341,128,0.00032750145
342,128,0.0008661086
343,128,0.0010309098
344,128,0.0009774901
345,128,0.00061442424
346,128,0.00020160154
347,128,0.0004906915
348,128,0.0006120056
349,128,-0.00011322368
350,128,6.05518e-05
351,128,
352,128,
353,128,
354,128,0.00024838373
355,128,0.0005647857
356,128,0.0005799085
357,128,9.6960925e-05
358,128,6.2605366e-05
359,128,0.00047712214
360,128,0.0003540255
361,128,0.00044286158
362,128,0.0005490491
363,128,0.00040890463
364,128,0.00077852234
365,128,0.00026149582
366,128,0.00019873027
367,128,0.00080174766
368,128,0.00105769
369,128,0.00081232004
370,128,0.00021892786
371,128,0.0006305007
372,128,0.0006415006
373,128,9.3805604e-05
374,128,5.4311007e-05
375,128,0.00037918147
376,128,0.0004955586
377,128,0.00057520904
378,128,0.00024578907
379,128,0.00065056235
380,128,0.00077851303
381,128,0.0001816703
382,128,0.00015355553
383,128,0.00019174721
384,128,0.00054047816
385,128,0.0002708733
386,128,0.00037697982
387,128,0.00082281046
388,128,0.0007764371
389,128,0.00084903557
390,128,0.00077204406
391,128,0.00046149455
392,128,0.00055680424
393,128,0.0005426742
394,128,0.00067901146
395,128,0.00043871906
396,128,0.0011081286
397,128,0.0006517563
398,128,0.0007965686
399,128,0.0009109564
400,128,0.0006206883
401,128,0.00037543103
402,128,0.00094787497
403,128,0.00083608367
404,128,0.00048845354
405,128,0.0004139077
406,128,0.00059782155
407,128,0.00022274442
408,128,0.00045900047
409,128,0.0010048635
410,128,0.00073227286
411,128,0.0001865672
412,128,0.00019881129
413,128,0.0008257339
414,128,0.00076148193
415,128,0.000391813
416,128,0.00056454167
417,128,0.00064253714
418,128,0.00044695847
419,128,0.0005799467
420,128,0.00051036477
421,128,0.0005127974
422,128,-0.00030306913
423,128,0.0005527241
424,128,0.00022004731
425,128,0.00033427216
426,128,0.0003516553
427,128,-7.683784e-05
428,128,7.229298e-05
429,128,0.0008560382
430,128,5.807262e-05
431,128,0.00078902487
432,128,-0.00027893763
433,128,0.0008601146
434,128,0.00046867505
435,128,0.0004394222
436,128,0.0006979862
437,128,0.0006032614
438,128,0.0010433868
439,128,0.00023189932
440,128,0.00068535283
441,128,0.00039123278
442,128,2.2459775e-05
443,128,0.0001613684
444,128,0.0008226596
445,128,0.00023789331
446,128,0.0004485594
447,128,0.0007838039
448,128,8.989312e-05
449,128,0.0003887741
450,128,0.00052867364
451,128,0.000392206
452,128,0.0006028749
453,128,0.00051242765
454,128,0.00015773997
455,128,0.00039272197
456,128,0.00042532478
457,128,0.0010982426
458,128,0.0005746167
459,128,0.0003942838
460,128,0.00031233672
461,128,0.0008793464
462,128,0.00044455752
463,128,0.00064039044
464,128,0.0010055881
465,128,0.0006114915
466,128,3.842078e-05
467,128,0.0005792761
468,128,0.00021479558
469,128,0.0005404847
470,128,7.212907e-05
471,128,0.00048820302
472,128,0.00054153614
473,128,0.0001578005
474,128,0.0005207602
475,128,0.00066632964
476,128,0.00023384485
477,128,0.00087571144
478,128,0.0008287057
479,128,0.0005894685
480,128,0.0002538208
481,128,0.0008333158
482,128,0.0004140744
483,128,0.00019067712
484,128,0.0005572261
485,128,0.0006121183
486,128,0.00038889702
487,128,0.00024011731
488,128,0.00011850521
489,128,0.00023507606
490,128,0.00066608563
491,128,0.0012048855
492,128,0.00031959917
493,128,0.00013682991
494,128,0.00019933563
0,129,0.0007406892
1,129,0.0009177029
2,129,0.0007570945
3,129,0.00075633917
4,129,0.0010822741
5,129,0.0009477483
6,129,0.00046831742
7,129,0.00086685363
8,129,0.000848677
9,129,0.0008150451
10,129,0.0010461556
11,129,0.00048294105
12,129,0.0008952813
13,129,0.0008102162
14,129,0.000883691
15,129,0.0007124096
16,129,0.0005971575
17,129,0.00011102576
18,129,0.00067925826
19,129,0.0012460742
20,129,0.00060700905
21,129,0.0011195131
22,129,0.00031114463
23,129,0.00096847303
24,129,0.00059337635
25,129,0.0008716723
26,129,0.0011379942
27,129,0.0010333788
28,129,0.0010756375
29,129,0.00038378127
30,129,0.0005561467
31,129,0.00034544617
32,129,0.0009926101
33,129,0.0005484568
34,129,0.00088342093
35,129,0.00031332579
36,129,0.00088640675
37,129,0.0011337921
38,129,0.0011355774
39,129,0.001075103
40,129,0.0006610546
41,129,0.0006377259
42,129,0.00124026
43,129,0.00076840166
44,129,0.00092796236
45,129,0.0009014942
46,129,0.0011648117
47,129,0.00011718832
48,129,0.00023368653
49,129,0.000800726
50,129,0.00046345312
51,129,0.00047828257
52,129,0.00015538838
53,129,0.0004441915
54,129,0.00027166214
55,129,0.0014331592
56,129,0.00089142006
57,129,0.00071107317
58,129,0.00075489376
59,129,0.0012832619
60,129,0.0006571729
61,129,0.0009932294
62,129,0.0006526299
63,129,0.00045360066
64,129,
65,129,
66,129,
67,129,
68,129,
69,129,
70,129,
71,129,
72,129,
73,129,0.00025430042
74,129,
75,129,
76,129,
77,129,
78,129,0.00039213523
79,129,0.0012096595
80,129,0.00044009462
81,129,0.0005804952
82,129,0.0002408484
83,129,0.0007616207
84,129,0.0008276021
85,129,0.0008299276
86,129,0.00067522284
87,129,0.001119772
88,129,0.00046485104
89,129,0.0006094873
90,129,0.00064680446
91,129,0.0007016901
92,129,0.0010319315
93,129,0.0007604109
94,129,0.00047180336
95,129,0.000411856
96,129,0.0005506035
97,129,0.00026926398
98,129,0.00037613558
99,129,0.0004206989
100,129,0.0005242964
101,129,0.00063272845
102,129,0.0005121641
103,129,-0.00013197027
104,129,0.00074266084
105,129,0.00036249962
106,129,0.0006386712
107,129,0.0004906226
108,129,0.00075092167
109,129,0.0004464276
110,129,0.00071790535
111,129,0.00063127466
112,129,0.00047187973
113,129,0.0004967218
114,129,0.00040645432
115,129,0.00091976486
116,129,0.0008366415
117,129,0.0008895444
118,129,0.00015835837
119,129,0.00015368965
120,129,0.00062298495
121,129,0.00055391155
122,129,0.0008352548
123,129,0.00036708638
124,129,-0.00054658856
125,129,0.0003317548
126,129,0.00045602862
127,129,0.00041910633
128,129,0.00069640763
129,129,0.00012941938
130,129,0.0005376879
131,129,0.0005375296
132,129,0.00084905326
133,129,0.0006478345
134,129,0.00052220747
135,129,-7.7717006e-05
136,129,0.0004320927
137,129,0.0007053437
138,129,0.0003944412
139,129,0.0010606488
140,129,0.0005232906
141,129,0.000748924
142,129,0.00081905257
143,129,0.0004618019
144,129,0.0006712731
145,129,0.0010298677
146,129,0.0003503766
147,129,0.00026376732
148,129,0.000476446
149,129,0.000857722
150,129,0.00043439865
151,129,0.0007450562
152,129,0.00074339285
153,129,0.0006520916
154,129,0.00072759576
155,129,0.0006202664
156,129,0.00048666634
157,129,0.00032504648
158,129,0.0007159021
159,129,0.0007013241
160,129,0.00026832335
161,129,0.00066127535
162,129,0.00038287882
163,129,0.00042685028
164,129,0.00031204987
165,129,0.00034780242
166,129,0.000874592
167,129,0.0009041801
168,129,0.0005249772
169,129,0.0007847082
170,129,0.00084835663
171,129,0.00020282995
172,129,0.0001814263
173,129,0.0004597921
174,129,0.00036591198
175,129,0.0009908853
176,129,0.00081973895
177,129,0.00041834544
178,129,0.00026541017
179,129,0.0007652724
180,129,0.00036524236
181,129,0.0007136334
182,129,1.8101186e-05
183,129,0.00052653626
184,129,0.0010592341
185,129,0.0003842283
186,129,0.0006145751
187,129,-0.00014555827
188,129,0.00069521647
189,129,0.00087486673
190,129,0.0003520446
191,129,0.00056890585
192,129,0.0005623866
193,129,0.00053822994
194,129,0.0004376797
195,129,0.0005850177
196,129,0.0004469417
197,129,0.00032744836
198,129,0.00055013224
199,129,0.00072094426
200,129,0.0009434866
201,129,0.00040841755
202,129,0.0008429503
203,129,0.0004271213
204,129,0.00033939257
205,129,0.0006267978
206,129,0.00051375385
207,129,0.00022581685
208,129,0.0005766954
209,129,-0.00029483438
210,129,0.0007750336
211,129,-0.00022656657
212,129,0.00089981686
213,129,0.00082732085
214,129,0.0001456216
215,129,0.00024998002
216,129,0.00022721477
217,129,0.00061329734
218,129,0.00026831124
219,129,-0.00021906383
220,129,0.00062031485
221,129,0.00012545194
222,129,0.00088503584
223,129,0.00015880074
224,129,0.00060453266
225,129,0.0006800601
226,129,0.00032508932
227,129,0.00067790225
228,129,0.0006454028
229,129,0.00019408297
230,129,0.000730169
231,129,0.0004517734
232,129,0.00036068168
233,129,0.00031399913
234,129,0.0004007155
235,129,0.0005203197
236,129,0.0005981149
237,129,0.0005124537
238,129,0.00018819422
239,129,0.0003001038
240,129,0.000116657466
241,129,0.00015589129
242,129,0.0006615324
243,129,0.00020853989
244,129,0.00077964365
245,129,0.00042644236
246,129,0.0004390888
247,129,0.000599538
248,129,0.0003004372
249,129,0.00041706674
250,129,0.0003299117
251,129,0.0005492028
252,129,0.00026304182
253,129,0.0007439181
254,129,0.00038703345
255,129,0.0009268457
256,129,0.000757101
257,129,0.00061293785
258,129,0.0007684808
259,129,0.00092157535
260,129,0.0004980918
261,129,0.00045566726
262,129,0.000955265
263,129,0.0007421635
264,129,0.0009473823
265,129,0.00048479345
266,129,0.00090053864
267,129,0.0004302971
268,129,0.0007848507
269,129,0.00036686473
270,129,0.00029729027
271,129,0.00025138631
272,129,0.0006107427
273,129,0.00039050914
274,129,
275,129,
276,129,
277,129,0.0008025244
278,129,
279,129,
280,129,0.00048577134
281,129,0.00048566516
282,129,3.1126663e-05
283,129,0.0005781315
284,129,0.00039224513
285,129,0.0008082334
286,129,0.0008469857
287,129,0.00046716165
288,129,0.0006220238
289,129,0.00023659877
290,129,0.00019545108
291,129,-6.485451e-05
292,129,0.00060783327
293,129,0.0003738189
294,129,0.0006363839
295,129,0.0005348688
296,129,0.0011281269
297,129,0.0006438643
298,129,0.00024227798
299,129,0.0005405238
300,129,0.000560442
301,129,0.00078203157
302,129,0.00065166503
303,129,0.00021081977
304,129,0.00046626665
305,129,0.00073139556
306,129,0.0009160945
307,129,0.0006645685
308,129,0.0013908539
309,129,8.1371516e-05
310,129,0.00096094795
311,129,0.00035125855
312,129,0.00069158897
313,129,0.00028139167
314,129,0.0007116841
315,129,0.0010017492
316,129,0.00041771308
317,129,0.00065905787
318,129,0.0010028351
319,129,0.00036834925
320,129,0.0008049067
321,129,0.0005178638
322,129,0.0008093612
323,129,0.0008280305
324,129,0.0005695857
325,129,0.0005870629
326,129,0.00033309776
327,129,0.00027320813
328,129,0.000125953
329,129,0.00022298098
330,129,0.00029871985
331,129,-4.974939e-05
332,129,0.00038957223
333,129,0.00023385603
334,129,-0.00016040262
335,129,0.00070842076
336,129,0.0010167072
337,129,0.00040171668
338,129,0.0002686018
339,129,0.00048764702
340,129,0.00041060336
341,129,0.00013690814
342,129,0.0007195994
343,129,0.00034488272
344,129,0.00070366357
345,129,0.00017161015
346,129,0.0006904509
347,129,0.0008667046
348,129,0.0003736457
349,129,-0.00017156918
350,129,0.00015464332
351,129,0.00034787133
352,129,-2.7231872e-06
353,129,
354,129,0.0005636411
355,129,0.00011869427
356,129,0.0010271389
357,129,-0.00024310872
358,129,-1.2042001e-06
359,129,0.00080979243
360,129,-0.0005196743
361,129,0.00082984567
362,129,0.0010668859
363,129,0.0006517628
364,129,0.0004908731
365,129,0.001420578
366,129,0.0009364998
367,129,0.0006832788
368,129,0.00055108033
369,129,0.0007721707
370,129,0.00023509003
371,129,0.00027737208
372,129,0.00025650114
373,129,0.00077441614
374,129,0.00018519722
375,129,0.00045328029
376,129,0.000515583
377,129,0.00072374474
378,129,-4.783366e-05
379,129,0.00036949012
380,129,0.0005217623
381,129,0.0006239526
382,129,0.0007546777
383,129,0.0004405547
384,129,0.0007377835
385,129,0.0011884691
386,129,0.0007645767
387,129,0.00039959885
388,129,0.0008514002
389,129,0.0005510142
390,129,0.00046445616
391,129,0.0006260937
392,129,0.0006360831
393,129,0.0007054843
394,129,0.00078857504
395,129,0.00033969712
396,129,0.0003841929
397,129,0.0005713599
398,129,0.0006731795
399,129,0.0005730083
400,129,0.00054118596
401,129,0.00063192844
402,129,0.00033828057
403,129,0.0009659808
404,129,0.00018507056
405,129,0.00011316594
406,129,0.0010982491
407,129,0.0007682424
408,129,0.0008746004
409,129,0.0009031631
410,129,0.000251499
411,129,0.00084419176
412,129,0.0010372121
413,129,0.00033495016
414,129,0.000594127
415,129,0.00025957357
416,129,0.001139624
417,129,0.00068373885
418,129,0.00022433978
419,129,0.0004337309
420,129,0.0007623285
421,129,0.00091621466
422,129,0.00087072887
423,129,0.0003266912
424,129,0.0003593471
425,129,-0.00027865916
426,129,-0.0004874412
427,129,6.0372055e-05
428,129,0.00064524263
429,129,0.0008055344
430,129,-0.00019420497
431,129,0.0007687174
432,129,0.00044350512
433,129,0.0007661935
434,129,9.271037e-05
435,129,0.0007037595
436,129,0.00084045716
437,129,0.00069539435
438,129,0.00049357954
439,129,0.0005736146
440,129,0.0006017685
441,129,0.00081294123
442,129,6.659515e-05
443,129,0.00042675436
444,129,0.00059618056
445,129,0.00077168085
446,129,0.000333664
447,129,0.0005521169
448,129,0.00012569223
449,129,0.0007481687
450,129,0.00037373975
451,129,0.00064531434
452,129,0.0007236516
453,129,0.00028339308
454,129,0.00049888715
455,129,0.000360813
456,129,0.00038187392
457,129,2.8871e-06
458,129,0.0009703338
459,129,0.00019592606
460,129,0.0006275177
461,129,0.00037599728
462,129,0.0006435197
463,129,0.00043119397
464,129,0.001036346
465,129,-3.6745332e-05
466,129,0.0005640304
467,129,0.0003078468
468,129,0.00031891558
469,129,0.00010119658
470,129,0.00015963148
471,129,0.00068828
472,129,0.00046203844
473,129,0.00036151614
474,129,0.0008214656
475,129,0.00065884925
476,129,0.00047877152
477,129,0.0005175667
478,129,0.00027879886
479,129,0.00045632944
480,129,0.0004076343
481,129,0.000618184
482,129,0.0005644718
483,129,0.0010381322
484,129,0.00018895604
485,129,0.0011103442
486,129,0.00045260973
487,129,0.00061087497
488,129,5.273614e-05
489,129,0.00085950084
490,129,0.0007546386
491,129,0.00061202794
492,129,0.0004933281
493,129,0.0003680531
494,129,0.00079498906
0,130,0.000567656
1,130,0.00057700276
2,130,0.0009766314
3,130,0.0009567039
4,130,0.0006594425
5,130,0.0009404253
6,130,0.00086135697
7,130,0.0005333014
8,130,0.00060232915
9,130,0.0004959684
10,130,0.00040928088
11,130,0.0008537937
12,130,0.00087109953
13,130,0.0011596447
14,130,0.001035071
15,130,0.00072079897
16,130,0.000642417
17,130,0.0010661464
18,130,0.0004604468
19,130,0.0007637637
20,130,0.00052399747
21,130,0.0007768972
22,130,0.0008713966
23,130,0.00053056236
24,130,0.0010520713
25,130,0.0007490665
26,130,0.0006669564
27,130,0.0005287919
28,130,1.5784055e-05
29,130,0.0011905227
30,130,0.0010668775
31,130,0.000839659
32,130,0.000383256
33,130,0.00094557647
34,130,0.00086702034
35,130,0.0004926305
36,130,0.0009792149
37,130,0.0006903419
38,130,0.0008034017
39,130,0.00033071637
40,130,0.0007603839
41,130,0.00078854524
42,130,0.000982888
43,130,0.0005442919
44,130,0.0010607429
45,130,0.001289119
46,130,0.0013316609
47,130,0.0013131006
48,130,0.0005329577
49,130,0.0010268418
50,130,0.0014229994
51,130,0.0010450576
52,130,0.0010951841
53,130,0.0011726059
54,130,0.00072558876
55,130,0.00094215944
56,130,0.00073829666
57,130,0.0010631457
58,130,0.0007441109
59,130,0.0007797051
60,130,0.0008753836
61,130,0.0009793099
62,130,0.00092410576
63,130,0.0005366998
64,130,
65,130,0.0005999403
66,130,
67,130,
68,130,
69,130,
70,130,
71,130,
72,130,
73,130,0.0008029789
74,130,
75,130,
76,130,
77,130,
78,130,0.00072222296
79,130,0.00073073246
80,130,0.0006606532
81,130,0.0010176795
82,130,0.000103918836
83,130,0.0006889291
84,130,0.00087113865
85,130,0.0005816119
86,130,0.0009362409
87,130,0.00015637558
88,130,0.00076836534
89,130,0.00079340953
90,130,0.000524099
91,130,0.0006302539
92,130,0.0005596336
93,130,0.00061513577
94,130,0.00020396896
95,130,0.0011717388
96,130,0.0009873305
97,130,0.00044137333
98,130,-2.8796494e-06
99,130,0.00074821897
100,130,0.0010027587
101,130,4.8030168e-05
102,130,0.00041509047
103,130,0.0006950861
104,130,0.00017461926
105,130,0.00030953623
106,130,0.00039067958
107,130,0.00041167345
108,130,0.00044957735
109,130,0.00018266309
110,130,2.5340356e-05
111,130,0.00062941667
112,130,0.0010456052
113,130,0.00055238884
114,130,-1.2980774e-05
115,130,0.00070990063
116,130,-5.3781085e-05
117,130,-0.00012233574
118,130,0.00027577486
119,130,0.0008682646
120,130,0.0008715
121,130,0.00046866015
122,130,0.0008969838
123,130,0.00043828133
124,130,0.00043318793
125,130,0.0006849533
126,130,0.0003601117
127,130,1.3587065e-05
128,130,0.0006947154
129,130,0.00043632835
130,130,0.0004726313
131,130,0.00087812636
132,130,0.00062401313
133,130,0.00046342518
134,130,9.958539e-05
135,130,0.00032925792
136,130,0.0007999819
137,130,0.000576498
138,130,0.0006031813
139,130,0.0004737489
140,130,0.000521075
141,130,0.0010543913
142,130,0.00031155813
143,130,0.0009347405
144,130,0.00040715188
145,130,0.0006910451
146,130,0.00031600334
147,130,0.00017764699
148,130,0.00046360213
149,130,0.00043730065
150,130,0.0011104746
151,130,0.0009250045
152,130,0.00014536455
153,130,0.0005865991
154,130,0.00047015678
155,130,0.00036942214
156,130,0.00095292274
157,130,0.00042470917
158,130,0.0006851796
159,130,0.00080063194
160,130,0.0006813938
161,130,0.00089654326
162,130,0.0005332362
163,130,0.00051516853
164,130,0.00042866543
165,130,0.00046682544
166,130,0.00092568435
167,130,0.00018790364
168,130,0.000563913
169,130,0.00035657082
170,130,0.000501439
171,130,0.00067968294
172,130,0.00041895173
173,130,0.0007518912
174,130,0.00017387792
175,130,0.0003763074
176,130,0.0008204477
177,130,0.00079475436
178,130,0.00057033915
179,130,0.00037756376
180,130,0.0005675433
181,130,0.0003009867
182,130,0.00035844184
183,130,0.00055479724
184,130,0.00046906993
185,130,0.0004941495
186,130,0.00055516046
187,130,0.00044221058
188,130,0.0011944603
189,130,0.0007722452
190,130,0.00022677798
191,130,0.00022707041
192,130,5.907286e-05
193,130,0.0008490542
194,130,0.00036404282
195,130,-0.0001328066
196,130,0.00049803965
197,130,0.0008377712
198,130,0.0003476292
199,130,0.00070922356
200,130,0.0009103492
201,130,0.000812266
202,130,0.00027226284
203,130,0.0006173458
204,130,0.00032347906
205,130,0.00048470963
206,130,0.00069238245
207,130,0.00025252718
208,130,0.00059389137
209,130,0.00016568787
210,130,0.00077940803
211,130,0.00048194174
212,130,0.00027317833
213,130,0.0004485948
214,130,2.744887e-05
215,130,0.00036550872
216,130,0.001096407
217,130,0.00050886814
218,130,0.0001373589
219,130,0.00057047233
220,130,0.00043864176
221,130,1.7219223e-05
222,130,0.00071439147
223,130,0.00024759863
224,130,0.0003359085
225,130,0.0003435081
226,130,0.000512721
227,130,8.521136e-05
228,130,0.00037149806
229,130,0.00042187423
230,130,0.00025084615
231,130,0.0005883025
232,130,-4.984811e-05
233,130,0.00035986956
234,130,0.0007247031
235,130,0.00032572262
236,130,0.0006583771
237,130,0.00034053065
238,130,0.0007312717
239,130,0.00078737177
240,130,0.0002448326
241,130,0.0005519688
242,130,0.0004927479
243,130,0.00089986995
244,130,0.00018216297
245,130,0.00045038667
246,130,0.0009289142
247,130,0.0006632125
248,130,0.0005800165
249,130,0.00074826274
250,130,0.0007967921
251,130,0.00033847243
252,130,0.00066290516
253,130,0.001635828
254,130,0.000730535
255,130,0.0006606616
256,130,0.00077701546
257,130,0.00048084836
258,130,0.00064059533
259,130,0.00047079846
260,130,0.00078950543
261,130,0.00043483917
262,130,0.0007844558
263,130,0.0011488767
264,130,0.00079833716
265,130,0.00097412243
266,130,0.0004373435
267,130,0.00090201665
268,130,0.0008489713
269,130,0.00088255946
270,130,0.0013244785
271,130,0.00021059439
272,130,0.00045337528
273,130,0.00041942485
274,130,0.00048292894
275,130,0.0006829677
276,130,0.0005495986
277,130,
278,130,0.0003470555
279,130,0.00022167154
280,130,0.0003536865
281,130,0.000773686
282,130,0.00043927785
283,130,0.0006525144
284,130,0.00075076893
285,130,0.00046051573
286,130,6.432738e-05
287,130,0.0016142223
288,130,0.0006504152
289,130,0.0008706767
290,130,6.3174404e-05
291,130,0.000640193
292,130,0.0007413989
293,130,0.00019236468
294,130,0.00064681005
295,130,0.000117219985
296,130,0.00041179638
297,130,0.001174531
298,130,0.0002097832
299,130,0.0007186923
300,130,0.0005557146
301,130,0.00087179895
302,130,0.0009100251
303,130,0.0006438717
304,130,0.00096538477
305,130,0.0007971488
306,130,0.00053280406
307,130,0.00048373267
308,130,0.0006567417
309,130,0.0006356975
310,130,0.0013743201
311,130,0.0006054267
312,130,0.0009733634
313,130,0.0007463638
314,130,0.0006370051
315,130,0.0007255282
316,130,0.00064928643
317,130,0.0010561924
318,130,0.00030382723
319,130,0.00095355697
320,130,0.00057924073
321,130,0.000861194
322,130,0.0006016353
323,130,0.00036317762
324,130,0.0011194665
325,130,0.0006050579
326,130,0.00026555732
327,130,0.00012034457
328,130,0.00112369
329,130,0.00029033888
330,130,0.00044218823
331,130,0.00057995133
332,130,0.00027573574
333,130,0.0004293751
334,130,0.00036441535
335,130,0.0003823433
336,130,7.4027106e-05
337,130,7.6293014e-05
338,130,0.0006102985
339,130,0.00086546876
340,130,0.0003055744
341,130,0.0005179774
342,130,0.00082546193
343,130,5.3610653e-05
344,130,0.00050706975
345,130,0.0005040802
346,130,0.00042595156
347,130,0.00015740748
348,130,0.000288561
349,130,0.00036604702
350,130,-0.0002718391
351,130,8.287933e-05
352,130,0.00057105627
353,130,
354,130,0.0004789643
355,130,0.0013254602
356,130,0.00017676968
357,130,0.0006609084
358,130,-0.00023918506
359,130,0.00053006504
360,130,0.0004946925
361,130,0.0009897156
362,130,0.000376964
363,130,0.00026676804
364,130,-0.00018002
365,130,0.0005758116
366,130,0.00044877827
367,130,-0.00019999035
368,130,0.00044016913
369,130,-0.00012100767
370,130,0.00040648878
371,130,0.0002584923
372,130,0.00034361985
373,130,0.0005367687
374,130,0.0003132401
375,130,0.0004935581
376,130,0.0009360928
377,130,0.0011950135
378,130,0.0001709843
379,130,3.3640303e-05
380,130,0.00066826586
381,130,4.2515807e-05
382,130,0.00014441181
383,130,0.00071076304
384,130,0.0007076133
385,130,0.00062062405
386,130,0.0004832372
387,130,0.00039812457
388,130,0.0007300284
389,130,0.00058366545
390,130,0.0010530902
391,130,0.0004790714
392,130,0.0004104916
393,130,0.0009855442
394,130,0.0008195862
395,130,0.0008554971
396,130,0.00030549988
397,130,0.00033835694
398,130,0.00083125196
399,130,0.0006366521
400,130,0.00039881188
401,130,0.0007897485
402,130,0.00088323373
403,130,0.000590072
404,130,0.00074052066
405,130,0.0005325237
406,130,0.0008376064
407,130,0.0007130243
408,130,0.0006561335
409,130,0.0005659424
410,130,0.0009341622
411,130,0.0006510094
412,130,0.00034970697
413,130,0.00027380418
414,130,0.0009770924
415,130,0.000563249
416,130,0.0007388629
417,130,0.0005770121
418,130,0.0007195268
419,130,0.0010755761
420,130,0.0009057075
421,130,0.000693446
422,130,0.00015209988
423,130,0.00032041315
424,130,0.00031356327
425,130,0.0008819476
426,130,0.0005050767
427,130,0.00015725009
428,130,0.0006117448
429,130,0.0006511817
430,130,0.00041542854
431,130,0.0005535921
432,130,0.00055492204
433,130,0.00071852934
434,130,0.00036069844
435,130,0.00049060583
436,130,0.00014856458
437,130,0.00031534582
438,130,0.0011002151
439,130,0.00039964728
440,130,0.0006465968
441,130,0.00058753416
442,130,0.00046248175
443,130,5.8310106e-06
444,130,0.00015362911
445,130,0.0003466839
446,130,0.0006403979
447,130,0.0007848237
448,130,0.00050005224
449,130,0.00051740743
450,130,0.000918556
451,130,0.00031564292
452,130,0.00053564366
453,130,0.00035355054
454,130,0.00035688188
455,130,0.00066108536
456,130,0.001055697
457,130,0.0005252026
458,130,0.0005493155
459,130,0.0010925224
460,130,0.0010269396
461,130,0.00041889865
462,130,0.000912657
463,130,0.0007110983
464,130,6.264355e-05
465,130,0.00051855855
466,130,0.00049085636
467,130,0.00019548275
468,130,0.0003394857
469,130,0.000252421
470,130,0.00074141286
471,130,0.00055109616
472,130,0.0005850252
473,130,0.0004686825
474,130,0.00050120056
475,130,0.0005315691
476,130,0.00052533764
477,130,0.00030723214
478,130,0.00039213896
479,130,0.00047489442
480,130,0.0008335747
481,130,0.0005305493
482,130,0.00050453376
483,130,0.0006115716
484,130,0.00030753016
485,130,0.0008501569
486,130,-0.00018513575
487,130,0.0005633114
488,130,4.0747225e-05
489,130,0.0007558372
490,130,0.0005345158
491,130,-0.0001577409
492,130,0.0007666731
493,130,0.000595171
494,130,0.0006370563
0,131,0.001198072
1,131,0.000566571
2,131,0.0004971754
3,131,0.00083122123
4,131,0.00075062085
5,131,0.00072635897
6,131,0.0010819361
7,131,0.0011734068
8,131,0.0012463843
9,131,0.0006936854
10,131,0.0007820269
11,131,0.00076663494
12,131,0.00067231245
13,131,0.0005657505
14,131,0.0007389989
15,131,0.0005651098
16,131,0.0007451959
17,131,0.0007892372
18,131,0.00083423033
19,131,0.0009687375
20,131,0.001129928
21,131,0.0008015679
22,131,0.0009081848
23,131,0.0016482789
24,131,0.0009083813
25,131,0.0011700653
26,131,0.001002539
27,131,0.00065936055
28,131,0.0007217806
29,131,0.0009090137
30,131,0.00057986006
31,131,0.0002265377
32,131,0.0012736768
33,131,0.00096898526
34,131,0.0012337156
35,131,0.0003463989
36,131,0.001207687
37,131,0.00084398594
38,131,0.00066040084
39,131,0.00015278254
40,131,0.0006916411
41,131,0.0009330772
42,131,0.00025418028
43,131,0.00049385335
44,131,0.0007155696
45,131,0.0010119937
46,131,0.0010953993
47,131,0.00038609747
48,131,0.0010162136
49,131,0.0011131689
50,131,0.0009838743
51,131,0.0008458756
52,131,0.0008058557
53,131,0.0008222265
54,131,0.0013264911
55,131,0.00078203157
56,131,0.00054590125
57,131,0.0009861654
58,131,0.001188267
59,131,0.00085947756
60,131,0.00097506214
61,131,0.0011106096
62,131,0.0013153926
63,131,0.00027817115
64,131,
65,131,0.00087560713
66,131,
67,131,
68,131,
69,131,
70,131,
71,131,
72,131,
73,131,0.0005120188
74,131,
75,131,
76,131,
77,131,0.00011944119
78,131,0.00054966845
79,131,0.0005626902
80,131,0.0010253545
81,131,0.00041604787
82,131,0.00097363815
83,131,0.00048279483
84,131,0.0011013914
85,131,0.00048603583
86,131,0.0007256372
87,131,0.00096686184
88,131,0.00047796033
89,131,0.00064839795
90,131,0.00036478322
91,131,0.0006280979
92,131,0.0010510217
93,131,0.00083376653
94,131,0.00032979064
95,131,0.0007328633
96,131,0.00086148083
97,131,0.0008328995
98,131,0.001182586
99,131,0.00061604567
100,131,0.00055684615
101,131,0.00040968694
102,131,0.00010684412
103,131,0.00063381344
104,131,0.0005426202
105,131,0.00030264724
106,131,0.000448226
107,131,0.0007564984
108,131,0.0006634556
109,131,0.00038948096
110,131,0.0006150417
111,131,0.0008079568
112,131,0.00032794755
113,131,0.00033194572
114,131,0.0003894018
115,131,0.0006755823
116,131,0.00041063782
117,131,0.000374862
118,131,8.129235e-05
119,131,0.0005207248
120,131,0.000525265
121,131,0.00013556518
122,131,0.00062807184
123,131,0.00041120593
124,131,0.0006996924
125,131,0.0006962167
126,131,0.0006175386
127,131,7.662922e-05
128,131,0.00043160561
129,131,0.0004603807
130,131,0.0009232797
131,131,0.0006425902
132,131,0.0003699446
133,131,0.0009545535
134,131,0.0008356357
135,131,0.00046873093
136,131,0.00043193158
137,131,0.00045569707
138,131,0.0007056622
139,131,0.0004202472
140,131,0.00045232289
141,131,0.00012095459
142,131,0.0009419201
143,131,0.000607172
144,131,2.1677464e-05
145,131,0.00026967842
146,131,0.00027221162
147,131,0.0003212858
148,131,0.0004414525
149,131,0.00037587434
150,131,0.0006183358
151,131,0.0009943619
152,131,0.00018144026
153,131,0.0003998382
154,131,0.00044529885
155,131,1.469627e-06
156,131,0.0003214907
157,131,0.00046234298
158,131,0.0003909003
159,131,0.0005308762
160,131,0.0008808058
161,131,0.0002048295
162,131,0.00056154747
163,131,0.00021185726
164,131,0.00043316465
165,131,0.00087156054
166,131,0.0006376663
167,131,0.0008230107
168,131,0.00020916667
169,131,0.0005012546
170,131,0.00044340454
171,131,0.0006190818
172,131,0.0004318934
173,131,0.0006912416
174,131,0.0002755858
175,131,0.0004300531
176,131,0.00052206405
177,131,0.0010345746
178,131,0.00056966767
179,131,0.0007152306
180,131,0.00040448178
181,131,0.00032289326
182,131,0.0007569771
183,131,0.0007691588
184,131,0.00041931774
185,131,0.00047531724
186,131,0.00051591545
187,131,0.00056502875
188,131,0.00074673165
189,131,0.00062517356
190,131,0.00031279773
191,131,0.0005458435
192,131,0.00036217552
193,131,0.00042678416
194,131,0.0006787628
195,131,0.00013162382
196,131,0.00049533416
197,131,0.00083891023
198,131,0.0006697122
199,131,0.000806761
200,131,0.0005164528
201,131,0.0005268138
202,131,0.0008768281
203,131,0.00057901256
204,131,0.00055770203
205,131,0.00042497087
206,131,0.00085683726
207,131,0.00060130283
208,131,0.00088873785
209,131,0.0006559696
210,131,-0.00024120137
211,131,8.919835e-05
212,131,0.0006305501
213,131,0.0011749184
214,131,-8.643977e-05
215,131,0.0005771611
216,131,3.794022e-05
217,131,0.000473829
218,131,0.00078612193
219,131,0.00025084615
220,131,0.0007714946
221,131,0.00035236683
222,131,0.0006353818
223,131,0.00055913813
224,131,-0.00013439823
225,131,0.00033842586
226,131,0.0007237764
227,131,0.00065047946
228,131,0.000408818
229,131,0.00058014505
230,131,0.00046817493
231,131,0.0005534794
232,131,0.00028434768
233,131,0.00063754525
234,131,0.00017787516
235,131,0.00019678008
236,131,0.0008262992
237,131,0.00040772744
238,131,0.00074506924
239,131,0.0008579567
240,131,0.0006039841
241,131,0.00011544861
242,131,-0.00012730248
243,131,0.00026187394
244,131,-1.9411556e-05
245,131,0.00066971686
246,131,0.0002910681
247,131,0.0004981756
248,131,0.0006411597
249,131,0.0005950853
250,131,0.0003951937
251,131,0.00070967246
252,131,0.00029142108
253,131,0.00095598213
254,131,0.00055583566
255,131,0.0005946411
256,131,0.00057928823
257,131,0.00088863913
258,131,0.0004986115
259,131,0.0007085698
260,131,0.0006765267
261,131,0.00086417794
262,131,0.0008079484
263,131,0.00061992276
264,131,0.0008818656
265,131,0.0011692522
266,131,0.0008302238
267,131,0.0003815731
268,131,0.00084492937
269,131,0.0010438217
270,131,0.00016101729
271,131,0.00014967564
272,131,0.00044958107
273,131,0.0007990878
274,131,0.00078290235
275,131,0.0005462561
276,131,0.0005824212
277,131,
278,131,0.00032693334
279,131,0.0008221688
280,131,0.0006572185
281,131,0.00025910698
282,131,0.00019788463
283,131,0.0007378468
284,131,-3.2177195e-06
285,131,0.00058748294
286,131,0.000841544
287,131,0.0008069128
288,131,0.00032186322
289,131,0.0004708292
290,131,0.00081968866
291,131,0.00062964763
292,131,2.308283e-05
293,131,0.00055325776
294,131,0.00017389841
295,131,0.00059810467
296,131,0.00062452536
297,131,0.0005449662
298,131,0.00058141816
299,131,0.000785226
300,131,0.0001108367
301,131,0.0008037947
302,131,0.00045579486
303,131,0.00066287816
304,131,0.00056355447
305,131,0.0005499106
306,131,0.00050798897
307,131,0.0006331224
308,131,0.00080020726
309,131,0.00018774159
310,131,0.00018140953
311,131,0.00037736353
312,131,0.00053109415
313,131,0.00067718327
314,131,0.0010185707
315,131,0.00019212347
316,131,0.00041246694
317,131,0.00024826266
318,131,0.00046518445
319,131,0.0009569125
320,131,0.0006991774
321,131,0.0005459972
322,131,0.0007418571
323,131,0.00033876486
324,131,0.00064609386
325,131,0.0007977709
326,131,0.0007992396
327,131,0.0007715151
328,131,0.0010624826
329,131,0.00010863878
330,131,0.0005162172
331,131,0.00037137978
332,131,0.0009342618
333,131,0.00087508187
334,131,0.0009439513
335,131,0.00024306774
336,131,0.00040804595
337,131,0.00034283847
338,131,0.00043617282
339,131,0.00067666266
340,131,0.0006641364
341,131,0.00054251123
342,131,0.0007012449
343,131,0.0001017442
344,131,0.00048572943
345,131,0.0007687472
346,131,0.0006262697
347,131,0.0006015673
348,131,0.00041290186
349,131,0.0004945453
350,131,-6.149057e-05
351,131,0.00017400086
352,131,-0.00017058104
353,131,-3.1523407e-05
354,131,0.0004576929
355,131,3.715977e-06
356,131,0.00080196094
357,131,0.00015424937
358,131,0.00031839777
359,131,0.0006704731
360,131,0.000294419
361,131,0.0008257162
362,131,0.00048395526
363,131,0.0004362017
364,131,0.00032788422
365,131,0.0008007148
366,131,0.0003503505
367,131,6.663427e-05
368,131,0.0003456939
369,131,0.00063169654
370,131,0.00010374095
371,131,6.3801184e-05
372,131,0.00043616723
373,131,0.0005122684
374,131,0.0007376056
375,131,0.000672237
376,131,0.0004361337
377,131,0.00036326703
378,131,0.00031544268
379,131,0.00022982154
380,131,0.00047145505
381,131,0.0004600305
382,131,4.429184e-05
383,131,0.000589096
384,131,7.926673e-05
385,131,0.0012199217
386,131,0.0008758046
387,131,0.00046794955
388,131,0.0002972018
389,131,0.0006177705
390,131,0.00059094466
391,131,0.0005020257
392,131,0.0007914752
393,131,0.0008232128
394,131,0.00021319184
395,131,0.0009080246
396,131,0.00064802263
397,131,0.0009271698
398,131,0.00050318055
399,131,0.00066412054
400,131,0.00078994315
401,131,0.00059472676
402,131,0.0005932152
403,131,0.00040872395
404,131,0.0005259337
405,131,0.00044797827
406,131,0.0005447529
407,131,0.0010038894
408,131,0.0003109211
409,131,0.00075156335
410,131,0.0007376913
411,131,0.00028222706
412,131,0.0005965382
413,131,0.0007337602
414,131,0.00050428417
415,131,0.00043151714
416,131,0.00067182817
417,131,0.00059501827
418,131,0.00023553893
419,131,0.00054215454
420,131,0.0009588888
421,131,0.00048682
422,131,0.0010357881
423,131,0.00052263215
424,131,0.0001516128
425,131,0.00040854327
426,131,0.000613153
427,131,-2.9163435e-05
428,131,0.0005895421
429,131,0.0012329612
430,131,0.0010991329
431,131,0.0004742965
432,131,0.0004260568
433,131,0.0005786447
434,131,0.0004496919
435,131,0.00037451182
436,131,0.0005061794
437,131,0.00046701543
438,131,0.00015918445
439,131,3.7457794e-06
440,131,0.00015987735
441,131,0.0004651118
442,131,0.00033000577
443,131,0.0008903295
444,131,0.00042990595
445,131,0.00013279449
446,131,0.00023247767
447,131,0.00026360154
448,131,0.00066397246
449,131,0.00026468374
450,131,0.00030145328
451,131,0.0005003372
452,131,0.0003212765
453,131,0.00037201028
454,131,0.0006308919
455,131,0.0011284798
456,131,0.00041543972
457,131,0.0008653067
458,131,0.00067593344
459,131,0.00069479644
460,131,0.00037111994
461,131,0.0007318882
462,131,0.000713842
463,131,0.000717476
464,131,1.4795922e-05
465,131,0.00034517236
466,131,0.00089511275
467,131,0.00022046082
468,131,0.00093735196
469,131,0.00032435358
470,131,0.0006070323
471,131,0.00055230875
472,131,0.0006470317
473,131,0.00044163875
474,131,0.0008364925
475,131,0.00020710658
476,131,2.4780631e-05
477,131,5.824864e-05
478,131,0.0003149109
479,131,0.000309607
480,131,-8.4469095e-05
481,131,0.0007796129
482,131,0.00027970504
483,131,0.00016063266
484,131,0.00051457435
485,131,0.0006559454
486,131,0.0004951637
487,131,0.0006524045
488,131,0.0007928293
489,131,0.0005520703
490,131,0.00057059433
491,131,0.00013179705
492,131,0.0012053074
493,131,-5.350448e-06
494,131,0.0005335631
0,132,0.00063988194
1,132,0.0009449301
2,132,0.00064616
3,132,0.0009743422
4,132,0.00079421327
5,132,0.0009281635
6,132,0.000325704
7,132,0.0013229577
8,132,0.0006776843
9,132,0.00075044576
10,132,0.00070882775
11,132,0.000982902
12,132,0.0010627452
13,132,0.00075708516
14,132,0.001081747
15,132,0.0011580074
16,132,0.00055977516
17,132,0.0011235988
18,132,0.00077424664
19,132,0.00059357285
20,132,0.0007580612
21,132,0.0009368304
22,132,0.00040163565
23,132,0.0008851616
24,132,0.0010014679
25,132,0.0003245212
26,132,0.0003410438
27,132,0.0006606532
28,132,0.00034965482
29,132,0.0006388612
30,132,0.0010295892
31,132,0.00049492624
32,132,0.0008830661
33,132,0.0006320728
34,132,0.0010975208
35,132,0.00023705419
36,132,0.0008842042
37,132,0.0003521461
38,132,0.00045201927
39,132,0.00094219577
40,132,0.0007893359
41,132,0.0011458229
42,132,0.0012516957
43,132,0.0005509574
44,132,0.00073805824
45,132,0.0010679066
46,132,0.00097115897
47,132,0.0010560267
48,132,0.0006933771
49,132,0.0007797647
50,132,0.001113398
51,132,0.0011251466
52,132,0.0010212827
53,132,0.0013869638
54,132,0.00085215643
55,132,0.00080715865
56,132,0.00077587273
57,132,0.0004977444
58,132,0.0014377208
59,132,0.0008062972
60,132,0.00091363024
61,132,0.0006499132
62,132,0.0010497766
63,132,0.00059363805
64,132,
65,132,0.0006694477
66,132,
67,132,
68,132,
69,132,
70,132,
71,132,
72,132,
73,132,
74,132,
75,132,
76,132,
77,132,0.00038634986
78,132,0.0011959178
79,132,0.00024912786
80,132,0.00017419457
81,132,0.00026335008
82,132,0.0012090402
83,132,0.00046804454
84,132,0.0013005836
85,132,0.0009173183
86,132,0.00016390905
87,132,0.0003507184
88,132,0.00075370446
89,132,0.0005086418
90,132,0.000916563
91,132,0.00096656196
92,132,0.000930015
93,132,0.0006020386
94,132,0.0010743979
95,132,0.00080703106
96,132,0.00077020004
97,132,0.0006448431
98,132,0.0009123748
99,132,0.0011662152
100,132,0.0007086182
101,132,0.0003241757
102,132,0.0006403001
103,132,0.00085193757
104,132,8.312892e-05
105,132,0.0007777922
106,132,0.0006564781
107,132,0.00063028745
108,132,0.00037049223
109,132,0.00042324048
110,132,0.0008915486
111,132,0.0007469803
112,132,0.00042464398
113,132,0.0010074647
114,132,8.854363e-05
115,132,0.00027492456
116,132,0.00075934734
117,132,0.000632545
118,132,-0.00017155986
119,132,0.00023465417
120,132,0.0006963033
121,132,0.0005864864
122,132,0.0005480787
123,132,0.00024383515
124,132,0.0004955195
125,132,0.00030470174
126,132,0.00046993513
127,132,0.00079461467
128,132,0.00019710138
129,132,0.0006077783
130,132,0.0005676262
131,132,0.0006484296
132,132,0.00035569537
133,132,0.0007444229
134,132,0.0006178552
135,132,0.00073125213
136,132,0.0004754681
137,132,0.0006783353
138,132,0.00080857426
139,132,0.000946763
140,132,0.0006754501
141,132,0.0001420863
142,132,0.00053650886
143,132,0.0005162647
144,132,0.00073283445
145,132,0.00058488734
146,132,0.0007284861
147,132,0.000645021
148,132,0.0005385373
149,132,0.00071477983
150,132,0.0008951938
151,132,0.00040084776
152,132,0.00053965114
153,132,0.0009292159
154,132,0.00030012242
155,132,0.0008503096
156,132,0.0004727142
157,132,0.00052306056
158,132,0.0004119575
159,132,0.00079158694
160,132,0.0008337442
161,132,0.00044823904
162,132,0.00028220005
163,132,0.00019285828
164,132,0.0005309088
165,132,0.00092468224
166,132,0.0003443826
167,132,0.00042556878
168,132,0.0003637066
169,132,0.00063211564
170,132,0.00037831254
171,132,0.00037435442
172,132,0.0003093714
173,132,0.0004057316
174,132,0.00042277202
175,132,0.00018126983
176,132,0.00077962875
177,132,0.00032715593
178,132,0.0005683899
179,132,0.00094281696
180,132,0.00035831332
181,132,0.000537931
182,132,0.00053132046
183,132,0.00077966973
184,132,0.00052282214
185,132,0.0005777823
186,132,0.0007212572
187,132,0.0002684705
188,132,0.00082845334
189,132,0.0005989168
190,132,0.00045600533
191,132,0.0006883703
192,132,0.0006564576
193,132,0.0010521393
194,132,0.00055788364
195,132,0.0005791532
196,132,0.0004080329
197,132,0.00022192951
198,132,0.0006015729
199,132,0.0005192803
200,132,0.00062752515
201,132,0.00071127526
202,132,0.0006942507
203,132,0.00045342743
204,132,0.0005028881
205,132,0.00049767457
206,132,0.00048278924
207,132,0.00029896852
208,132,0.00042690802
209,132,0.0008978406
210,132,0.0006155176
211,132,0.00022473931
212,132,0.00029204693
213,132,0.00070521515
214,132,0.0002702102
215,132,0.00047109462
216,132,0.00015007425
217,132,0.00075716525
218,132,0.0006921198
219,132,0.0003062077
220,132,0.00046519656
221,132,0.0006076535
222,132,0.0005278317
223,132,0.00070376415
224,132,0.00028500613
225,132,0.0005911393
226,132,0.0004237909
227,132,0.00046216138
228,132,-0.000111664645
229,132,0.000624205
230,132,0.00095545873
231,132,0.0003071837
232,132,0.00019067433
233,132,0.00054949615
234,132,0.00044479594
235,132,0.000550488
236,132,0.00025384687
237,132,0.00032395497
238,132,0.0008505471
239,132,0.000820538
240,132,0.000111804344
241,132,0.0003041383
242,132,0.00037384685
243,132,0.00069322716
244,132,0.00038566627
245,132,0.00063618645
246,132,0.0005262792
247,132,5.5152923e-05
248,132,0.0007636389
249,132,0.0006000092
250,132,0.000119937584
251,132,0.0009407308
252,132,0.0006457623
253,132,0.00080582313
254,132,0.00022065267
255,132,0.0008462742
256,132,0.0007506637
257,132,0.00044701248
258,132,0.00083629135
259,132,0.0007247897
260,132,0.0011935923
261,132,0.0008195918
262,132,0.0008376846
263,132,0.00048841164
264,132,0.0005857041
265,132,0.0006328868
266,132,0.00086671393
267,132,0.00042697042
268,132,0.00033327844
269,132,0.0004431801
270,132,0.00090726465
271,132,0.0009363638
272,132,0.0007330114
273,132,0.0005633207
274,132,
275,132,0.00058566406
276,132,
277,132,0.00027205423
278,132,0.0004024543
279,132,9.5495954e-05
280,132,0.00054015964
281,132,0.00070641655
282,132,0.0008329293
283,132,0.000291856
284,132,0.0009160219
285,132,0.00047347788
286,132,0.00043625105
287,132,0.0008400418
288,132,0.00080508273
289,132,0.000169863
290,132,0.000598968
291,132,0.00074311625
292,132,-0.00011077896
293,132,0.0003402168
294,132,0.00050133746
295,132,0.0008185152
296,132,0.000742889
297,132,0.00077963993
298,132,0.0006095711
299,132,0.00016138982
300,132,0.00039543957
301,132,0.0007533636
302,132,0.00076257624
303,132,0.00054016616
304,132,0.00043023564
305,132,0.0004845569
306,132,0.00069601834
307,132,0.0005489355
308,132,0.0005609505
309,132,0.00015229639
310,132,0.00054410286
311,132,0.0007324787
312,132,0.0010379571
313,132,0.00040945504
314,132,0.0005604951
315,132,0.00074394234
316,132,0.0006697932
317,132,0.0007323241
318,132,0.0005591158
319,132,0.001011977
320,132,0.0004217904
321,132,0.0008599553
322,132,0.00066174753
323,132,0.0007646205
324,132,0.00021358486
325,132,0.00074254535
326,132,0.0003128308
327,132,0.00095133856
328,132,0.00049908366
329,132,0.0013654949
330,132,0.0014931802
331,132,0.00034691114
332,132,-4.8633665e-06
333,132,0.00048245955
334,132,0.0006692689
335,132,0.00044731237
336,132,0.0006222371
337,132,0.00026626978
338,132,0.001288685
339,132,0.00083895307
340,132,0.00050755497
341,132,0.0003121514
342,132,0.0007864721
343,132,0.00053851586
344,132,0.0011553485
345,132,0.0007924447
346,132,0.00062018074
347,132,0.00014774129
348,132,0.00069431774
349,132,0.00097315013
350,132,-2.0647421e-05
351,132,0.0007211175
352,132,
353,132,0.00054226816
354,132,-9.940006e-05
355,132,0.0002524117
356,132,0.00020596106
357,132,0.0003610151
358,132,0.0008248398
359,132,0.00010880828
360,132,0.00044458918
361,132,0.0002902625
362,132,0.00022590347
363,132,0.0005003866
364,132,0.0003015371
365,132,8.948892e-05
366,132,-4.601665e-05
367,132,9.42396e-05
368,132,0.00039537344
369,132,0.0005334597
370,132,0.0004722178
371,132,0.00014492404
372,132,0.0009350581
373,132,0.00084541086
374,132,0.00077670254
375,132,0.00044516288
376,132,0.0010138052
377,132,0.00032635685
378,132,0.0005760407
379,132,0.0004036622
380,132,0.00074964575
381,132,0.0010390757
382,132,0.00087910425
383,132,0.00054038037
384,132,-0.00015542004
385,132,0.0005051987
386,132,0.00032602716
387,132,0.00023158733
388,132,0.0005780533
389,132,0.00064880215
390,132,0.00076935627
391,132,0.0011596903
392,132,0.00073237345
393,132,0.00055205263
394,132,0.0012249853
395,132,0.00081699714
396,132,0.00057561044
397,132,0.00087500084
398,132,0.0006471509
399,132,0.0009137988
400,132,0.0009819139
401,132,0.0003369823
402,132,0.0005819276
403,132,0.00096058473
404,132,0.0004101582
405,132,0.0008078022
406,132,0.0005888939
407,132,0.0010298789
408,132,0.0009839684
409,132,0.0008437708
410,132,0.00026457384
411,132,0.0009340951
412,132,0.00028633233
413,132,0.0004921239
414,132,0.00055919494
415,132,0.0006196154
416,132,0.00080427714
417,132,0.00080685876
418,132,0.0005652979
419,132,0.0006272318
420,132,0.0006726282
421,132,0.00052068755
422,132,0.0006019585
423,132,0.00096535217
424,132,0.0010315776
425,132,0.0007457696
426,132,0.0007684324
427,132,0.0006081145
428,132,0.00011231471
429,132,0.00044894032
430,132,0.0006410042
431,132,0.0004318403
432,132,0.00014599133
433,132,0.00048054662
434,132,0.00075632427
435,132,0.0004584752
436,132,0.0003053341
437,132,0.0006767288
438,132,0.0006731581
439,132,0.0010869252
440,132,0.00027508475
441,132,-1.4766119e-05
442,132,0.0010187142
443,132,0.0011096429
444,132,0.0008047661
445,132,0.00048516877
446,132,0.0006454205
447,132,0.0009159306
448,132,9.890646e-07
449,132,0.00034551416
450,132,0.00017199665
451,132,0.0008754134
452,132,0.0005361391
453,132,0.0008332329
454,132,0.00036779232
455,132,0.00070179626
456,132,0.0006898055
457,132,0.00041906163
458,132,0.0010259477
459,132,0.00014656503
460,132,0.00042010378
461,132,0.00060819555
462,132,0.00047741365
463,132,0.0002084747
464,132,0.00087074656
465,132,0.0008168258
466,132,0.00079468824
467,132,0.00057420414
468,132,0.00027214643
469,132,9.993184e-05
470,132,0.00021453574
471,132,0.0001660129
472,132,0.0008263197
473,132,0.00026828144
474,132,0.0007504979
475,132,0.00073694345
476,132,0.0005679913
477,132,0.000447263
478,132,0.0005516289
479,132,0.0006778501
480,132,0.0003588153
481,132,0.00013302639
482,132,0.0006838823
483,132,0.000464092
484,132,-6.546732e-05
485,132,0.00030241627
486,132,0.0006388556
487,132,0.00053275656
488,132,2.4375506e-05
489,132,0.0004715789
490,132,0.0009010155
491,132,0.00040221494
492,132,0.0003110338
493,132,0.0011434369
494,132,0.0005402658
0,133,0.0011219466
1,133,0.0008543348
2,133,0.00047565438
3,133,0.00078965724
4,133,0.0010360284
5,133,0.0009947028
6,133,0.00055947434
7,133,0.00040099677
8,133,0.00045270845
9,133,0.00066865236
10,133,0.0005333116
11,133,0.00033417903
12,133,0.0007839631
13,133,0.000879067
14,133,0.0005004285
15,133,0.000596717
16,133,0.00034554768
17,133,0.0008473685
18,133,0.0014394373
19,133,0.00077271555
20,133,0.0010923753
21,133,0.00016460102
22,133,0.00077825226
23,133,0.0007848516
24,133,0.00059432536
25,133,0.00097312406
26,133,0.0010473141
27,133,0.00078971684
28,133,0.0004927777
29,133,0.00089888275
30,133,0.0012666164
31,133,0.00044435356
32,133,0.0010136459
33,133,0.0014266949
34,133,0.0014210436
35,133,0.0007511014
36,133,0.0005488405
37,133,0.00064270385
38,133,0.0010181423
39,133,0.0006123977
40,133,0.000754728
41,133,0.0011152066
42,133,0.000593747
43,133,0.001373793
44,133,0.00079731457
45,133,0.0010802839
46,133,0.0003407225
47,133,0.0004099384
48,133,0.001097546
49,133,0.0009821448
50,133,0.00064827036
51,133,0.0006311657
52,133,0.0005587749
53,133,0.0012909034
54,133,0.0005960893
55,133,0.0010529067
56,133,0.001533377
57,133,0.00083226897
58,133,0.0010030409
59,133,0.0005644914
60,133,0.0013350975
61,133,0.00080111343
62,133,0.0012225332
63,133,6.410107e-05
64,133,
65,133,
66,133,
67,133,
68,133,
69,133,
70,133,
71,133,
72,133,
73,133,
74,133,
75,133,
76,133,0.0005955687
77,133,0.00068371
78,133,0.00065284595
79,133,0.000704919
80,133,0.0014192788
81,133,0.0003970908
82,133,0.00037701242
83,133,0.00035236683
84,133,0.001156358
85,133,0.0006562788
86,133,0.0005278243
87,133,0.0013366593
88,133,0.0011065295
89,133,0.0010148268
90,133,0.0009029396
91,133,0.00077701267
92,133,0.0005193157
93,133,0.00094233453
94,133,0.00071008876
95,133,0.0006855149
96,133,0.00032443274
97,133,0.00046913698
98,133,0.00097055733
99,133,0.00022704247
100,133,0.0005219551
101,133,0.00029943977
102,133,9.5010735e-05
103,133,0.0005370211
104,133,0.00055912044
105,133,0.0006182026
106,133,0.0010175994
107,133,0.00059315655
108,133,0.00043937843
109,133,0.0005737152
110,133,0.0004949542
111,133,0.00051545165
112,133,0.0002661124
113,133,0.00068756845
114,133,0.00029010512
115,133,0.0005045589
116,133,0.0007896153
117,133,0.00017458107
118,133,0.00031567924
119,133,0.0007121265
120,133,0.00024388358
121,133,0.00034145452
122,133,0.00037031155
123,133,0.0007360354
124,133,0.00011256244
125,133,0.00052299723
126,133,0.0007506637
127,133,0.0009180121
128,133,0.00082746055
129,133,
130,133,0.0011120867
131,133,0.00039888453
132,133,0.00044426508
133,133,0.0008995505
134,133,-6.478466e-05
135,133,0.00090673845
136,133,0.0006880313
137,133,0.00052438956
138,133,0.0002782857
139,133,0.00033682492
140,133,0.00038154796
141,133,0.0006523179
142,133,0.0005686153
143,133,0.00090358127
144,133,0.00032218732
145,133,0.00081898924
146,133,0.0006490741
147,133,0.00080134254
148,133,8.681789e-05
149,133,0.0008317726
150,133,0.000473422
151,133,0.00074688066
152,133,0.0006547328
153,133,0.00033324026
154,133,-0.00011096895
155,133,0.001080527
156,133,0.00034108013
157,133,0.0003331937
158,133,0.0005141366
159,133,0.0002673259
160,133,0.00048674643
161,133,0.0003152676
162,133,0.0012354208
163,133,0.0003065681
164,133,0.0005326532
165,133,0.0003953455
166,133,0.00094421394
167,133,0.0006080484
168,133,0.0006041955
169,133,0.0007169321
170,133,0.0004049465
171,133,0.00072926003
172,133,0.0007771328
173,133,0.00023507513
174,133,0.00013778545
175,133,0.0005285591
176,133,0.00018458534
177,133,0.00088627357
178,133,0.00048430264
179,133,0.0006119944
180,133,0.0006807316
181,133,0.0007306058
182,133,0.00053590536
183,133,0.00057723373
184,133,0.0004362529
185,133,0.0004872391
186,133,0.0009595845
187,133,0.0008776253
188,133,0.0009223679
189,133,0.0006369483
190,133,0.00042364467
191,133,0.0006855959
192,133,0.00055628456
193,133,0.0004594177
194,133,0.00058340095
195,133,0.00078374706
196,133,0.0003619194
197,133,0.00032023154
198,133,0.00026581902
199,133,0.0005871421
200,133,0.0005846787
201,133,0.0006615743
202,133,0.000690951
203,133,0.0010473877
204,133,0.0006032679
205,133,0.00063316897
206,133,0.00029912498
207,133,8.8151544e-05
208,133,0.00016137585
209,133,0.00083459076
210,133,0.0002526585
211,133,0.00045472756
212,133,0.00037793256
213,133,0.00036269054
214,133,0.00025941525
215,133,0.00033430755
216,133,0.0006978614
217,133,0.0003439514
218,133,-6.3217245e-05
219,133,0.0004083393
220,133,0.00053528324
221,133,0.0002679862
222,133,-0.00021427032
223,133,2.4240464e-05
224,133,0.00063425116
225,133,0.0007774187
226,133,0.00050016306
227,133,0.00025089644
228,133,9.869505e-05
229,133,0.00070265494
230,133,0.00037708227
231,133,0.0006890213
232,133,3.5719015e-05
233,133,8.4849074e-05
234,133,0.00017215405
235,133,0.00017131213
236,133,0.0003899932
237,133,0.00030942075
238,133,0.00015429966
239,133,0.00020217709
240,133,0.0007663043
241,133,0.00032592006
242,133,0.00031069294
243,133,0.00050482806
244,133,0.00024731923
245,133,0.0008386038
246,133,-0.00029269885
247,133,0.0006544115
248,133,0.00022256188
249,133,0.0002563186
250,133,0.00020674057
251,133,0.00070554856
252,133,0.00075912476
253,133,0.000596744
254,133,0.0009467602
255,133,0.00087748095
256,133,0.00063460786
257,133,0.00051864143
258,133,0.00042733178
259,133,0.000667369
260,133,0.00058674533
261,133,0.0011158837
262,133,0.0005309861
263,133,0.0011796076
264,133,0.001126416
265,133,0.0006787535
266,133,0.00054841395
267,133,0.00070606824
268,133,0.00043004472
269,133,0.0002875477
270,133,-1.0961667e-05
271,133,9.8812394e-05
272,133,0.0004132334
273,133,0.00083168596
274,133,0.00023196824
275,133,-0.00016580336
276,133,0.00043600518
277,133,0.0004200954
278,133,0.0002763914
279,133,0.000775706
280,133,0.00021849759
281,133,0.00019558519
282,133,-4.5564026e-05
283,133,0.00070328545
284,133,0.0005079396
285,133,-0.00024182722
286,133,6.727595e-05
287,133,0.00097196084
288,133,0.0002979543
289,133,0.00045230426
290,133,0.00070328545
291,133,0.00091899745
292,133,0.00045888033
293,133,0.0006586015
294,133,0.00047807023
295,133,0.0010662051
296,133,0.00042075664
297,133,0.00068714377
298,133,0.0010925289
299,133,0.0009531826
300,133,0.0009126887
301,133,0.0005644802
302,133,0.0009182133
303,133,0.0008284673
304,133,0.0007534139
305,133,0.0007087514
306,133,0.0007169284
307,133,4.270114e-06
308,133,0.0005835267
309,133,0.0007334454
310,133,0.0009802794
311,133,0.0006912444
312,133,0.000545945
313,133,0.00074236
314,133,0.0003667334
315,133,0.0008311523
316,133,0.00031916238
317,133,0.0009916257
318,133,0.0006174287
319,133,0.0005911151
320,133,0.0005742181
321,133,0.0008331388
322,133,0.000437228
323,133,0.0005978914
324,133,0.00060057547
325,133,0.0005365154
326,133,0.00039254036
327,133,0.00060188957
328,133,0.00012640655
329,133,0.00046805386
330,133,0.00042389054
331,133,0.00072702486
332,133,0.00028211344
333,133,0.0004922161
334,133,0.0009171665
335,133,0.00064405985
336,133,0.00014931802
337,133,0.00034340192
338,133,0.00013194513
339,133,0.00044566207
340,133,0.00072397664
341,133,0.00039216038
342,133,0.00087337196
343,133,0.0009795679
344,133,0.000400763
345,133,0.00044365507
346,133,0.00047602504
347,133,0.00083669834
348,133,0.00047208834
349,133,0.00021665357
350,133,5.543232e-05
351,133,0.0008211266
352,133,1.4275312e-05
353,133,0.0005061906
354,133,-6.2330626e-05
355,133,1.7974526e-07
356,133,0.00049754884
357,133,-0.00013955124
358,133,0.00013251137
359,133,0.00116958
360,133,0.00024186261
361,133,0.00079282373
362,133,0.0002620574
363,133,0.0006375136
364,133,0.0004978664
365,133,0.00033920165
366,133,0.0003108699
367,133,0.0008944813
368,133,0.00030860212
369,133,0.0007911753
370,133,-6.164797e-05
371,133,-6.068591e-05
372,133,-0.00014832895
373,133,0.0004650699
374,133,-7.8983605e-05
375,133,0.00025375187
376,133,0.00039382093
377,133,0.0006354572
378,133,0.00086594746
379,133,0.00095415954
380,133,0.00049971975
381,133,9.527523e-05
382,133,0.00028658565
383,133,0.0011299159
384,133,0.0004236037
385,133,0.00083558634
386,133,5.6773424e-06
387,133,0.00049728435
388,133,0.00056000985
389,133,0.00035995897
390,133,0.00012246333
391,133,0.00034749135
392,133,0.00018288288
393,133,0.0003920691
394,133,0.00026909634
395,133,0.000624069
396,133,0.0009569749
397,133,0.0010305513
398,133,0.0006521102
399,133,0.00046748016
400,133,0.0008906275
401,133,0.0011500204
402,133,0.0005971072
403,133,0.00039013568
404,133,0.000566544
405,133,0.00010085292
406,133,0.00028868765
407,133,0.00038976967
408,133,0.00047155004
409,133,0.00040671043
410,133,7.2744675e-05
411,133,0.0007554237
412,133,0.00040922035
413,133,8.479506e-05
414,133,0.0009624073
415,133,0.00057132915
416,133,0.0008296836
417,133,0.00080764666
418,133,0.0009398246
419,133,0.000702898
420,133,0.0010137111
421,133,0.00069249887
422,133,0.00089465175
423,133,0.0010810634
424,133,0.00049055927
425,133,0.00038854592
426,133,0.00018482096
427,133,0.0005736761
428,133,0.0005025286
429,133,-8.6469576e-05
430,133,0.0004709605
431,133,0.0006574858
432,133,0.00039393827
433,133,0.00024223514
434,133,0.00034790952
435,133,0.0005320832
436,133,0.00046034716
437,133,0.0007290039
438,133,0.0009909626
439,133,0.00041689724
440,133,7.564854e-05
441,133,0.00016696751
442,133,0.00052568596
443,133,0.0007164106
444,133,0.0007026978
445,133,0.001002254
446,133,0.000108179636
447,133,0.00026387908
448,133,-5.9680082e-05
449,133,8.505583e-05
450,133,0.00022169854
451,133,0.00057584327
452,133,0.0005015163
453,133,7.767696e-05
454,133,0.000305512
455,133,0.0004270412
456,133,-0.00018827617
457,133,0.00055387616
458,133,0.00039272103
459,133,0.0008710753
460,133,0.0002750121
461,133,0.0006800797
462,133,0.00031945575
463,133,0.00027128868
464,133,5.3013675e-05
465,133,0.00044272374
466,133,0.00047920085
467,133,0.0004889583
468,133,0.00017701741
469,133,0.0008411873
470,133,0.00071502477
471,133,0.00053580664
472,133,0.00043930206
473,133,0.00074199773
474,133,0.0006853631
475,133,0.00025471672
476,133,0.00067841075
477,133,0.00044091512
478,133,0.0001073312
479,133,-4.2262487e-05
480,133,0.000694355
481,133,0.0004978711
482,133,0.0004967954
483,133,0.0013988167
484,133,0.0006346172
485,133,6.1379746e-05
486,133,0.0007644873
487,133,0.00095790625
488,133,3.8339756e-05
489,133,0.00042441953
490,133,0.0005855048
491,133,0.00025275815
492,133,0.0004335409
493,133,0.0005702488
494,133,0.00049502123
0,134,0.0007734429
1,134,0.00085839536
2,134,0.001056768
3,134,8.8603236e-05
4,134,0.0008658888
5,134,0.0007509757
6,134,0.00019111019
7,134,0.0008420665
8,134,0.0007105395
9,134,0.0008375123
10,134,0.0005020667
11,134,0.0010150261
12,134,0.0005118428
13,134,0.0007215794
14,134,0.000301403
15,134,0.0008991482
16,134,0.0011274964
17,134,0.00081638247
18,134,0.00059016235
19,134,0.0010750992
20,134,0.00065633655
21,134,0.00093549676
22,134,0.0002817521
23,134,0.00040726084
24,134,0.00053321384
25,134,0.00023271982
26,134,0.0005891882
27,134,0.0004970236
28,134,0.00020473637
29,134,0.0006993264
30,134,0.0006145835
31,134,0.00039587915
32,134,0.0008761054
33,134,0.00059591606
34,134,0.00055081677
35,134,0.00031100027
36,134,0.00051174127
37,134,0.00085115526
38,134,0.0011060266
39,134,0.0009681294
40,134,0.0008811392
41,134,0.0010716626
42,134,0.00091444515
43,134,0.0013125129
44,134,0.00065091904
45,134,0.0010298099
46,134,0.00059870444
47,134,0.0009212047
48,134,0.0008573765
49,134,0.0011362219
50,134,0.0007168632
51,134,0.0005305363
52,134,0.0011502486
53,134,0.0009867307
54,134,0.0006424282
55,134,0.0005418509
56,134,0.0013289461
57,134,0.0006308425
58,134,0.0006678831
59,134,0.0011907667
60,134,0.0008546887
61,134,0.00070843194
62,134,0.00098198
63,134,0.0004911311
64,134,
65,134,0.00050555076
66,134,0.0008776551
67,134,
68,134,
69,134,
70,134,
71,134,
72,134,
73,134,
74,134,
75,134,0.0005930476
76,134,0.00027893297
77,134,0.0002705902
78,134,0.0005403962
79,134,0.0012449846
80,134,0.000614414
81,134,0.0006414931
82,134,0.0007367935
83,134,0.0011583008
84,134,0.0009718016
85,134,0.00050755497
86,134,0.00045357645
87,134,0.0004427042
88,134,0.00027766638
89,134,0.0011313772
90,134,0.0015022708
91,134,0.00049684383
92,134,0.0010461258
93,134,0.00029281434
94,134,0.001095918
95,134,0.000833543
96,134,0.0008497024
97,134,0.00012073666
98,134,0.00016146805
99,134,0.00070303306
100,134,0.00073673204
101,134,0.0010236911
102,134,0.00043341704
103,134,0.0005818466
104,134,0.0006877389
105,134,0.00048305653
106,134,0.00047619455
107,134,0.00059101544
108,134,0.0009669792
109,134,0.00071524736
110,134,0.00031397212
111,134,0.00070402864
112,134,0.0006566653
113,134,0.0006552432
114,134,0.00012673251
115,134,0.0006509777
116,134,0.0005587917
117,134,0.00025698077
118,134,0.0001962129
119,134,-6.8491325e-05
120,134,0.0002442887
121,134,7.745437e-05
122,134,0.0006594993
123,134,0.0003464967
124,134,0.000888858
125,134,-0.00018614344
126,134,0.0012173494
127,134,0.0005418202
128,134,0.0009085899
129,134,0.0009217514
130,134,0.00033509918
131,134,-6.732158e-05
132,134,0.00073180255
133,134,0.0006159246
134,134,0.00060136244
135,134,0.0005094446
136,134,0.0004582554
137,134,0.00086755026
138,134,0.00081891194
139,134,0.00047259592
140,134,0.00086427014
141,134,0.00037916005
142,134,0.00065376237
143,134,4.9428083e-05
144,134,0.0008323174
145,134,0.0009801323
146,134,0.000710736
147,134,0.0003822837
148,134,0.00057172123
149,134,0.0005421899
150,134,0.00059278775
151,134,0.00014084298
152,134,0.00078167394
153,134,0.00094787683
154,134,0.0007004924
155,134,0.00054238364
156,134,0.00053252466
157,134,0.00048273802
158,134,0.00091817696
159,134,0.00040190015
160,134,0.0003402587
161,134,0.0007152464
162,134,0.00035683438
163,134,0.00043248571
164,134,0.0005670283
165,134,0.0002811756
166,134,0.00036245305
167,134,0.0008051647
168,134,0.0008110516
169,134,0.0010536211
170,134,0.00087891985
171,134,0.00046885666
172,134,0.00052938797
173,134,0.0004333658
174,134,0.00022665132
175,134,0.0009536147
176,134,0.00089820474
177,134,0.00052082166
178,134,0.0005970085
179,134,0.0004891874
180,134,0.0007241443
181,134,0.00074020773
182,134,0.000673037
183,134,0.0005420055
184,134,0.000742333
185,134,0.00082983915
186,134,0.00012885593
187,134,0.0006471202
188,134,0.00087170023
189,134,0.00082801655
190,134,0.00052197184
191,134,0.00040320586
192,134,0.0005335482
193,134,0.00043865293
194,134,0.00040687062
195,134,0.0009438712
196,134,0.00064573996
197,134,0.00066269655
198,134,0.00042911805
199,134,0.00048130844
200,134,0.00015850365
201,134,0.0005704155
202,134,0.0007220553
203,134,0.00035524555
204,134,0.0002455609
205,134,0.00054307655
206,134,0.0004251562
207,134,0.00045201182
208,134,0.00071644783
209,134,-2.780836e-05
210,134,0.00029388815
211,134,0.000116537325
212,134,0.0007148972
213,134,0.00069786236
214,134,0.0006978316
215,134,0.00013622735
216,134,0.0007598996
217,134,0.00053917617
218,134,0.0006666072
219,134,0.0007638009
220,134,0.00036870874
221,134,0.00077626854
222,134,0.0006385911
223,134,4.104525e-05
224,134,0.00010724459
225,134,0.0004678229
226,134,0.0010180268
227,134,0.00036834832
228,134,0.00067852344
229,134,0.0008719377
230,134,0.00057772174
231,134,0.00033093337
232,134,0.00033329986
233,134,0.0001879679
234,134,0.00070457533
235,134,0.0005504694
236,134,0.00036253687
237,134,0.0005851649
238,134,0.00027675554
239,134,0.000685256
240,134,0.00060157944
241,134,0.0006130906
242,134,0.0010379115
243,134,0.0007138159
244,134,0.00067834835
245,134,0.00019341055
246,134,0.00051433034
247,134,0.00027636252
248,134,0.00067294296
249,134,0.00046777073
250,134,0.000551912
251,134,0.00045333523
252,134,-3.4717843e-05
253,134,0.00018995628
254,134,0.0004295921
255,134,0.0005056402
256,134,0.00023339503
257,134,0.0008988045
258,134,0.0009409804
259,134,0.0010895776
260,134,0.0004279837
261,134,0.00041562505
262,134,0.0006795395
263,134,0.00046139024
264,134,0.0007903874
265,134,0.0007571727
266,134,0.0007247189
267,134,0.00077269133
268,134,0.00047546066
269,134,0.00053911936
270,134,0.00044496637
271,134,0.0010481868
272,134,0.0004274808
273,134,0.0007726848
274,134,0.0004886128
275,134,7.54362e-05
276,134,0.00081147347
277,134,-0.00014874805
278,134,0.00051999185
279,134,0.0009151641
280,134,0.0007045362
281,134,0.00030766614
282,134,0.00081872754
283,134,0.00028787833
284,134,0.00051878113
285,134,0.000763841
286,134,0.00024249125
287,134,6.1035156e-05
288,134,0.0012372695
289,134,0.00032005925
290,134,0.00032455474
291,134,0.0007039849
292,134,0.00019634236
293,134,0.000707468
294,134,0.00035740808
295,134,0.0005123671
296,134,0.0006148247
297,134,0.00052065495
298,134,0.000746605
299,134,0.00021003745
300,134,0.00016739033
301,134,0.00029517058
302,134,0.000471347
303,134,0.00043633394
304,134,0.00076121837
305,134,0.00020172633
306,134,0.00085799955
307,134,0.0009837933
308,134,0.0006313352
309,134,0.0010649664
310,134,0.0010987725
311,134,0.00049581844
312,134,0.0007500481
313,134,0.0008456269
314,134,0.00082683936
315,134,0.00042675063
316,134,0.00085798185
317,134,0.00064494275
318,134,0.00046520866
319,134,0.00045920163
320,134,0.0006707031
321,134,0.00038769096
322,134,0.0007570144
323,134,0.0005422989
324,134,0.00024108682
325,134,-0.00010825135
326,134,0.00050328206
327,134,0.00069841556
328,134,0.0006095497
329,134,0.000109164976
330,134,0.00059025176
331,134,0.000711347
332,134,0.00034556724
333,134,0.00019260775
334,134,0.0007307865
335,134,-0.000117121264
336,134,0.0011875806
337,134,0.00037354324
338,134,0.00036548916
339,134,0.0004959386
340,134,0.00043928623
341,134,0.000587482
342,134,0.00015176088
343,134,-0.000160411
344,134,0.00047010928
345,134,0.00023952499
346,134,0.0005352227
347,134,0.000603172
348,134,0.00032297242
349,134,0.00072674174
350,134,0.00045805704
351,134,0.00029087346
352,134,0.0006153537
353,134,0.0007788576
354,134,0.00033251382
355,134,0.00093128905
356,134,0.00045899488
357,134,0.00044299848
358,134,0.00010745227
359,134,0.00050869025
360,134,0.00060051493
361,134,8.0427155e-05
362,134,0.0010073166
363,134,0.0002811635
364,134,0.0007001534
365,134,0.00041398033
366,134,0.00073028635
367,134,0.00032249093
368,134,0.00038529187
369,134,0.00010112859
370,134,-5.786121e-05
371,134,0.0009156987
372,134,0.0011231955
373,134,0.00025848858
374,134,0.0009380989
375,134,-8.003786e-05
376,134,9.560771e-05
377,134,0.00047815125
378,134,0.00076588895
379,134,0.00062244665
380,134,0.0004914552
381,134,0.00026467256
382,134,0.00046794582
383,134,3.4562312e-05
384,134,0.0005076472
385,134,0.0010149525
386,134,0.00036236178
387,134,0.0003264686
388,134,0.0008568736
389,134,0.0007122671
390,134,0.00032096356
391,134,0.00071584247
392,134,0.00030602422
393,134,0.0004590843
394,134,0.00037213508
395,134,0.0009723455
396,134,-3.4332275e-05
397,134,0.00062781945
398,134,0.00073566474
399,134,0.0003865594
400,134,0.000102685764
401,134,0.00038415194
402,134,0.00067975745
403,134,0.00048424676
404,134,0.00082467403
405,134,0.0007222146
406,134,0.0008847341
407,134,0.0003828071
408,134,0.00092850253
409,134,0.00065758824
410,134,0.00034444034
411,134,0.00090829656
412,134,0.0005894881
413,134,0.00075666606
414,134,0.00021863915
415,134,0.0006867908
416,134,0.00032140687
417,134,0.0007098019
418,134,0.00049914327
419,134,0.0008349512
420,134,0.0010805652
421,134,0.00016367622
422,134,0.0007126583
423,134,0.00046676397
424,134,0.0008278191
425,134,0.0008814847
426,134,0.00032728538
427,134,0.00053608697
428,134,0.0008311998
429,134,0.0007361723
430,134,0.0006923424
431,134,0.0009975554
432,134,0.00024338439
433,134,0.0003418466
434,134,0.000311221
435,134,0.0005820235
436,134,4.5767054e-05
437,134,-0.00028291345
438,134,0.00052804686
439,134,0.0007967204
440,134,0.00054031424
441,134,0.0005787797
442,134,0.00056949817
443,134,0.00050567184
444,134,0.00014810357
445,134,0.00030580163
446,134,0.000547071
447,134,0.00043868925
448,134,0.00058470946
449,134,4.2734668e-05
450,134,0.0006394321
451,134,0.00036557205
452,134,0.0003195824
453,134,0.0002566129
454,134,8.002017e-05
455,134,0.00024408754
456,134,0.0008924417
457,134,0.001064051
458,134,0.0006963005
459,134,0.00054860674
460,134,0.00035477336
461,134,0.0005305093
462,134,0.00046169665
463,134,-0.00019950233
464,134,0.0008192351
465,134,0.00070968736
466,134,0.00056497194
467,134,0.00070490874
468,134,-0.00016058888
469,134,-0.00024772435
470,134,0.00059139356
471,134,0.00036540534
472,134,0.0002714265
473,134,0.00022661779
474,134,0.00036495924
475,134,0.00052781496
476,134,0.0007806858
477,134,-0.00014158804
478,134,0.00028068107
479,134,0.0002488466
480,134,0.0004236605
481,134,0.00077968463
482,134,3.2735988e-06
483,134,0.0004421724
484,134,0.00075362716
485,134,0.0006121425
486,134,0.00086422265
487,134,8.502975e-05
488,134,0.00060670264
489,134,0.0004947167
490,134,0.0005627312
491,134,2.2149645e-05
492,134,-7.1829185e-05
493,134,0.0009921677
494,134,2.2334978e-05
0,135,0.0008095298
1,135,0.00047556031
2,135,0.0005437825
3,135,0.0007587839
4,135,0.0009772591
5,135,0.00068262126
6,135,0.00076066144
7,135,0.00056395866
8,135,0.00067295413
9,135,0.0006544972
10,135,0.00049692206
11,135,0.00047368556
12,135,0.0011382774
13,135,0.0006935019
14,135,0.0008414509
15,135,0.0005833758
16,135,0.0005575223
17,135,0.0013619885
18,135,0.0008994397
19,135,0.0006422382
20,135,0.0003900528
21,135,0.0011539711
22,135,0.0012164572
23,135,0.0007221801
24,135,0.0009470694
25,135,0.0012999298
26,135,0.0009918129
27,135,0.000828743
28,135,0.00074765086
29,135,0.00019320194
30,135,0.0008814661
31,135,0.0010238048
32,135,0.00083944853
33,135,0.00063006394
34,135,0.0011104997
35,135,0.00080076326
36,135,0.0006888136
37,135,0.0013470203
38,135,0.0013418859
39,135,0.0008523585
40,135,0.00058731623
41,135,0.00031909905
42,135,0.0008330103
43,135,0.0007751696
44,135,0.0006114198
45,135,0.00093848445
46,135,0.0011966368
47,135,0.0007069586
48,135,0.000866984
49,135,0.00086063426
50,135,0.00054219645
51,135,0.0013645086
52,135,0.0008105198
53,135,0.0014417293
54,135,0.0012027808
55,135,0.0010151584
56,135,0.0007818807
57,135,0.00085349847
58,135,0.0013703508
59,135,0.001064755
60,135,0.0011924785
61,135,0.00056603365
62,135,0.0008672932
63,135,0.00053907465
64,135,0.00051298086
65,135,0.00087174494
66,135,0.0010368358
67,135,
68,135,
69,135,
70,135,
71,135,
72,135,
73,135,
74,135,
75,135,0.00017823745
76,135,0.0003748685
77,135,0.0004888624
78,135,0.00030387845
79,135,0.0008107228
80,135,0.0010498967
81,135,0.0005521551
82,135,0.0006531533
83,135,0.0012502251
84,135,0.0008396935
85,135,0.0008104211
86,135,0.0010554288
87,135,0.0006978996
88,135,0.0008180905
89,135,0.0008107275
90,135,0.0007465603
91,135,0.0012531355
92,135,0.0004194565
93,135,0.0009220112
94,135,0.00076839514
95,135,0.0009583514
96,135,0.0006012665
97,135,0.0005182484
98,135,0.00044661202
99,135,0.00043333974
100,135,0.00041416287
101,135,0.00042640977
102,135,0.00051569566
103,135,0.00035522785
104,135,0.0005193809
105,135,0.00033746567
106,135,0.00046641938
107,135,0.0010234043
108,135,0.00084205996
109,135,0.0007350184
110,135,0.00039134175
111,135,0.0007933406
112,135,0.00015268195
113,135,0.0006902348
114,135,0.0010461854
115,135,0.00040864665
116,135,0.0005178163
117,135,0.00064099766
118,135,0.00062924717
119,135,0.0002493225
120,135,0.00070553925
121,135,0.00041538198
122,135,0.00068763085
123,135,0.0002559526
124,135,4.378427e-05
125,135,0.0007791463
126,135,0.00069460087
127,135,0.00013460126
128,135,0.0007225061
129,135,0.000205677
130,135,0.0006951466
131,135,0.0004211357
132,135,0.0011537941
133,135,0.00047362782
134,135,0.00071812514
135,135,0.00042882003
136,135,0.00026849844
137,135,0.000755053
138,135,0.00043923222
139,135,0.0009155404
140,135,0.0004692003
141,135,0.00010368042
142,135,0.00068690814
143,135,0.0003756713
144,135,0.0006342372
145,135,0.0005119955
146,135,0.00028038677
147,135,0.00026158057
148,135,0.0004446907
149,135,0.0004194621
150,135,0.0010872297
151,135,0.0008409126
152,135,0.00028036349
153,135,0.00084230397
154,135,0.0006319843
155,135,0.00045511313
156,135,0.0004670322
157,135,0.00017559808
158,135,0.0003313506
159,135,0.0006785607
160,135,0.0005702572
161,135,0.0004970841
162,135,0.0007351702
163,135,0.0007523829
164,135,0.00064356904
165,135,0.00073857047
166,135,9.444542e-05
167,135,0.0006793011
168,135,0.0008048378
169,135,0.00031141005
170,135,0.000116134994
171,135,0.0005936213
172,135,0.00060888473
173,135,0.0009392528
174,135,0.00055351295
175,135,0.0006396333
176,135,0.00088761
177,135,-0.00017080922
178,135,0.00060546305
179,135,0.00016724505
180,135,0.0006064065
181,135,0.00032421667
182,135,0.00031650905
183,135,0.0003336966
184,135,0.0005562678
185,135,0.00040720496
186,135,0.00096828677
187,135,0.000883556
188,135,0.00064496044
189,135,0.00043677166
190,135,0.00039920956
191,135,8.861162e-05
192,135,0.00057782046
193,135,0.00050656125
194,135,0.000780805
195,135,0.00047219265
196,135,0.00047917943
197,135,0.0008928012
198,135,0.0010802969
199,135,0.00051816367
200,135,0.00071779545
201,135,0.000777578
202,135,0.00057857204
203,135,0.0006125597
204,135,0.0007394282
205,135,0.0004271632
206,135,0.00077534653
207,135,0.0008011889
208,135,0.0009088926
209,135,4.696101e-05
210,135,0.000100482255
211,135,0.00054771453
212,135,9.825267e-05
213,135,0.00027039833
214,135,0.0005364064
215,135,7.235538e-05
216,135,0.0007909732
217,135,0.00045760348
218,135,0.00061380304
219,135,-5.480554e-05
220,135,0.000928849
221,135,0.00073716324
222,135,-8.5032545e-05
223,135,0.00033642538
224,135,0.0007282691
225,135,0.000579508
226,135,0.0005600443
227,135,0.0010751681
228,135,-5.9645623e-05
229,135,-5.0051138e-05
230,135,0.00053143315
231,135,0.0007066112
232,135,0.0007772362
233,135,0.00047720876
234,135,-0.00011973176
235,135,0.00063418504
236,135,0.0007670112
237,135,0.0004154276
238,135,-0.00014352333
239,135,0.000295314
240,135,-0.00014307443
241,135,0.00046183448
242,135,0.00029799156
243,135,0.00015516765
244,135,8.633826e-05
245,135,0.00046948902
246,135,0.00021625031
247,135,0.0004372485
248,135,0.0005532447
249,135,0.00049332343
250,135,0.0009963633
251,135,0.001083157
252,135,0.0010512043
253,135,0.0005196603
254,135,0.0006168764
255,135,0.0006181728
256,135,0.00045339763
257,135,0.0003332775
258,135,0.0005694609
259,135,0.00041123945
260,135,0.00077605806
261,135,0.00055732485
262,135,0.0013900176
263,135,0.0005017705
264,135,0.00058448594
265,135,0.0010561291
266,135,0.00051661767
267,135,0.00033731107
268,135,0.00028783176
269,135,0.00048109237
270,135,0.0002977727
271,135,0.00082798675
272,135,0.0003825808
273,135,2.2192486e-05
274,135,0.00015812181
275,135,0.0011741892
276,135,0.00075005554
277,135,0.0012687724
278,135,0.0006813444
279,135,0.00064946804
280,135,0.00027206354
281,135,0.00088152103
282,135,0.0004955223
283,135,0.0007400904
284,135,0.00060443114
285,135,0.00054363906
286,135,0.00046150573
287,135,0.00019802712
288,135,0.001013414
289,135,0.001077028
290,135,0.00092559867
291,135,0.00016044267
292,135,0.0005134987
293,135,0.0008096583
294,135,0.00047480222
295,135,0.0007783361
296,135,0.0005539581
297,135,0.0010112356
298,135,0.00036378298
299,135,0.00058753975
300,135,0.0012210701
301,135,0.0006113108
302,135,0.00059126876
303,135,0.0012297928
304,135,0.00038466603
305,135,0.0010930877
306,135,0.0007367935
307,135,0.0009129029
308,135,0.0008040583
309,135,0.00052006263
310,135,0.0005810652
311,135,0.0006432291
312,135,0.00076606125
313,135,0.00073549896
314,135,0.0005274806
315,135,0.001192552
316,135,0.00090832077
317,135,0.000580566
318,135,0.00051494036
319,135,0.00085592177
320,135,0.00094605796
321,135,0.00016083382
322,135,0.00024159905
323,135,0.0005897125
324,135,0.00040521286
325,135,0.000104594044
326,135,0.00049459003
327,135,0.0008217273
328,135,0.00057729706
329,135,4.2857602e-05
330,135,0.0002307212
331,135,0.0006055739
332,135,0.00054159015
333,135,0.00042727217
334,135,0.00074913446
335,135,0.0003223028
336,135,0.00079440046
337,135,0.00045230985
338,135,0.0009592958
339,135,0.00057417154
340,135,0.00047778618
341,135,0.0006491896
342,135,-0.00013812818
343,135,0.00024319626
344,135,0.0010706829
345,135,0.0006169956
346,135,0.0006737998
347,135,4.8245303e-05
348,135,0.00087360106
349,135,0.00063629635
350,135,0.0002756277
351,135,0.0008995207
352,135,0.00017176382
353,135,0.00040716678
354,135,-2.894178e-05
355,135,0.0008921521
356,135,0.00046702754
357,135,0.0010579685
358,135,-8.265488e-06
359,135,0.0001752954
360,135,0.00017133262
361,135,0.00022822618
362,135,0.00022285245
363,135,0.00086811837
364,135,0.0003781179
365,135,0.00013858452
366,135,0.00085926615
367,135,0.00094714947
368,135,0.0001870608
369,135,-0.00017775036
370,135,0.00052313507
371,135,0.00028643012
372,135,0.0005201055
373,135,0.00050421804
374,135,0.0007726699
375,135,0.00076919235
376,135,0.0007455833
377,135,-0.00037711952
378,135,0.00033013895
379,135,0.00054544304
380,135,0.00010933634
381,135,0.0007957341
382,135,0.00066116825
383,135,0.0005369345
384,135,0.0005565975
385,135,0.0008021211
386,135,0.00093245134
387,135,0.0006380966
388,135,0.0009838548
389,135,0.0008246163
390,135,-3.21744e-05
391,135,0.00064506195
392,135,0.0011106879
393,135,0.0006542178
394,135,0.00035051722
395,135,0.00043556653
396,135,0.0004592035
397,135,0.0006949911
398,135,0.00092502404
399,135,0.00018400326
400,135,0.00039639138
401,135,0.00046077464
402,135,0.00016760267
403,135,0.0001410693
404,135,0.00079596415
405,135,0.0010532103
406,135,0.0004567001
407,135,0.00048178062
408,135,0.00023487024
409,135,0.00029785838
410,135,0.000482779
411,135,0.00047492888
412,135,0.00073909666
413,135,0.0004583085
414,135,0.00056378637
415,135,0.0008644946
416,135,0.00027743075
417,135,0.0007721046
418,135,0.00046604592
419,135,0.00075129233
420,135,0.0004968308
421,135,0.0009545814
422,135,0.00079909526
423,135,0.00039745308
424,135,0.0005703578
425,135,0.00073031243
426,135,0.0004941672
427,135,0.00034052972
428,135,0.00056467764
429,135,0.000408357
430,135,0.00097389333
431,135,0.0006115632
432,135,0.0006573368
433,135,0.00081684627
434,135,0.00025226362
435,135,0.00061285775
436,135,-0.00019645784
437,135,0.0010074843
438,135,9.7567216e-05
439,135,0.00015248545
440,135,0.0002458021
441,135,0.00018784031
442,135,0.0007866146
443,135,0.00013705157
444,135,0.00048763677
445,135,0.00031604897
446,135,7.015839e-05
447,135,0.000478887
448,135,1.40937045e-05
449,135,0.00067714695
450,135,0.0006328514
451,135,0.0001425147
452,135,0.0004937677
453,135,0.00041987468
454,135,0.00022148155
455,135,-5.4873526e-05
456,135,0.0006013112
457,135,0.0004283134
458,135,0.0005678013
459,135,0.000426542
460,135,0.00031333137
461,135,0.0006403737
462,135,0.00041354448
463,135,9.285286e-05
464,135,0.00049892906
465,135,0.0010381769
466,135,0.0004535755
467,135,0.0004226882
468,135,0.000272627
469,135,0.0009178333
470,135,0.00043148082
471,135,0.00064622797
472,135,0.00035044085
473,135,0.0011193594
474,135,-0.00032038707
475,135,0.00078085065
476,135,0.0006733984
477,135,0.0007569846
478,135,0.00042403582
479,135,0.0012605926
480,135,0.0012354357
481,135,0.0004928224
482,135,0.00076359324
483,135,0.00038078893
484,135,0.00036505982
485,135,0.00020976458
486,135,0.00031724758
487,135,0.00020029303
488,135,0.00027340464
489,135,0.00032336917
490,135,0.0009170426
491,135,0.0007012645
492,135,0.000516532
493,135,0.0008044038
494,135,0.0006116489
0,136,0.0009687906
1,136,0.00072654616
2,136,0.00069668517
3,136,0.0011348883
4,136,0.00030727312
5,136,0.00070120767
6,136,0.00032662041
7,136,0.00034135114
8,136,0.0006456906
9,136,0.00060232077
10,136,0.0003171172
11,136,0.00061034877
12,136,0.00076375157
13,136,0.0012602229
14,136,0.00059777126
15,136,0.0005282387
16,136,0.0008202866
17,136,0.0007626936
18,136,0.0008765375
19,136,0.00081369
20,136,0.0003609676
21,136,0.0007585315
22,136,0.0002503367
23,136,0.001416916
24,136,0.00012281071
25,136,0.0008549094
26,136,0.0011638198
27,136,0.00046001282
28,136,0.0015093619
29,136,0.0014513135
30,136,0.00089064986
31,136,0.0009473767
32,136,0.0005950928
33,136,0.00031690672
34,136,0.001242131
35,136,0.0010373779
36,136,0.0007726662
37,136,0.0008218251
38,136,0.0010332009
39,136,0.0010021338
40,136,0.00033561513
41,136,0.0011993963
42,136,0.0009246208
43,136,0.0013341922
44,136,0.00047770608
45,136,0.0003367383
46,136,0.0011381982
47,136,0.00093157403
48,136,0.0010171095
49,136,0.0011696918
50,136,0.0010732803
51,136,0.00042462442
52,136,0.00097308774
53,136,0.00031850673
54,136,0.00084554777
55,136,0.0008018119
56,136,0.0011556279
57,136,0.0008556349
58,136,0.0012008604
59,136,0.0009294143
60,136,0.0008502556
61,136,0.000497642
62,136,0.00067284796
63,136,0.0010388531
64,136,0.0010006791
65,136,0.0004825471
66,136,0.0006566271
67,136,
68,136,
69,136,
70,136,
71,136,
72,136,
73,136,
74,136,
75,136,0.0005840901
76,136,0.00052194577
77,136,0.0008440707
78,136,-0.00011521112
79,136,0.0007880302
80,136,0.0006977394
81,136,0.0006055068
82,136,-0.00016977265
83,136,0.0009588972
84,136,0.00079417694
85,136,0.00069478154
86,136,0.00061880145
87,136,0.00049052946
88,136,0.00051496737
89,136,0.00068634003
90,136,0.00069006626
91,136,0.0006915033
92,136,0.00095829833
93,136,0.0010167062
94,136,0.00039140787
95,136,0.00042394735
96,136,0.0002727518
97,136,0.00027841236
98,136,0.00065038074
99,136,0.0005417587
100,136,0.0003556423
101,136,0.00072161667
102,136,0.0006100163
103,136,0.0004894538
104,136,0.00044059288
105,136,0.0006220592
106,136,0.00066662766
107,136,0.0007941099
108,136,0.00059051067
109,136,0.0005044695
110,136,0.0007644249
111,136,0.000844487
112,136,0.0006182641
113,136,0.00055561215
114,136,0.0004460737
115,136,0.0004934892
116,136,0.0008528959
117,136,0.00058750063
118,136,-1.9379891e-05
119,136,0.0007415712
120,136,0.0006110044
121,136,-3.264565e-05
122,136,0.000209786
123,136,0.00091341045
124,136,0.0004247157
125,136,-0.00018410105
126,136,-0.0002926644
127,136,0.0008807732
128,136,8.7503344e-05
129,136,0.00060191937
130,136,0.00014382694
131,136,-0.00011232868
132,136,0.0001899479
133,136,2.3534521e-05
134,136,0.0007121721
135,136,0.0002599284
136,136,0.00041814707
137,136,0.0004649721
138,136,0.0001299642
139,136,0.00069488864
140,136,0.00048713386
141,136,0.00024821237
142,136,0.00010615308
143,136,0.0003776541
144,136,0.00064557046
145,136,0.0007695295
146,136,0.00047638826
147,136,0.00072564743
148,136,0.0005292902
149,136,0.0005955249
150,136,0.00040605105
151,136,0.0002809465
152,136,0.00035789236
153,136,0.00031838287
154,136,0.00046056136
155,136,0.00028753188
156,136,0.00014922954
157,136,0.00045898557
158,136,0.0003902372
159,136,0.0006557293
160,136,0.0005836468
161,136,0.0005550161
162,136,2.7334318e-05
163,136,0.00059921667
164,136,0.0007944191
165,136,0.00084388815
166,136,0.0006590588
167,136,0.00034807157
168,136,0.0006922893
169,136,0.00043012295
170,136,0.00051127095
171,136,0.00074938126
172,136,0.00053761434
173,136,0.00039770827
174,136,0.00043756887
175,136,0.00042467937
176,136,0.00028788485
177,136,0.0004990818
178,136,0.00049148593
179,136,0.0004889788
180,136,0.00074922014
181,136,0.0006115455
182,136,0.00051694456
183,136,0.00033220463
184,136,0.00023537502
185,136,0.0007286081
186,136,-5.0375238e-05
187,136,0.00043499004
188,136,0.00061154086
189,136,0.00066407584
190,136,0.00031282194
191,136,0.0003655888
192,136,0.00045895018
193,136,0.0010581547
194,136,0.00025568157
195,136,0.0008555241
196,136,0.00033138506
197,136,0.0006105248
198,136,0.0002404023
199,136,0.0004194528
200,136,0.0004254775
201,136,0.0005080318
202,136,0.0006651506
203,136,0.00050972216
204,136,0.00036599115
205,136,0.00046354905
206,136,0.00016871188
207,136,0.00012599956
208,136,0.000562584
209,136,0.0002010772
210,136,0.00010954216
211,136,0.0007334966
212,136,0.00041751377
213,136,0.0002546599
214,136,0.0003895508
215,136,0.00088841375
216,136,0.0004351223
217,136,0.00074594095
218,136,0.00070219673
219,136,-1.9608065e-05
220,136,0.00015253015
221,136,0.00061101
222,136,0.00017199293
223,136,0.00047370605
224,136,0.00024824217
225,136,0.0005361559
226,136,0.0006436212
227,136,0.0003277799
228,136,0.00054086465
229,136,0.0010554884
230,136,0.000636003
231,136,0.0001178598
232,136,0.0003569126
233,136,0.0004417533
234,136,0.0006228229
235,136,0.00026154052
236,136,-0.0002620006
237,136,0.0004404299
238,136,0.0004503755
239,136,0.0009478573
240,136,0.00052970555
241,136,9.7489916e-05
242,136,0.00019091554
243,136,0.00035016984
244,136,0.00054667704
245,136,0.00047083478
246,136,0.0006200187
247,136,0.00047007762
248,136,0.00063400157
249,136,5.8442354e-05
250,136,0.0006822478
251,136,0.0007427046
252,136,0.00082510244
253,136,0.00013849512
254,136,0.00051535945
255,136,0.00031596608
256,136,0.00057606306
257,136,0.0005527325
258,136,0.00030049402
259,136,0.00075635314
260,136,-0.00016971957
261,136,0.0011126753
262,136,-3.1199306e-05
263,136,0.00041398965
264,136,0.0011095516
265,136,0.00012375787
266,136,0.00094243325
267,136,0.00081528816
268,136,0.00064282026
269,136,0.00020785071
270,136,0.00013094675
271,136,-4.132837e-05
272,136,0.0003563827
273,136,5.5062585e-05
274,136,0.00069847796
275,136,0.00024129264
276,136,0.001359487
277,136,0.000831645
278,136,0.00033215526
279,136,0.00028084498
280,136,-9.978842e-05
281,136,0.00040499028
282,136,0.00040024053
283,136,0.0007195957
284,136,0.0009914516
285,136,0.0006780112
286,136,0.00095245894
287,136,0.0009037275
288,136,0.0005097408
289,136,0.000746903
290,136,0.00057629216
291,136,0.00039969292
292,136,0.0007978054
293,136,0.0008148253
294,136,0.00026826095
295,136,0.00011755247
296,136,0.0006214762
297,136,0.0010530362
298,136,0.0004429156
299,136,0.00051226
300,136,0.0012239199
301,136,0.00031679962
302,136,0.0008383645
303,136,0.0008322261
304,136,0.00033149123
305,136,0.0005587684
306,136,0.00045362767
307,136,0.0005479036
308,136,0.000611268
309,136,0.0005629519
310,136,0.00084423646
311,136,0.0004570391
312,136,0.00080632046
313,136,0.00042649359
314,136,0.0005345596
315,136,0.00052674394
316,136,0.00020306371
317,136,0.0007751463
318,136,0.00083435327
319,136,0.0007292386
320,136,0.0005662367
321,136,0.00038383342
322,136,0.000654852
323,136,0.0008978965
324,136,0.0007412089
325,136,0.00048144907
326,136,0.00044003688
327,136,0.0004230179
328,136,0.00038090907
329,136,0.00038963463
330,136,0.0006037457
331,136,0.0009520883
332,136,0.0007614158
333,136,0.00021031126
334,136,-0.0001875367
335,136,0.0006645685
336,136,0.0006059669
337,136,6.858073e-05
338,136,0.00018539652
339,136,0.00082000624
340,136,0.0008743135
341,136,0.00022727996
342,136,0.00014198571
343,136,0.0001963675
344,136,-0.00048074685
345,136,
346,136,0.00043219142
347,136,0.0001548864
348,136,0.00041352957
349,136,
350,136,0.0006145509
351,136,0.0007782085
352,136,0.00094826333
353,136,-7.6611526e-05
354,136,0.00023661833
355,136,0.00016387086
356,136,0.00045127515
357,136,0.0009979187
358,136,0.00075955596
359,136,0.0007238779
360,136,0.00011809822
361,136,0.0006251484
362,136,0.00050989725
363,136,7.169694e-05
364,136,0.00022949185
365,136,0.0004929481
366,136,0.00023937225
367,136,0.0003716098
368,136,0.00020811893
369,136,0.0011626864
370,136,0.00012992322
371,136,0.0005789846
372,136,0.00023779925
373,136,0.0006559985
374,136,0.0004217336
375,136,0.00063065067
376,136,-0.00041750632
377,136,7.332396e-05
378,136,0.0008704057
379,136,0.0007623015
380,136,0.000909091
381,136,8.566398e-05
382,136,0.00055444706
383,136,0.00042697135
384,136,0.0006649047
385,136,0.0013792757
386,136,0.0011695419
387,136,0.0004980052
388,136,0.0007291138
389,136,0.00094040483
390,136,0.00071854796
391,136,0.0009298669
392,136,0.0003691772
393,136,0.0009962395
394,136,0.00029287674
395,136,0.00065120216
396,136,0.00030088983
397,136,0.00019943342
398,136,-5.4067e-05
399,136,0.0002624048
400,136,0.00081377104
401,136,0.00070704427
402,136,0.00053516123
403,136,0.00060096756
404,136,0.00055329315
405,136,0.00055662356
406,136,0.0006217379
407,136,0.00022598635
408,136,-4.148204e-05
409,136,0.0003217701
410,136,0.00069594197
411,136,0.00064732134
412,136,0.00041039474
413,136,0.00035085063
414,136,0.0010969751
415,136,0.0005180687
416,136,0.00039543584
417,136,0.00073194224
418,136,-0.0001808349
419,136,0.00066013355
420,136,0.0006809421
421,136,0.00042065233
422,136,0.0008579213
423,136,0.0008672895
424,136,0.0007748781
425,136,0.0006561
426,136,0.0005877651
427,136,0.0004914263
428,136,0.0008270005
429,136,0.0006145183
430,136,0.00048444048
431,136,0.000788847
432,136,0.00088328775
433,136,-2.9833987e-05
434,136,0.0005356502
435,136,0.0005732812
436,136,0.00087977294
437,136,0.00014670286
438,136,1.736544e-05
439,136,0.00065340195
440,136,0.00017125625
441,136,0.00021518767
442,136,0.00039920025
443,136,0.00044807512
444,136,0.0004483424
445,136,0.0002791034
446,136,0.0004190933
447,136,0.00081819575
448,136,0.00023889821
449,136,0.0001574913
450,136,0.00052607246
451,136,0.0007136958
452,136,0.00042992458
453,136,0.0007569613
454,136,0.000643122
455,136,0.00092665013
456,136,0.00043747947
457,136,-5.8576465e-05
458,136,-0.0003148634
459,136,0.0005716607
460,136,-2.2344291e-05
461,136,0.0005055284
462,136,0.00062934123
463,136,0.0008469699
464,136,-3.567431e-05
465,136,0.0005174633
466,136,0.00085781515
467,136,0.00091599766
468,136,0.00092612393
469,136,0.00035652425
470,136,0.0006458461
471,136,0.00094120763
472,136,0.0007200781
473,136,0.00040951744
474,136,0.0006529009
475,136,0.0005337931
476,136,0.00034118444
477,136,0.00055561867
478,136,0.0007599527
479,136,0.0007172283
480,136,0.0007175673
481,136,0.00083335117
482,136,0.0007206993
483,136,0.00024963915
484,136,0.00086132623
485,136,0.00061936583
486,136,7.3082745e-05
487,136,0.0004671486
488,136,0.00035213307
489,136,0.0007967949
490,136,0.00086011924
491,136,0.00045659393
492,136,0.00064341445
493,136,0.0005953098
494,136,0.0005196277
0,137,0.0005443394
1,137,0.0005259216
2,137,0.00075126626
3,137,0.00039134827
4,137,0.0010018991
5,137,0.00071820617
6,137,0.0008638706
7,137,0.00079685077
8,137,0.0009766622
9,137,0.00093783904
10,137,0.0005589444
11,137,0.0004655104
12,137,0.0007226616
13,137,0.0003533652
14,137,0.0004941486
15,137,0.001612843
16,137,0.0006235186
17,137,0.0011469498
18,137,0.001251515
19,137,0.0013953391
20,137,0.0009824801
21,137,0.001007284
22,137,0.0007122215
23,137,0.00094639696
24,137,0.00045855995
25,137,0.0008043451
26,137,0.0010040356
27,137,0.00016809814
28,137,0.0012369575
29,137,0.0007014815
30,137,0.0010103639
31,137,0.0007368177
32,137,0.00029301643
33,137,0.0014477111
34,137,0.001135652
35,137,0.00045697764
36,137,0.0006226413
37,137,0.00097015593
38,137,0.0006927727
39,137,0.0010907687
40,137,0.00035941787
41,137,0.0006457353
42,137,0.0008150097
43,137,0.0013196608
44,137,0.0010381993
45,137,0.00039495714
46,137,0.00087754894
47,137,0.0007097665
48,137,0.00077220704
49,137,0.0010292483
50,137,0.0006015925
51,137,0.0009883288
52,137,0.0012149094
53,137,0.0013718233
54,137,0.0007923208
55,137,0.0014629792
56,137,0.0009810636
57,137,0.00072786864
58,137,0.0004703328
59,137,0.0008100895
60,137,0.0013023596
61,137,0.0010434221
62,137,0.0010987837
63,137,0.0008889204
64,137,0.00010456331
65,137,0.00073217787
66,137,0.0009318758
67,137,0.00062512513
68,137,
69,137,
70,137,
71,137,
72,137,
73,137,
74,137,
75,137,0.000777578
76,137,0.0004441114
77,137,0.0004115831
78,137,0.0010071751
79,137,0.00056961086
80,137,0.000541389
81,137,-0.00032470934
82,137,0.00011887401
83,137,0.0009343764
84,137,0.000342709
85,137,0.00045529567
86,137,0.0008798437
87,137,0.0007192232
88,137,0.0008395035
89,137,0.0006891489
90,137,0.00070124026
91,137,0.0006322749
92,137,0.0010836115
93,137,0.0007045176
94,137,0.0007480858
95,137,0.00094120856
96,137,0.0003552772
97,137,0.00050602295
98,137,0.0007038852
99,137,0.0007153079
100,137,0.0007767249
101,137,0.0007762555
102,137,0.00014778413
103,137,0.00058264285
104,137,0.0009552641
105,137,0.0006264299
106,137,0.00082013477
107,137,0.00032423995
108,137,0.000944647
109,137,0.0006362386
110,137,0.00055124797
111,137,0.00026844814
112,137,0.0005771639
113,137,0.00040330272
114,137,0.00065908395
115,137,0.0010670498
116,137,0.0009043915
117,137,0.00019971654
118,137,0.00026045553
119,137,0.0005231267
120,137,0.00034914352
121,137,0.0006569959
122,137,0.00072943605
123,137,0.0006752452
124,137,0.00064653624
125,137,0.00062009506
126,137,0.0009936513
127,137,0.00026054587
128,137,0.00047847256
129,137,0.0005209325
130,137,0.00040610414
131,137,0.00027952157
132,137,0.0001381822
133,137,0.0006398093
134,137,0.0004883073
135,137,0.00079331733
136,137,0.0009358665
137,137,0.0008284217
138,137,0.0010479335
139,137,0.00057646725
140,137,0.00072986726
141,137,0.0005300483
142,137,0.00086575374
143,137,0.00069220364
144,137,0.00045972504
145,137,0.00077426154
146,137,0.00070144795
147,137,0.0006063096
148,137,0.0005785115
149,137,0.0011848761
150,137,0.0009559691
151,137,0.0011246372
152,137,0.0001967987
153,137,0.0005808044
154,137,0.0005424842
155,137,0.00047775172
156,137,0.00036604516
157,137,0.00043646526
158,137,0.00037492067
159,137,0.000489844
160,137,0.0007065106
161,137,0.00040121283
162,137,0.0003790604
163,137,0.00049181096
164,137,0.00019853469
165,137,0.00058441516
166,137,0.0005587777
167,137,0.0004372131
168,137,0.00053358264
169,137,0.0003107339
170,137,0.00036951248
171,137,0.00056513026
172,137,0.0002791267
173,137,0.00038458034
174,137,0.0007833
175,137,0.00085048005
176,137,0.00079366006
177,137,0.0007975036
178,137,0.00059292186
179,137,0.0006351052
180,137,0.000806042
181,137,0.0004820656
182,137,0.00044827908
183,137,0.0005877223
184,137,0.0005396595
185,137,0.0005098274
186,137,0.00076557416
187,137,0.0006731041
188,137,0.00060847774
189,137,0.00048792828
190,137,0.00022618007
191,137,0.0011197291
192,137,0.00061986595
193,137,0.00084462855
194,137,0.000746361
195,137,0.00032935012
196,137,0.0007667905
197,137,0.0006454177
198,137,0.0007523373
199,137,0.00061271526
200,137,-8.159224e-05
201,137,0.00040855445
202,137,0.0009191027
203,137,0.00025837217
204,137,0.00075118337
205,137,0.000249736
206,137,0.0004653372
207,137,0.00013900455
208,137,0.00053088274
209,137,0.0004677754
210,137,0.0004457943
211,137,-0.00014956575
212,137,0.00028629694
213,137,0.00040479004
214,137,0.00023484789
215,137,0.00038277172
216,137,0.0001475513
217,137,-0.00036261883
218,137,0.00044978876
219,137,0.00047243945
220,137,0.00052600354
221,137,0.00061229616
222,137,0.0005392097
223,137,-0.000119565986
224,137,0.000653903
225,137,0.0007362263
226,137,0.00033340044
227,137,0.00073558744
228,137,7.766858e-05
229,137,0.0005497085
230,137,0.00087238476
231,137,-0.0002192827
232,137,0.00028137118
233,137,0.00013252161
234,137,0.00023648888
235,137,0.00015565287
236,137,0.0006053597
237,137,0.00016314443
238,137,0.00037953444
239,137,0.0006062621
240,137,0.00031197164
241,137,0.00033317134
242,137,0.00044270698
243,137,0.0001115147
244,137,0.00026019476
245,137,7.087365e-07
246,137,0.0010862025
247,137,0.00025259983
248,137,0.0008103419
249,137,0.00015717093
250,137,0.00041239988
251,137,0.00084150117
252,137,0.0003583068
253,137,0.0008667484
254,137,0.00024405587
255,137,0.0007196255
256,137,0.00023492891
257,137,0.00026263949
258,137,0.00014277082
259,137,0.0005107643
260,137,0.00056588463
261,137,0.00033231545
262,137,0.0005575102
263,137,0.00068421476
264,137,0.0008867672
265,137,0.00030356366
266,137,0.00080698077
267,137,0.00031688996
268,137,0.00057697296
269,137,0.0003196532
270,137,0.00028651766
271,137,0.0004656734
272,137,0.00019489042
273,137,0.0005279267
274,137,0.00026295427
275,137,0.00073419604
276,137,0.00041985512
277,137,-1.2692995e-05
278,137,0.00050751586
279,137,0.00037507527
280,137,0.0010648835
281,137,0.0004521124
282,137,0.00016197097
283,137,0.00028755702
284,137,0.00030417368
285,137,0.00049324427
286,137,0.0007408764
287,137,0.0010820674
288,137,0.0007442944
289,137,-6.236695e-05
290,137,0.00038474984
291,137,0.0007509822
292,137,0.00063087326
293,137,0.0006531812
294,137,0.00055521727
295,137,0.00090834685
296,137,0.00045361556
297,137,0.00062504504
298,137,0.0007695332
299,137,0.00039550848
300,137,0.00049522147
301,137,0.000855566
302,137,0.00042075664
303,137,0.00067368895
304,137,0.00040137954
305,137,0.00017200876
306,137,0.0005333107
307,137,0.00026362296
308,137,0.00065717567
309,137,0.0006835796
310,137,0.00079351943
311,137,0.0005361168
312,137,0.0004114667
313,137,0.0004848726
314,137,0.0002717264
315,137,0.000273793
316,137,0.000771353
317,137,0.00020797178
318,137,0.00050985813
319,137,0.0011962187
320,137,0.0005640369
321,137,0.00048984215
322,137,0.00023706164
323,137,0.0013057962
324,137,-8.407887e-05
325,137,0.00034569763
326,137,0.0007885061
327,137,0.0005129548
328,137,0.0005142521
329,137,-0.00016593281
330,137,3.5312958e-05
331,137,0.0005100295
332,137,0.0006997902
333,137,0.0009240713
334,137,0.0009220764
335,137,0.0003319634
336,137,0.0006295992
337,137,0.00037681777
338,137,0.00089034066
339,137,0.00039650965
340,137,-0.00021927152
341,137,0.00044219196
342,137,0.0005560601
343,137,0.00033154525
344,137,0.0005167099
345,137,0.00079815276
346,137,
347,137,0.000750361
348,137,0.00050360244
349,137,0.00071585644
350,137,9.733997e-05
351,137,0.00033474993
352,137,0.00035343412
353,137,0.00020327326
354,137,0.00077033136
355,137,-0.0005523218
356,137,0.0008042902
357,137,0.00010011811
358,137,0.0007045055
359,137,0.00045362953
360,137,0.0007368177
361,137,0.0005238913
362,137,5.9120357e-06
363,137,0.00038457103
364,137,0.0004960494
365,137,0.00054917764
366,137,0.00026883185
367,137,0.0002674209
368,137,0.0008854661
369,137,0.00040857308
370,137,0.0004625339
371,137,0.0005590925
372,137,0.0002956055
373,137,0.00018669665
374,137,0.0008322848
375,137,0.00070938
376,137,0.00070593413
377,137,0.0011131419
378,137,0.0007507894
379,137,0.0002749879
380,137,0.00018470734
381,137,0.0007262407
382,137,0.0009859148
383,137,0.00032152236
384,137,0.00053395797
385,137,0.000745886
386,137,0.00019847322
387,137,0.00087384693
388,137,0.0003970079
389,137,0.00071261544
390,137,0.0006504627
391,137,0.00048388634
392,137,-3.7386082e-05
393,137,0.00057008583
394,137,0.00021530967
395,137,0.0005563162
396,137,0.00030120648
397,137,0.0007856861
398,137,0.0011221273
399,137,0.00048826728
400,137,0.00039605517
401,137,0.0010529058
402,137,0.00086216535
403,137,0.00027872156
404,137,0.0009922981
405,137,0.0002490636
406,137,0.00062205177
407,137,0.0009144619
408,137,0.00058027357
409,137,0.00073564984
410,137,0.000818396
411,137,0.0004331246
412,137,0.00086456165
413,137,0.0007479638
414,137,0.0007416131
415,137,0.00038548652
416,137,0.0007174611
417,137,0.0011096895
418,137,0.00068968534
419,137,0.0007030433
420,137,0.000855593
421,137,0.000666582
422,137,0.00071354955
423,137,0.00048383418
424,137,0.00081388745
425,137,0.00079694577
426,137,0.00029862486
427,137,0.00048520137
428,137,-8.75406e-05
429,137,0.0010769777
430,137,0.0009958325
431,137,0.00076263025
432,137,0.00033408217
433,137,0.0004821159
434,137,0.0004840698
435,137,0.000298555
436,137,0.0007289313
437,137,0.00049597584
438,137,0.0002054805
439,137,0.0011719484
440,137,0.0004365705
441,137,0.00054552034
442,137,-2.1810643e-05
443,137,0.00077051576
444,137,0.000594751
445,137,1.9905157e-05
446,137,0.00054851454
447,137,-0.00012000557
448,137,-0.00017817877
449,137,0.00077707134
450,137,0.0006880574
451,137,0.00055518746
452,137,0.0006108554
453,137,0.0004140772
454,137,0.00040908623
455,137,-0.000121705234
456,137,-2.9232353e-05
457,137,0.0006167637
458,137,0.0006622365
459,137,9.631552e-05
460,137,0.00041982904
461,137,0.00049061887
462,137,0.00081093516
463,137,0.00059393886
464,137,0.00058264844
465,137,-0.0003482839
466,137,0.00058073923
467,137,0.0006298777
468,137,0.00054758694
469,137,0.0010105995
470,137,0.0007755691
471,137,0.000741248
472,137,0.00013851002
473,137,0.00063767843
474,137,0.00050072
475,137,0.0002546357
476,137,0.0008868994
477,137,1.9894913e-05
478,137,0.00046035647
479,137,0.00054020155
480,137,0.0003053993
481,137,0.00046871696
482,137,0.0007431442
483,137,0.00033528078
484,137,0.0004652962
485,137,0.00062371045
486,137,0.0005991589
487,137,0.0006863419
488,137,0.00034686178
489,137,0.00037886016
490,137,0.00052371994
491,137,0.0011237655
492,137,0.00047314167
493,137,0.0006246669
494,137,0.00039482862
0,138,0.0010250565
1,138,0.0007942701
2,138,0.00056847464
3,138,0.00048092473
4,138,0.00071807485
5,138,0.0007704729
6,138,0.000599361
7,138,0.0007151803
8,138,0.00029070862
9,138,0.0012924448
10,138,0.000647638
11,138,0.00082501397
12,138,0.0009771548
13,138,0.0011776509
14,138,0.0008577965
15,138,0.0004743524
16,138,0.0006762827
17,138,0.0010557761
18,138,0.00088316575
19,138,0.0007137805
20,138,0.00055444613
21,138,0.0014063874
22,138,0.0008739922
23,138,0.0012195176
24,138,0.00032190513
25,138,0.00066641904
26,138,0.00073687546
27,138,0.00019415189
28,138,0.0008360613
29,138,8.298736e-05
30,138,0.0015063593
31,138,0.0004427228
32,138,0.00028343312
33,138,0.000950166
34,138,0.00045693107
35,138,-2.7767383e-05
36,138,0.0010568406
37,138,0.00056179706
38,138,0.001491785
39,138,0.00090970006
40,138,0.00087099336
41,138,0.0015787929
42,138,0.00050937943
43,138,0.00076784566
44,138,0.00075095147
45,138,0.00024747476
46,138,0.00091081765
47,138,0.0015723323
48,138,0.00079487916
49,138,0.0006668959
50,138,0.0013954025
51,138,0.0012612799
52,138,0.0010765931
53,138,0.00055725314
54,138,0.0011260388
55,138,0.00049740076
56,138,-7.481873e-05
57,138,0.0013798466
58,138,0.00050342735
59,138,0.00092260167
60,138,0.00073901843
61,138,0.001144221
62,138,0.000560577
63,138,0.0007818118
64,138,0.0011069635
65,138,0.0011269497
66,138,0.000411639
67,138,
68,138,
69,138,
70,138,
71,138,
72,138,
73,138,
74,138,
75,138,-0.00016869418
76,138,0.00041961763
77,138,0.00031871907
78,138,0.0005768575
79,138,0.00069100596
80,138,0.0008995319
81,138,0.0014293417
82,138,0.0012913076
83,138,0.001180457
84,138,0.0011676457
85,138,0.00054362416
86,138,0.0007788241
87,138,0.0006747376
88,138,0.0003998382
89,138,0.0011590011
90,138,0.00082421117
91,138,0.0005272962
92,138,0.0009958893
93,138,0.0012856098
94,138,0.00043010898
95,138,0.00090689585
96,138,0.00047299266
97,138,0.0004281476
98,138,0.00026277266
99,138,0.000599239
100,138,0.0007760795
101,138,0.0005237842
102,138,0.00073319674
103,138,0.0009073196
104,138,0.0004147822
105,138,0.00061439164
106,138,0.00089376606
107,138,0.0007285224
108,138,0.000817121
109,138,0.00073443726
110,138,0.00037333276
111,138,0.0002848236
112,138,0.00074163266
113,138,0.0009699529
114,138,0.0007413309
115,138,0.0009650579
116,138,0.0003670333
117,138,0.00017012656
118,138,0.00014788657
119,138,0.00032214168
120,138,0.0004893476
121,138,0.00040719286
122,138,0.00049217325
123,138,-8.172542e-05
124,138,0.0008395491
125,138,7.986929e-05
126,138,0.00026976224
127,138,4.463829e-05
128,138,0.0007058382
129,138,0.00081294216
130,138,0.00062093046
131,138,
132,138,-0.00015996397
133,138,0.00014727656
134,138,0.00038646907
135,138,-2.5116839e-05
136,138,0.0006513698
137,138,0.00056582596
138,138,0.00088064186
139,138,0.00089701917
140,138,0.0010281531
141,138,0.00032092817
142,138,0.0005778251
143,138,0.00075841416
144,138,0.0010297056
145,138,0.00075629633
146,138,0.0006341543
147,138,0.0009038262
148,138,0.00034399517
149,138,0.0003432883
150,138,0.0005397629
151,138,0.0007793298
152,138,0.0005337363
153,138,0.00016252603
154,138,0.00044511538
155,138,0.00023014937
156,138,0.0006550336
157,138,-9.231176e-05
158,138,0.0006281324
159,138,0.00048250332
160,138,0.0004618438
161,138,0.0006841859
162,138,0.00014072098
163,138,0.00014590845
164,138,0.0009123804
165,138,0.00022443943
166,138,0.0005177958
167,138,0.0006308602
168,138,0.00052009337
169,138,0.0004869327
170,138,0.0009317091
171,138,0.00024506543
172,138,0.00047742203
173,138,0.00060310867
174,138,0.0001541758
175,138,0.00054108724
176,138,0.0004922431
177,138,0.00045567844
178,138,0.0005361652
179,138,0.00030861702
180,138,0.0005796682
181,138,0.00054798834
182,138,1.7371029e-05
183,138,0.0003712708
184,138,0.00029970612
185,138,0.00046657678
186,138,0.0008483548
187,138,0.00031004846
188,138,0.0005980963
189,138,0.00062753353
190,138,0.0006631734
191,138,0.0005706288
192,138,0.00069908984
193,138,0.00043623894
194,138,0.0006372202
195,138,0.0006889077
196,138,0.0009004222
197,138,0.0006250804
198,138,0.0001840964
199,138,0.00077813305
200,138,0.00065611955
201,138,0.0007141968
202,138,0.0005316874
203,138,0.00040404685
204,138,0.00014532823
205,138,0.0004796991
206,138,0.00048379507
207,138,0.00024040788
208,138,0.0002171211
209,138,0.00086409785
210,138,0.00057553407
211,138,0.0003216369
212,138,0.00052843057
213,138,0.0010465877
214,138,0.0007852502
215,138,0.00037534442
216,138,0.0006032577
217,138,0.000995459
218,138,0.0007163752
219,138,0.00038981996
220,138,0.00036403537
221,138,0.00031989347
222,138,-7.936172e-05
223,138,0.0005509304
224,138,0.0010136161
225,138,0.00060878415
226,138,0.00061048847
227,138,0.00017166883
228,138,0.00045192242
229,138,0.00013133883
230,138,0.00084574614
231,138,0.00057094544
232,138,0.00033271778
233,138,0.00035313517
234,138,0.00023847818
235,138,0.00033393968
236,138,0.0007250747
237,138,0.0005666949
238,138,-0.00021883938
239,138,0.000100059435
240,138,0.00052983407
241,138,0.00052098837
242,138,0.00024408381
243,138,0.00068704784
244,138,0.000531476
245,138,0.00093458686
246,138,0.0003338065
247,138,0.000728786
248,138,0.0009401515
249,138,0.00044407416
250,138,0.00061322935
251,138,0.000456905
252,138,0.0007532323
253,138,0.00052434206
254,138,0.0009858217
255,138,0.000945434
256,138,-0.00015811063
257,138,0.00052325986
258,138,-3.849715e-05
259,138,0.00039208308
260,138,0.00017538667
261,138,0.00039665587
262,138,6.64806e-05
263,138,-0.000103447586
264,138,0.0009772051
265,138,4.7917478e-05
266,138,0.00027268007
267,138,4.4396147e-06
268,138,-5.9660524e-06
269,138,-0.00010449812
270,138,0.0005345475
271,138,0.0009808689
272,138,0.0004450176
273,138,0.00054439064
274,138,0.00032191444
275,138,0.00044845045
276,138,0.0002496941
277,138,0.0002971813
278,138,0.00024901144
279,138,0.00059121475
280,138,0.00028347503
281,138,0.00021880958
282,138,0.0005185185
283,138,0.00060273986
284,138,0.00079023186
285,138,0.00089225825
286,138,0.00041982345
287,138,0.00042830314
288,138,0.0013433471
289,138,0.0005406933
290,138,0.00033097528
291,138,0.0010266379
292,138,0.00039888732
293,138,0.00070096925
294,138,0.00092236605
295,138,0.0005364353
296,138,0.00078089535
297,138,0.00059824344
298,138,0.0006283233
299,138,0.00073896535
300,138,0.00029258616
301,138,0.00059801433
302,138,0.0006377185
303,138,0.00096147787
304,138,0.0006512655
305,138,0.00061041396
306,138,0.00051033497
307,138,0.0007290216
308,138,0.0006370824
309,138,0.0008691391
310,138,0.00052816793
311,138,0.0005244734
312,138,0.0005779555
313,138,0.00074258726
314,138,0.00054575223
315,138,0.0008426765
316,138,0.00026353262
317,138,0.0012483858
318,138,0.0008867718
319,138,0.0010931147
320,138,0.0003649732
321,138,0.00086730625
322,138,0.00033823214
323,138,0.0007077828
324,138,-0.00020826608
325,138,0.00028246827
326,138,4.2347237e-05
327,138,0.00026051793
328,138,0.00089857075
329,138,0.0009807078
330,138,0.0006871
331,138,0.0004682038
332,138,-0.00039946102
333,138,0.001057094
334,138,0.0007776525
335,138,0.00052352436
336,138,0.00070485845
337,138,0.0009287372
338,138,0.00057397224
339,138,0.00040579308
340,138,0.0003671646
341,138,-0.0001177378
342,138,0.00041771494
343,138,0.0007515671
344,138,-9.9411234e-05
345,138,0.00059617124
346,138,0.00078360084
347,138,0.00039336644
348,138,0.00015215296
349,138,0.0007416429
350,138,0.0002475707
351,138,0.0002491735
352,138,0.00048674084
353,138,0.00025235116
354,138,0.000411083
355,138,0.0006570723
356,138,0.00048550963
357,138,-4.9028546e-05
358,138,0.00067851786
359,138,0.00046523102
360,138,-0.00014970358
361,138,0.00053739734
362,138,0.000701434
363,138,0.00023104902
364,138,4.6751462e-05
365,138,9.409804e-05
366,138,0.00063642673
367,138,0.0005604988
368,138,0.0005406607
369,138,0.00063110143
370,138,0.00037570763
371,138,0.001178151
372,138,0.0006419448
373,138,0.0005720956
374,138,0.00082302094
375,138,0.00031227805
376,138,0.00040296
377,138,0.000571765
378,138,0.0011103647
379,138,0.00083682686
380,138,0.00037936866
381,138,0.00074948836
382,138,0.00083841104
383,138,0.00058391504
384,138,0.0010148324
385,138,0.00039692037
386,138,0.0003399551
387,138,0.0010619583
388,138,0.00087528676
389,138,0.00033528823
390,138,0.00032310188
391,138,0.00045818835
392,138,0.00085395575
393,138,0.00044013653
394,138,0.00045698788
395,138,0.00030265283
396,138,0.000592961
397,138,0.00055912323
398,138,7.9152174e-05
399,138,0.00027522817
400,138,0.00032884255
401,138,0.00076665636
402,138,0.0009554466
403,138,0.0002576476
404,138,0.0005166894
405,138,0.000384314
406,138,0.00030505192
407,138,0.000579237
408,138,0.0005508214
409,138,0.0007610619
410,138,0.00027085096
411,138,0.00015062653
412,138,0.00047082268
413,138,0.0004635919
414,138,0.00044161268
415,138,0.00094457436
416,138,0.0002944423
417,138,0.0003233347
418,138,-4.7126785e-05
419,138,0.0006637182
420,138,-0.00031977613
421,138,9.7341835e-05
422,138,0.00010258239
423,138,0.00020930264
424,138,0.0005550962
425,138,0.0008067442
426,138,0.0005911235
427,138,0.00058787875
428,138,0.0008630436
429,138,0.00041405112
430,138,0.00012956839
431,138,0.00051879697
432,138,0.0003322512
433,138,-0.00015392993
434,138,0.0005222885
435,138,0.0006445255
436,138,0.0004907213
437,138,0.00034034904
438,138,0.00021304097
439,138,0.0009184871
440,138,0.0006586667
441,138,0.0006738771
442,138,0.0007353928
443,138,-0.00016191229
444,138,0.0003248835
445,138,0.0002941033
446,138,0.00061573647
447,138,0.00031957682
448,138,0.00025111996
449,138,0.00030872226
450,138,0.0005962411
451,138,0.00070081
452,138,0.000447358
453,138,0.0002883235
454,138,0.0006794492
455,138,0.0010589482
456,138,0.00036961026
457,138,0.0005850224
458,138,0.0002226308
459,138,0.00060144067
460,138,0.0015294515
461,138,0.00021598302
462,138,0.00064528733
463,138,0.001163464
464,138,0.00053877104
465,138,0.0009506997
466,138,0.00044593867
467,138,0.0007031802
468,138,4.418753e-05
469,138,0.0005127974
470,138,0.00035092328
471,138,0.00034774095
472,138,0.000533117
473,138,0.0007754043
474,138,0.00045808777
475,138,0.00054412615
476,138,0.0005209772
477,138,0.00022851676
478,138,0.0006598653
479,138,0.0010247892
480,138,0.00040193554
481,138,-0.00012475811
482,138,0.0003085658
483,138,0.00039736368
484,138,0.0005286308
485,138,0.0007334845
486,138,0.00071244687
487,138,6.845221e-07
488,138,0.00077455025
489,138,0.00047344342
490,138,0.00037655607
491,138,0.0005991189
492,138,0.0005377494
493,138,8.5081905e-05
494,138,0.00040485524
0,139,0.0007613972
1,139,0.00041852053
2,139,0.0008390881
3,139,0.00060675945
4,139,0.0007346468
5,139,0.0004741596
6,139,0.00059480406
7,139,6.7004e-05
8,139,0.0005586706
9,139,0.0007361872
10,139,0.0008752886
11,139,0.0011244547
12,139,0.0009506112
13,139,0.0012533357
14,139,0.00086876843
15,139,0.0005999282
16,139,0.00052195136
17,139,0.00087272376
18,139,0.0003819242
19,139,0.00071673095
20,139,0.00073210243
21,139,0.00082317926
22,139,0.00089385733
23,139,0.0012366083
24,139,0.0004578419
25,139,0.0014175763
26,139,0.00076727197
27,139,0.0009860639
28,139,0.000342655
29,139,0.0009064423
30,139,0.00097213313
31,139,0.0008119941
32,139,0.0013144743
33,139,0.0016399985
34,139,0.0010279585
35,139,0.0007647006
36,139,0.0011163615
37,139,0.00013229903
38,139,0.0011920249
39,139,0.000756667
40,139,0.00076041464
41,139,0.0013457695
42,139,0.00089970697
43,139,0.00021821633
44,139,0.00094915647
45,139,0.00089756306
46,139,0.00058793
47,139,0.0009986022
48,139,0.0006842101
49,139,0.0012208428
50,139,0.00097056385
51,139,-0.00018561538
52,139,0.0011469005
53,139,0.001016058
54,139,0.0013168594
55,139,0.0009276774
56,139,0.00015981682
57,139,0.00028001703
58,139,0.00071985275
59,139,0.001328486
60,139,0.00046153832
61,139,0.0011382075
62,139,0.00088007655
63,139,0.000362996
64,139,0.0004477892
65,139,0.0009986944
66,139,0.0011123251
67,139,0.00078552496
68,139,0.0004766211
69,139,
70,139,
71,139,
72,139,
73,139,
74,139,
75,139,0.00096069556
76,139,0.0001621563
77,139,0.0004808521
78,139,0.00070632156
79,139,0.00085391663
80,139,0.00064525194
81,139,0.0009751022
82,139,0.0003567245
83,139,0.00026272982
84,139,0.00070494786
85,139,0.00088155083
86,139,0.0009898711
87,139,0.00073601585
88,139,0.0002899766
89,139,0.0008447701
90,139,0.00084684975
91,139,0.00064767804
92,139,0.0005371701
93,139,0.00074041635
94,139,0.0007403735
95,139,0.0004883697
96,139,0.0005979622
97,139,0.0007811338
98,139,0.00015117228
99,139,0.0008078553
100,139,0.0006575249
101,139,0.00063624047
102,139,0.0008469587
103,139,0.00041772798
104,139,0.00069940556
105,139,0.00051053707
106,139,0.00046688784
107,139,0.00065522175
108,139,0.0006273445
109,139,0.0005011186
110,139,0.00040417444
111,139,0.00053945556
112,139,0.0007250076
113,139,0.00059233326
114,139,0.00038430933
115,139,0.00023572333
116,139,0.00082341675
117,139,0.00041704718
118,139,0.00025313627
119,139,0.00034338422
120,139,0.0008811755
121,139,0.0009035142
122,139,0.0005316287
123,139,0.0003753435
124,139,0.00048350915
125,139,0.0004940089
126,139,0.0010855542
127,139,0.00054261927
128,139,0.0009105839
129,139,0.00024091825
130,139,0.0005835397
131,139,
132,139,0.001129793
133,139,0.0002964111
134,139,0.00071130693
135,139,0.0006511528
136,139,0.00067960564
137,139,0.0005443515
138,139,-0.00016172975
139,139,0.0004693661
140,139,0.00083937496
141,139,5.7631172e-05
142,139,0.00032710098
143,139,0.00058786385
144,139,0.00056941435
145,139,0.00028774422
146,139,0.000524953
147,139,0.00057182275
148,139,0.0008130614
149,139,0.0004928019
150,139,0.00037498027
151,139,0.00053581316
152,139,0.00039938465
153,139,0.0006771982
154,139,0.00034005754
155,139,0.00062750373
156,139,0.000774255
157,139,0.0006905012
158,139,-1.8792227e-05
159,139,0.00048537925
160,139,0.0003576558
161,139,0.0005021626
162,139,0.0007758606
163,139,0.00054163765
164,139,0.000117460266
165,139,0.0004398739
166,139,0.00082711875
167,139,0.0007378347
168,139,0.0005784631
169,139,0.00044689514
170,139,0.0004885532
171,139,0.0003088424
172,139,0.0003165556
173,139,0.00078130886
174,139,0.0004529748
175,139,0.000745723
176,139,0.00018720794
177,139,0.00024066214
178,139,-5.0635077e-05
179,139,0.0005669948
180,139,0.00078441575
181,139,0.00043875352
182,139,0.0007174639
183,139,0.00043013226
184,139,0.0008824244
185,139,0.0006951904
186,139,0.00051280856
187,139,0.00030960795
188,139,0.00020450074
189,139,0.00058618654
190,139,0.00030380022
191,139,0.0006591892
192,139,0.00067751016
193,139,0.00072686095
194,139,0.00033484492
195,139,0.0006949082
196,139,0.00054414757
197,139,0.00019861571
198,139,0.0005743578
199,139,0.000614197
200,139,0.00059301686
201,139,0.0007007066
202,139,0.0008921344
203,139,0.0010316577
204,139,0.0002568271
205,139,0.0005398253
206,139,0.00052248035
207,139,0.00060128607
208,139,0.00026459247
209,139,0.0006483458
210,139,0.00011892803
211,139,0.0005198531
212,139,0.00010852143
213,139,0.0012586992
214,139,0.00011001248
215,139,4.8815273e-05
216,139,0.00044654217
217,139,0.00074727274
218,139,0.00033211336
219,139,0.0005597668
220,139,-0.00011698622
221,139,0.0005200524
222,139,0.0003571529
223,139,0.0006104233
224,139,0.0003522886
225,139,0.00039022882
226,139,-0.00013894588
227,139,0.00084903464
228,139,0.00038293563
229,139,0.0008142106
230,139,0.00019308366
231,139,0.0006037466
232,139,0.0005461946
233,139,0.0002499856
234,139,2.3715198e-05
235,139,0.00037005916
236,139,0.00038275216
237,139,0.0008763876
238,139,0.0003819205
239,139,0.00018354971
240,139,3.1140633e-05
241,139,0.00043840148
242,139,0.0003558118
243,139,1.6150996e-05
244,139,0.00033043325
245,139,0.00048455596
246,139,0.00062785484
247,139,1.800526e-05
248,139,0.0005734954
249,139,0.00041874126
250,139,0.00027549267
251,139,0.00035779923
252,139,0.00064354576
253,139,0.00097585376
254,139,0.0003477661
255,139,0.00044263154
256,139,0.0002946509
257,139,0.000774947
258,139,0.00020543858
259,139,0.0007176474
260,139,0.00089356117
261,139,0.0005980199
262,139,0.0007022936
263,139,0.0006282367
264,139,0.0013306839
265,139,0.00071654655
266,139,0.0003931541
267,139,0.00063453615
268,139,0.00020004995
269,139,7.545389e-05
270,139,0.00026536267
271,139,0.00042582117
272,139,0.0007333271
273,139,0.00058428664
274,139,0.0005150689
275,139,0.0005537644
276,139,0.000556902
277,139,0.0010697274
278,139,0.0004890347
279,139,0.0005678488
280,139,0.0004739035
281,139,0.0005607689
282,139,0.0004959442
283,139,0.000716147
284,139,0.0007964941
285,139,0.0012085233
286,139,0.0012259185
287,139,0.00012001768
288,139,0.00033328868
289,139,0.0009948676
290,139,0.00043562893
291,139,0.00013296027
292,139,0.00040118676
293,139,0.00021431874
294,139,0.0010968186
295,139,0.0008008834
296,139,0.00034606922
297,139,0.00052576326
298,139,0.00096659176
299,139,0.0006755609
300,139,0.00048238412
301,139,0.0009257337
302,139,0.0007241992
303,139,0.0006845426
304,139,0.0006718701
305,139,0.00027840026
306,139,0.0009086272
307,139,0.0006387895
308,139,0.0007812213
309,139,0.00042482186
310,139,0.000799573
311,139,0.0010371059
312,139,0.00046992674
313,139,0.0001011407
314,139,0.0009279661
315,139,0.00042978954
316,139,0.00096991286
317,139,0.00058808364
318,139,0.0008254107
319,139,0.00027189963
320,139,0.00065273326
321,139,0.0002542846
322,139,0.00023056939
323,139,0.00053158216
324,139,-9.0158544e-05
325,139,2.071634e-05
326,139,-0.000117938034
327,139,0.00025185756
328,139,0.00045724865
329,139,0.00095077977
330,139,0.00032526627
331,139,0.00075039454
332,139,8.1646256e-05
333,139,0.0005121585
334,139,0.0001976667
335,139,0.00072903
336,139,-3.0228868e-05
337,139,0.0005313195
338,139,0.00071672816
339,139,0.00043739565
340,139,0.0004380038
341,139,0.0006279275
342,139,-0.00013117213
343,139,0.00037976075
344,139,0.00092958286
345,139,4.8737973e-05
346,139,0.00031272136
347,139,0.00058466196
348,139,
349,139,0.0003657667
350,139,-0.0005355198
351,139,0.000632965
352,139,0.00015784707
353,139,0.0005695764
354,139,0.00011524465
355,139,0.0006480403
356,139,0.00021050312
357,139,0.0006589815
358,139,0.00022727065
359,139,0.00051266607
360,139,0.000922448
361,139,0.00061225984
362,139,0.0004987512
363,139,0.00039726216
364,139,0.00012121629
365,139,0.0001712935
366,139,0.00030966103
367,139,0.0004912177
368,139,0.000824051
369,139,7.005036e-05
370,139,0.000805472
371,139,0.0004796032
372,139,0.0005901726
373,139,0.0007799072
374,139,0.0001672199
375,139,0.00045297854
376,139,0.00064977165
377,139,0.00033562444
378,139,0.0008994406
379,139,0.0007319264
380,139,0.0008021584
381,139,0.001185216
382,139,0.00096021127
383,139,0.00017865188
384,139,0.0005845325
385,139,0.0009372886
386,139,0.00022123195
387,139,0.0006589582
388,139,0.00019899383
389,139,0.00061061233
390,139,0.0013301242
391,139,0.00055655
392,139,0.00033094548
393,139,0.0004557781
394,139,0.00073480327
395,139,0.00054510403
396,139,0.0004036622
397,139,0.00070455205
398,139,0.0006445646
399,139,0.00045840908
400,139,0.00045844354
401,139,0.0005234014
402,139,0.0008674152
403,139,0.0009086132
404,139,0.00016781967
405,139,0.0004269518
406,139,0.0007333504
407,139,0.00042688195
408,139,0.0010456871
409,139,0.0007759938
410,139,0.00030937977
411,139,0.00022251252
412,139,0.0008190349
413,139,0.0006925594
414,139,0.00082106516
415,139,0.00046900567
416,139,0.00082292315
417,139,0.00043553114
418,139,0.00057823025
419,139,0.00063977763
420,139,0.0005167099
421,139,0.00036097039
422,139,0.00035973638
423,139,0.00063072145
424,139,0.0007745959
425,139,0.0004747752
426,139,0.00045035407
427,139,0.00021067541
428,139,0.0006070575
429,139,0.0004178984
430,139,0.0003391737
431,139,0.0005188361
432,139,0.00047909748
433,139,0.000721165
434,139,0.0009867614
435,139,0.0004364429
436,139,0.0008838568
437,139,0.00036719814
438,139,0.00088499207
439,139,-1.8455088e-05
440,139,0.00040663965
441,139,0.0003948575
442,139,0.00069929287
443,139,0.00084360037
444,139,0.0008551171
445,139,0.00066466443
446,139,2.9196963e-06
447,139,0.0004426604
448,139,0.00060922466
449,139,0.00025941897
450,139,0.0005740654
451,139,0.0006205179
452,139,0.000794732
453,139,0.0004936261
454,139,0.00014135335
455,139,0.0003671404
456,139,-2.231542e-05
457,139,0.0005239956
458,139,0.00010994077
459,139,0.00087495986
460,139,-0.00046373717
461,139,0.0001234375
462,139,7.2680414e-05
463,139,-0.00010090787
464,139,0.00065194257
465,139,-0.0001336541
466,139,0.00037293136
467,139,0.0007386543
468,139,0.000343794
469,139,0.00014899671
470,139,0.00034443755
471,139,0.00039389357
472,139,0.0010826532
473,139,0.00063840486
474,139,0.00039011147
475,139,0.0002391832
476,139,0.00043722615
477,139,-0.00017248373
478,139,0.00046446547
479,139,0.0007347092
480,139,0.0009780917
481,139,0.0004952783
482,139,0.0005192226
483,139,0.0005786484
484,139,8.365512e-05
485,139,0.00035283435
486,139,0.0009539388
487,139,0.00069380924
488,139,0.000796495
489,139,0.0003719991
490,139,0.0008077249
491,139,0.00019812956
492,139,0.00026034378
493,139,0.0003179703
494,139,0.00023980532
0,140,0.00055603683
1,140,0.0004746886
2,140,0.0007516537
3,140,0.0007497519
4,140,0.00095428526
5,140,0.00045373384
6,140,0.0008031288
7,140,0.000482101
8,140,0.0010740086
9,140,0.00051014125
10,140,0.0010183668
11,140,0.00086771976
12,140,0.00046114158
13,140,0.00033672713
14,140,0.0008552857
15,140,0.00058885757
16,140,0.00049765967
17,140,0.0007719444
18,140,0.00080332253
19,140,0.00096063036
20,140,0.0008278759
21,140,0.0016359622
22,140,0.0007656226
23,140,0.00054617133
24,140,0.0010024412
25,140,0.0010984512
26,140,0.00043303333
27,140,0.0005302094
28,140,0.0011740094
29,140,0.0010419441
30,140,0.00021801889
31,140,0.00087855384
32,140,0.0005965512
33,140,0.00087352656
34,140,0.00096331164
35,140,0.00091908034
36,140,0.00077718776
37,140,0.0009508794
38,140,0.0008907523
39,140,0.0010462729
40,140,0.0010782527
41,140,0.0009605307
42,140,0.00048559625
43,140,0.000521983
44,140,0.0009617349
45,140,0.00079136156
46,140,0.0014278833
47,140,0.0008467324
48,140,0.0010873266
49,140,0.0007308284
50,140,0.0011495547
51,140,0.00048238225
52,140,0.00116497
53,140,0.0008690236
54,140,0.0011013886
55,140,0.0005547181
56,140,0.0007620817
57,140,0.0013056705
58,140,0.0007223794
59,140,0.00049421843
60,140,0.0008540619
61,140,0.0010887254
62,140,0.0013048248
63,140,0.00031885784
64,140,0.00080353115
65,140,0.00068186224
66,140,0.0007970147
67,140,0.0008845227
68,140,0.0009772452
69,140,
70,140,
71,140,
72,140,
73,140,
74,140,
75,140,
76,140,0.0005458342
77,140,0.00061234646
78,140,0.00032775197
79,140,0.00085464213
80,140,0.0009457888
81,140,0.000276641
82,140,0.0005011391
83,140,0.0011527846
84,140,0.0011950834
85,140,0.00071924087
86,140,0.0005864538
87,140,0.00038160384
88,140,0.0012835907
89,140,0.00058323983
90,140,0.0011469619
91,140,0.0009153886
92,140,0.0005326113
93,140,0.0006584488
94,140,0.000515623
95,140,0.0005080011
96,140,0.00025819242
97,140,0.00052357
98,140,0.0004604403
99,140,0.00047921203
100,140,0.0004470935
101,140,0.00021388289
102,140,0.00032728445
103,140,0.0007396508
104,140,0.0006380491
105,140,0.0005162768
106,140,0.0007333951
107,140,0.00044647977
108,140,0.0005389014
109,140,0.00041408557
110,140,0.0003826646
111,140,0.0009212615
112,140,0.0006162096
113,140,0.0011592694
114,140,0.0005260017
115,140,0.00061639585
116,140,9.139348e-05
117,140,0.0004661791
118,140,0.0005691573
119,140,0.00017730054
120,140,0.00051539484
121,140,0.00072362274
122,140,0.0005816398
123,140,-9.8651275e-05
124,140,0.00019909441
125,140,0.0005460009
126,140,0.00049021
127,140,0.00083171297
128,140,0.0006057508
129,140,0.0011375304
130,140,0.00016695447
131,140,0.000536561
132,140,
133,140,0.0005354583
134,140,0.0004335018
135,140,0.00072641484
136,140,0.00056709535
137,140,4.0818006e-05
138,140,-8.6539425e-05
139,140,0.0009371219
140,140,0.00069192797
141,140,0.0006443858
142,140,0.00014649797
143,140,0.00063262787
144,140,0.00043784734
145,140,0.000629561
146,140,0.0006793337
147,140,0.00046282634
148,140,0.0006853426
149,140,0.0005181972
150,140,0.00055938587
151,140,0.00065987
152,140,0.00019394606
153,140,0.00038054772
154,140,0.0004408341
155,140,0.0002852669
156,140,0.00052477326
157,140,0.00034266617
158,140,0.0009625135
159,140,0.00039079972
160,140,0.00027853344
161,140,0.00071907043
162,140,0.0004468048
163,140,0.0010345392
164,140,2.4791807e-05
165,140,0.0006300332
166,140,0.00081913825
167,140,0.00042555016
168,140,0.00043149013
169,140,0.00038510934
170,140,0.00087765977
171,140,0.0003289245
172,140,0.0008308701
173,140,0.00020574033
174,140,0.00024965033
175,140,0.00032984
176,140,0.0006034272
177,140,0.0002856115
178,140,0.0004549995
179,140,0.00091427844
180,140,0.00043564662
181,140,0.0006911084
182,140,0.00065126363
183,140,0.0002593994
184,140,0.0006273389
185,140,2.0218082e-05
186,140,0.0005032085
187,140,0.0003856765
188,140,0.00031360146
189,140,0.000464987
190,140,0.0003918158
191,140,0.0007710792
192,140,0.00030928198
193,140,0.0005314145
194,140,5.9979036e-05
195,140,0.00051273033
196,140,0.00035295635
197,140,0.0008389186
198,140,0.00013048481
199,140,0.0008091908
200,140,0.00011933036
201,140,0.00026649795
202,140,0.0003276486
203,140,0.0010502543
204,140,0.00052781496
205,140,0.00040800776
206,140,0.000691643
207,140,0.0009323051
208,140,0.00029315054
209,140,0.00038836617
210,140,0.00018340442
211,140,0.0005968921
212,140,0.00095983595
213,140,0.0011080923
214,140,0.00022260379
215,140,0.0004989011
216,140,0.00081397686
217,140,0.0010118624
218,140,0.00038959272
219,140,0.0005994225
220,140,0.0005658334
221,140,0.0003932407
222,140,0.00041785277
223,140,0.0009344043
224,140,0.00016867556
225,140,0.00034861453
226,140,0.0007173652
227,140,6.5378845e-06
228,140,0.0005878359
229,140,0.00019436702
230,140,5.2703544e-05
231,140,0.0003813319
232,140,0.00055886805
233,140,0.0004332699
234,140,0.00024079345
235,140,0.00033804495
236,140,0.000558733
237,140,0.00023150817
238,140,0.00073330104
239,140,0.0006402377
240,140,0.00046243798
241,140,0.0005480563
242,140,0.0005594976
243,140,0.00033425912
244,140,0.0005218573
245,140,0.0007052133
246,140,0.00018616114
247,140,0.0007377267
248,140,0.000618645
249,140,0.0004031984
250,140,0.0006668549
251,140,0.00051463675
252,140,0.0005642567
253,140,0.0005277423
254,140,0.00019936357
255,140,0.0005184319
256,140,0.0009308914
257,140,0.00047239475
258,140,0.0006006174
259,140,0.00042829197
260,140,0.0006293757
261,140,0.00043818261
262,140,0.0007669339
263,140,-5.2041374e-05
264,140,0.0008781105
265,140,0.00096929725
266,140,0.0004936587
267,140,0.0005178908
268,140,0.00018112361
269,140,0.00035607908
270,140,-0.00018098112
271,140,0.00017172378
272,140,0.00014877971
273,140,0.00036476646
274,140,0.00053786393
275,140,0.00043786317
276,140,0.0002558669
277,140,0.0004993491
278,140,0.00016758405
279,140,0.0010682046
280,140,0.00076852273
281,140,0.00047210976
282,140,0.0006234031
283,140,0.0008074986
284,140,0.00041566975
285,140,0.00094001926
286,140,0.0002620099
287,140,0.00027562864
288,140,0.00085191336
289,140,0.0010512825
290,140,0.00018330477
291,140,
292,140,0.00019211788
293,140,0.0007085856
294,140,0.00032382365
295,140,0.00084116217
296,140,0.00072729774
297,140,0.00023094378
298,140,0.000848406
299,140,0.00052639097
300,140,0.0007225517
301,140,0.00020623673
302,140,0.00049503427
303,140,0.00025581196
304,140,0.0003102282
305,140,0.0008270955
306,140,0.00018894486
307,140,0.00036256667
308,140,0.00101656
309,140,0.00056569744
310,140,0.0007147193
311,140,0.00061970204
312,140,0.00042366423
313,140,0.0011594696
314,140,0.0003847191
315,140,0.00076617673
316,140,0.0008414937
317,140,0.00055197906
318,140,0.0010458222
319,140,0.00047810376
320,140,0.00025995355
321,140,0.0005838461
322,140,0.0007635029
323,140,0.0007848516
324,140,0.00063965656
325,140,0.00025983714
326,140,-0.00027577206
327,140,0.00043057185
328,140,0.0008842191
329,140,0.0007208418
330,140,0.0011322079
331,140,0.0004823003
332,140,9.839889e-05
333,140,0.00016696379
334,140,0.0003301613
335,140,0.00062817894
336,140,0.0007514991
337,140,0.0007145917
338,140,0.00025354978
339,140,0.0010350421
340,140,0.0008403631
341,140,0.00045766216
342,140,-0.0003563352
343,140,0.00030318834
344,140,-1.1012889e-05
345,140,0.000816538
346,140,0.0005457094
347,140,
348,140,0.00019833725
349,140,0.00072911754
350,140,5.5336393e-05
351,140,-3.1401403e-05
352,140,0.00041532703
353,140,-0.00031120237
354,140,6.709155e-05
355,140,0.00070603844
356,140,0.00018541515
357,140,0.00043502543
358,140,0.0009495029
359,140,0.0006537307
360,140,3.860332e-05
361,140,0.0007961737
362,140,0.00014055613
363,140,-0.00028531067
364,140,-8.311495e-05
365,140,0.00028385874
366,140,-5.7803467e-05
367,140,-0.00016298052
368,140,0.00029834546
369,140,0.00013749022
370,140,-0.00035462435
371,140,0.0007821042
372,140,0.00020415708
373,140,0.0005603703
374,140,0.00075076055
375,140,0.00080815144
376,140,0.00047254935
377,140,0.00081761926
378,140,0.0002648281
379,140,0.0007964764
380,140,1.672469e-05
381,140,0.00067918
382,140,0.00056184456
383,140,0.000542311
384,140,0.00041462854
385,140,0.0010163002
386,140,0.00077093486
387,140,0.00040033925
388,140,0.0006553866
389,140,0.00087850355
390,140,0.0009220736
391,140,0.00051144697
392,140,0.0008944273
393,140,0.0002803225
394,140,0.00041749142
395,140,0.0004170332
396,140,0.0008344231
397,140,0.0008260673
398,140,0.0006228555
399,140,0.0006243251
400,140,0.00094653293
401,140,0.00017325114
402,140,0.00067003723
403,140,0.000141914
404,140,0.00068210624
405,140,-3.678724e-05
406,140,0.00047965627
407,140,0.000619933
408,140,0.00035793334
409,140,0.00032324903
410,140,0.00061572157
411,140,0.0009497879
412,140,0.00026103947
413,140,0.00035065413
414,140,0.00073159114
415,140,0.0009882292
416,140,0.00047427136
417,140,0.000249926
418,140,0.00013734587
419,140,0.0002122419
420,140,0.0005826531
421,140,0.00027685333
422,140,0.00022083707
423,140,0.00044253469
424,140,0.0010265438
425,140,0.0008170549
426,140,-9.426754e-05
427,140,0.00049940124
428,140,-4.1477382e-05
429,140,0.00054795947
430,140,0.0003886167
431,140,0.0005284315
432,140,0.0004521776
433,140,0.00011873152
434,140,0.0003877785
435,140,0.0006942982
436,140,0.00063421484
437,140,0.00059475005
438,140,0.00034202635
439,140,8.618459e-06
440,140,0.000573175
441,140,0.00053026434
442,140,0.00044190325
443,140,-0.00014243647
444,140,0.00065594725
445,140,0.00041653216
446,140,0.00026036892
447,140,4.3442473e-05
448,140,0.00064994954
449,140,0.00041739922
450,140,0.0005531339
451,140,0.00051354524
452,140,0.00040144194
453,140,-0.00014897436
454,140,0.00022999197
455,140,0.0005810065
456,140,0.00089077186
457,140,0.0010332922
458,140,0.00055907853
459,140,0.0005593514
460,140,0.001078669
461,140,0.0005455157
462,140,0.00059396774
463,140,0.0007076552
464,140,0.00086564757
465,140,0.00049230177
466,140,0.00028988533
467,140,0.00047040824
468,140,0.0005344013
469,140,0.0004179431
470,140,0.00091638975
471,140,0.0002510883
472,140,0.00074333046
473,140,0.0007881755
474,140,0.00016108342
475,140,0.00041692238
476,140,0.00018759817
477,140,0.0010346267
478,140,0.0006327657
479,140,0.00068914704
480,140,0.0005943924
481,140,0.00053633004
482,140,0.00072556734
483,140,0.0009982465
484,140,0.00034695864
485,140,0.0007835999
486,140,0.0004080832
487,140,0.00037997775
488,140,0.00011868123
489,140,0.00045369472
490,140,0.00022571627
491,140,0.00060952175
492,140,0.00062952656
493,140,0.00063204113
494,140,0.00090783834
0,141,0.0007568039
1,141,0.0006276099
2,141,0.0005594408
3,141,0.0004014494
4,141,0.0003699856
5,141,0.0007788986
6,141,0.0010227729
7,141,0.0010437854
8,141,0.00054490287
9,141,0.0007303497
10,141,0.0002780538
11,141,0.00043121353
12,141,0.0013449714
13,141,0.000622062
14,141,0.0013996037
15,141,0.0010314994
16,141,0.0009719413
17,141,0.00081612356
18,141,0.0012411186
19,141,0.0009644143
20,141,0.00083725806
21,141,0.0012071393
22,141,0.00079134665
23,141,0.0006964542
24,141,0.0006031804
25,141,0.00075612776
26,141,0.0008093305
27,141,0.0011593169
28,141,0.0007574493
29,141,0.0006796913
30,141,0.00048219506
31,141,0.0007143747
32,141,0.00038361922
33,141,0.0014617117
34,141,0.0010276614
35,141,0.0006129723
36,141,0.00018434692
37,141,0.0009780033
38,141,0.00033693016
39,141,0.000623513
40,141,-7.941201e-05
41,141,0.0008765152
42,141,0.0012161201
43,141,0.0004490642
44,141,0.00058306195
45,141,0.0013996968
46,141,0.0002870895
47,141,0.0011219606
48,141,0.0010417802
49,141,0.001085002
50,141,0.00056542736
51,141,0.0004009148
52,141,0.00048103463
53,141,0.0004837392
54,141,0.00086804666
55,141,0.0011407044
56,141,0.00020150747
57,141,0.0009257989
58,141,0.001117684
59,141,0.0009282995
60,141,0.0005345037
61,141,-0.00021752436
62,141,0.00047911517
63,141,0.0002990868
64,141,0.0007586535
65,141,0.0007588612
66,141,0.00043312274
67,141,0.0005890541
68,141,0.00082100555
69,141,0.000939589
70,141,
71,141,
72,141,
73,141,
74,141,
75,141,
76,141,0.0005050162
77,141,0.00043980218
78,141,0.00030855928
79,141,0.00024786126
80,141,0.0007060133
81,141,0.0013655657
82,141,0.001267612
83,141,0.00070361234
84,141,0.00050476845
85,141,0.00052414276
86,141,0.00093328767
87,141,0.0007212041
88,141,0.00088264607
89,141,0.00092351995
90,141,0.0007853601
91,141,0.00050374866
92,141,0.0008012438
93,141,0.00023254566
94,141,0.0006239535
95,141,0.000417592
96,141,0.00080287457
97,141,0.0008498607
98,141,0.00068947487
99,141,0.00013454538
100,141,0.00041914545
101,141,0.00066048466
102,141,0.0010238579
103,141,0.0006834604
104,141,0.0004622424
105,141,0.00032044854
106,141,0.0005717147
107,141,0.0007809419
108,141,0.00061186217
109,141,0.0007485878
110,141,0.00069745816
111,141,0.00079908874
112,141,0.0004335763
113,141,0.0008183513
114,141,0.00047058985
115,141,0.0003776122
116,141,0.0007268395
117,141,0.0006321687
118,141,0.0003234893
119,141,0.00072375964
120,141,0.00045310706
121,141,0.00062629394
122,141,0.00059196074
123,141,0.00021003094
124,141,0.00061005447
125,141,0.00048371777
126,141,0.00031619798
127,141,0.00053287577
128,141,0.00065035187
129,141,0.0008302294
130,141,0.0006395485
131,141,0.00028576236
132,141,0.00040209107
133,141,0.0006993469
134,141,0.00089091156
135,141,0.00090884976
136,141,0.00047411956
137,141,0.00085900445
138,141,0.0005685389
139,141,0.00012663752
140,141,0.00034891348
141,141,0.0007399302
142,141,0.00039011426
143,141,0.00078949425
144,141,0.00050260965
145,141,0.00019773748
146,141,0.00048533175
147,141,0.0010966072
148,141,0.0002901228
149,141,0.0006658947
150,141,0.00070908386
151,141,0.00032852218
152,141,0.00063787773
153,141,0.00050177705
154,141,0.0008657528
155,141,0.00049868226
156,141,0.0005308911
157,141,0.0003098091
158,141,0.00070057064
159,141,0.00076379813
160,141,0.00022110622
161,141,0.00047843717
162,141,0.0006041955
163,141,0.0007977849
164,141,7.5315125e-05
165,141,0.00064125843
166,141,0.00058902334
167,141,0.0008987989
168,141,0.0009400686
169,141,0.00015393086
170,141,0.00011386629
171,141,0.00047701318
172,141,0.0007680189
173,141,0.00032006204
174,141,0.00082182046
175,141,0.00037447643
176,141,0.00081549305
177,141,0.00048659183
178,141,0.000245288
179,141,0.00058811624
180,141,0.0011196379
181,141,0.0008898452
182,141,0.00041011162
183,141,0.0008866368
184,141,0.0005589761
185,141,0.0005674502
186,141,0.00032696314
187,141,0.00084578246
188,141,0.00019027293
189,141,0.000477341
190,141,0.0007807715
191,141,0.0009906637
192,141,0.0006542802
193,141,0.0005003959
194,141,0.0005852673
195,141,0.00039382
196,141,0.00018573925
197,141,0.0002944786
198,141,0.0007679695
199,141,0.00075996947
200,141,0.0006615743
201,141,0.00033315085
202,141,0.0013679955
203,141,0.00056524575
204,141,0.0005023675
205,141,0.0005890047
206,141,0.0010625115
207,141,0.000551993
208,141,0.00094918534
209,141,4.037842e-05
210,141,0.00072593894
211,141,0.00012443122
212,141,0.00040539354
213,141,0.0003506448
214,141,0.00014938135
215,141,2.844911e-05
216,141,0.00012646988
217,141,0.00010333676
218,141,0.00058823545
219,141,-0.0004977109
220,141,0.0005054865
221,141,0.00061029196
222,141,8.128025e-05
223,141,0.00025584642
224,141,0.00069758017
225,141,0.00026932172
226,141,0.0004940387
227,141,7.844623e-05
228,141,0.0004689144
229,141,7.917825e-05
230,141,5.512219e-05
231,141,-0.00018895417
232,141,0.0008006282
233,141,9.597838e-05
234,141,0.0005897917
235,141,0.0010044202
236,141,2.4480745e-05
237,141,0.0006019911
238,141,0.00055771135
239,141,0.0003295131
240,141,0.00035080034
241,141,-5.0034374e-05
242,141,0.00046232995
243,141,0.0006365143
244,141,0.0006204769
245,141,0.00063378457
246,141,0.00024289452
247,141,0.0005430253
248,141,0.00067200884
249,141,0.00036642049
250,141,6.374717e-05
251,141,0.0005406141
252,141,0.0005569281
253,141,0.00097037386
254,141,0.00020749774
255,141,0.00050997175
256,141,0.000667667
257,141,0.0004416369
258,141,0.00054987054
259,141,0.00066336803
260,141,0.00031054765
261,141,0.00026703347
262,141,6.382633e-05
263,141,0.000960378
264,141,0.0014912682
265,141,0.0006489381
266,141,0.0008260831
267,141,0.00028491113
268,141,0.0004060557
269,141,-0.00016620755
270,141,0.0001793839
271,141,0.0004968606
272,141,-6.755348e-05
273,141,0.0006228406
274,141,0.000308807
275,141,0.00077570044
276,141,0.00030259136
277,141,0.0010106824
278,141,0.00037664827
279,141,0.0005686637
280,141,0.000698654
281,141,0.0007945737
282,141,0.00066450145
283,141,0.00050390046
284,141,0.0006603515
285,141,0.0005208049
286,141,0.0005797483
287,141,0.0006786026
288,141,0.0004244931
289,141,0.001126633
290,141,0.00093842205
291,141,0.00042597577
292,141,0.00010537915
293,141,0.00038228277
294,141,0.00039217062
295,141,0.0004211748
296,141,0.00063237734
297,141,0.0005412707
298,141,0.00087603927
299,141,0.001248857
300,141,0.0009769108
301,141,0.00045748148
302,141,0.0005743746
303,141,0.0007326938
304,141,0.0008008173
305,141,0.00073762983
306,141,0.0003854353
307,141,0.00048694666
308,141,0.00049966853
309,141,0.00068444386
310,141,0.00067939796
311,141,0.0006316155
312,141,0.00029650703
313,141,2.1405518e-05
314,141,0.0010206364
315,141,0.00035917573
316,141,-0.00012253225
317,141,0.00027157553
318,141,0.00058208965
319,141,0.00033216365
320,141,0.00033606216
321,141,0.00043728668
322,141,0.0006554751
323,141,0.00033634435
324,141,0.0004930105
325,141,0.0006922744
326,141,0.0003178576
327,141,0.00048205256
328,141,0.0003622016
329,141,7.881224e-05
330,141,0.00022560824
331,141,-0.0003339667
332,141,-7.9806894e-05
333,141,0.0005028201
334,141,0.00089511275
335,141,0.00043207966
336,141,-0.00017076917
337,141,-0.00010978058
338,141,0.00020983722
339,141,0.00047724135
340,141,0.0005745329
341,141,0.0002852641
342,141,0.00068710186
343,141,0.00059024617
344,141,-6.7279674e-05
345,141,0.00028955005
346,141,0.0006440738
347,141,1.0959804e-05
348,141,0.0008033365
349,141,0.000298094
350,141,-0.0001786733
351,141,0.00051509216
352,141,0.00035246927
353,141,0.0005148407
354,141,0.00033815298
355,141,0.0003860714
356,141,0.00019495562
357,141,0.0006484939
358,141,-0.00015986431
359,141,0.00065309927
360,141,0.00034434348
361,141,0.0005043587
362,141,0.0006171642
363,141,9.4207935e-05
364,141,0.00030683074
365,141,-1.34585425e-05
366,141,0.00035496894
367,141,0.00065174047
368,141,0.001098644
369,141,0.00072753336
370,141,-1.1989847e-05
371,141,0.0007250067
372,141,0.00064596906
373,141,0.0007539904
374,141,0.00047022477
375,141,0.00049480237
376,141,0.0005132491
377,141,0.00071656704
378,141,0.00075858366
379,141,0.00057718065
380,141,0.00055303425
381,141,0.00067211315
382,141,0.0005214885
383,141,0.000473544
384,141,0.00048403163
385,141,0.00039839
386,141,0.0007643085
387,141,0.0011014929
388,141,0.00064555835
389,141,0.00055144075
390,141,0.00033062417
391,141,0.0009512622
392,141,0.00013388414
393,141,2.399087e-06
394,141,0.0005600555
395,141,0.0005362425
396,141,0.00066964887
397,141,0.00085715484
398,141,4.1374937e-05
399,141,0.0004602084
400,141,0.0008381475
401,141,0.0005907137
402,141,0.00061041955
403,141,0.0005315719
404,141,0.00055659283
405,141,0.00061965454
406,141,0.00055510737
407,141,0.00030376203
408,141,0.0006211819
409,141,0.0008287532
410,141,0.00040746294
411,141,0.000564035
412,141,0.00041724555
413,141,0.0006450955
414,141,0.0005591428
415,141,0.00057621114
416,141,0.00046717376
417,141,0.00077153
418,141,4.7654845e-05
419,141,5.834829e-05
420,141,0.0001793988
421,141,0.00045246352
422,141,-0.00043483265
423,141,0.00077000074
424,141,0.00046819914
425,141,0.00024182908
426,141,-0.00011248421
427,141,1.1246651e-05
428,141,0.0006110361
429,141,0.0004173508
430,141,0.0006158678
431,141,0.0006819861
432,141,0.00066311285
433,141,0.00016357005
434,141,0.0003618449
435,141,0.0009813299
436,141,0.00067334436
437,141,0.0006360654
438,141,0.0005628653
439,141,0.00042182766
440,141,0.0005131718
441,141,0.0007555522
442,141,0.00021187309
443,141,0.00019349065
444,141,0.0005968567
445,141,0.00034224615
446,141,0.00028459076
447,141,-0.0004504081
448,141,0.00061606616
449,141,0.00059807394
450,141,0.0005927421
451,141,0.00039266795
452,141,9.768084e-05
453,141,0.0005806321
454,141,0.00093213655
455,141,0.0003988715
456,141,1.1359341e-05
457,141,0.0008544512
458,141,-0.00046370272
459,141,0.00022145733
460,141,0.00018090941
461,141,0.00040171482
462,141,-0.00020482391
463,141,0.0004911795
464,141,9.9180266e-05
465,141,0.0002147723
466,141,0.0005763229
467,141,4.805345e-05
468,141,0.0005874606
469,141,0.0006227782
470,141,0.00034684874
471,141,0.0007958794
472,141,5.6310557e-05
473,141,0.000649333
474,141,0.0005347654
475,141,0.0008340301
476,141,0.0008126367
477,141,8.310657e-05
478,141,0.00085408706
479,141,0.00052548293
480,141,0.000957964
481,141,0.00051995926
482,141,0.00069372635
483,141,0.0007229857
484,141,0.00016622711
485,141,0.0006695613
486,141,0.00045369472
487,141,9.440165e-05
488,141,-7.4569136e-05
489,141,0.00067093596
490,141,0.00046677608
491,141,0.00084441993
492,141,0.00035773683
493,141,0.00038947165
494,141,0.00026637223
0,142,0.00089548435
1,142,7.0175156e-05
2,142,0.0009792196
3,142,0.0005906606
4,142,0.00042056106
5,142,0.0010955092
6,142,0.0003313981
7,142,0.0006506331
8,142,0.00035406929
9,142,
10,142,0.00094400346
11,142,0.0005958807
12,142,0.0012404453
13,142,0.00024730247
14,142,0.00087840855
15,142,0.00024519674
16,142,0.0010058656
17,142,0.0007799808
18,142,0.0008316599
19,142,0.00048751663
20,142,0.00055279396
21,142,0.0007638382
22,142,0.0004825862
23,142,0.00074668415
24,142,0.0008930396
25,142,0.0015785387
26,142,0.0008893544
27,142,0.0008416511
28,142,0.0009549828
29,142,0.00019915774
30,142,0.00096575264
31,142,0.0011661975
32,142,0.0008156616
33,142,0.0014574956
34,142,0.00079314504
35,142,0.0011021914
36,142,0.0005220538
37,142,-7.578172e-06
38,142,0.0008369349
39,142,0.0005015228
40,142,0.00093416777
41,142,0.0005306583
42,142,0.0011202255
43,142,0.0011358662
44,142,0.0012114048
45,142,0.00059632864
46,142,0.0014655264
47,142,0.00085395295
48,142,0.00089572184
49,142,0.00057035685
50,142,0.00065855216
51,142,0.00070250686
52,142,0.00063582323
53,142,0.0015925262
54,142,0.0014384901
55,142,0.00044431072
56,142,0.00086041633
57,142,0.0002646083
58,142,0.0008671619
59,142,0.0006461246
60,142,0.00081033446
61,142,0.0012422269
62,142,0.00056926813
63,142,0.00090615824
64,142,0.0003543403
65,142,0.0011792071
66,142,0.0009954562
67,142,0.00082316063
68,142,0.0002898015
69,142,
70,142,
71,142,
72,142,
73,142,
74,142,
75,142,0.0003074566
76,142,0.0006893873
77,142,0.0010010712
78,142,0.0007463321
79,142,0.00072506536
80,142,0.0005821958
81,142,0.0007222332
82,142,0.0005841842
83,142,0.00018265191
84,142,0.0009656884
85,142,0.00094842725
86,142,0.0009057317
87,142,0.00018392038
88,142,0.0008972129
89,142,0.00089317
90,142,0.0010814276
91,142,0.00070988294
92,142,0.00071267225
93,142,0.000684984
94,142,0.0010511735
95,142,0.00071236584
96,142,0.0009092372
97,142,0.00059792213
98,142,0.0005291905
99,142,0.00032285228
100,142,0.0004727943
101,142,0.0008976422
102,142,0.0002302723
103,142,0.00071556214
104,142,0.00043129735
105,142,0.00085910596
106,142,0.0009293547
107,142,0.0010301955
108,142,0.0007024817
109,142,0.00038160663
110,142,0.00087783765
111,142,0.00075057894
112,142,0.00073336065
113,142,0.00038704835
114,142,0.0004951991
115,142,0.0009725066
116,142,0.0003182115
117,142,0.0007516118
118,142,0.00067475624
119,142,0.0003080601
120,142,0.00054421276
121,142,0.00068887696
122,142,-3.5572797e-05
123,142,0.0009240862
124,142,8.1413426e-05
125,142,0.00044613704
126,142,-0.00025555305
127,142,6.505754e-05
128,142,0.00038080942
129,142,0.0009422973
130,142,-0.00013691932
131,142,
132,142,
133,142,
134,142,4.084781e-06
135,142,0.00080724526
136,142,0.0005661519
137,142,0.00055730157
138,142,0.00052631553
139,142,0.0003100494
140,142,0.0006695036
141,142,0.0004990045
142,142,0.0004478898
143,142,0.00066074915
144,142,0.000109607354
145,142,0.00058157556
146,142,0.000786921
147,142,0.00036985427
148,142,0.0003599897
149,142,0.00042613782
150,142,0.000296033
151,142,0.00050845556
152,142,0.000104538165
153,142,0.0010405285
154,142,0.00022870488
155,142,0.00050801225
156,142,0.0005485704
157,142,0.0004987968
158,142,0.0006695455
159,142,0.00047234446
160,142,0.0008614566
161,142,0.00054314826
162,142,0.00078602415
163,142,0.000525265
164,142,0.00042273663
165,142,0.00024289638
166,142,0.000339753
167,142,0.0002614539
168,142,0.0002986649
169,142,0.0002992414
170,142,0.00049510784
171,142,0.00047252513
172,142,0.00034495257
173,142,0.00015289243
174,142,0.0007360121
175,142,0.00077247433
176,142,0.0009270031
177,142,0.00082094595
178,142,4.159566e-05
179,142,0.0005797567
180,142,0.0004172735
181,142,0.00031417515
182,142,0.00084496755
183,142,0.0008028876
184,142,0.00047807582
185,142,0.0009256592
186,142,0.0006404733
187,142,0.0005668411
188,142,0.0004769843
189,142,0.000648628
190,142,0.00047114491
191,142,0.00041380245
192,142,0.0006053569
193,142,0.00078468025
194,142,0.0006042868
195,142,0.00094311126
196,142,0.00045090076
197,142,0.0003087204
198,142,0.0005569998
199,142,0.00049548596
200,142,0.0009358432
201,142,0.0008114511
202,142,0.0005122144
203,142,0.0008314643
204,142,0.0005407352
205,142,0.00057158805
206,142,0.0007580444
207,142,0.00046746712
208,142,0.00031922292
209,142,0.0005070353
210,142,0.0007411549
211,142,0.00088174734
212,142,0.0006427374
213,142,0.0003565941
214,142,0.00038536638
215,142,0.0008248035
216,142,0.00034234766
217,142,8.285232e-05
218,142,0.0004823124
219,142,0.00066751894
220,142,0.0002093045
221,142,0.0006202087
222,142,0.00046415068
223,142,-2.2705644e-05
224,142,8.7786466e-05
225,142,0.00033634808
226,142,0.00090263225
227,142,0.00068977755
228,142,0.0002698712
229,142,0.001111933
230,142,0.00034087896
231,142,0.0004599057
232,142,0.00011643022
233,142,0.00089624897
234,142,0.00019281637
235,142,-0.00023923814
236,142,0.0007208297
237,142,0.0006783381
238,142,0.000785863
239,142,0.0005709771
240,142,0.00050730444
241,142,0.00034762267
242,142,0.0006164219
243,142,0.0007488765
244,142,0.00013490114
245,142,0.00023666862
246,142,0.0006660782
247,142,0.0008531725
248,142,0.00038520247
249,142,0.0007178392
250,142,0.00066421553
251,142,0.00019765552
252,142,0.00041908305
253,142,0.0010603387
254,142,0.00058375206
255,142,0.0008967826
256,142,0.00067254156
257,142,0.0006984435
258,142,0.0006382549
259,142,-0.00033945125
260,142,0.00025110506
261,142,0.00022684038
262,142,0.00063748285
263,142,0.00065489113
264,142,0.0006407695
265,142,8.8863075e-05
266,142,0.00043290854
267,142,-4.029926e-05
268,142,0.00050369743
269,142,0.0002845982
270,142,9.337813e-05
271,142,-0.00011435151
272,142,0.00031746924
273,142,0.0006148489
274,142,0.00038150232
275,142,0.000119227916
276,142,0.00070048403
277,142,0.0006287666
278,142,0.000737397
279,142,0.00056721456
280,142,0.0009031892
281,142,0.00052966643
282,142,0.0005192375
283,142,0.0005332576
284,142,0.00030521676
285,142,0.0005167676
286,142,0.000512572
287,142,-0.0004477417
288,142,0.00061824825
289,142,0.00020355359
290,142,0.00065977685
291,142,-0.00012595393
292,142,0.00076188426
293,142,0.00030597206
294,142,0.00092377886
295,142,0.00038533378
296,142,0.0009001596
297,142,0.00029195566
298,142,0.00020321179
299,142,0.0005609533
300,142,0.00070044585
301,142,0.00041020103
302,142,0.0005677417
303,142,0.00058560073
304,142,0.0004580496
305,142,8.476246e-05
306,142,0.00023955293
307,142,0.00029776245
308,142,0.0008260887
309,142,0.00053909235
310,142,0.00030290056
311,142,0.00044699758
312,142,0.00038059615
313,142,0.00079972297
314,142,0.00037938636
315,142,0.0007065609
316,142,0.00042915344
317,142,4.8449263e-05
318,142,0.000597883
319,142,0.0007921457
320,142,-8.629169e-05
321,142,0.00087844674
322,142,0.00024905056
323,142,0.00055367034
324,142,0.00065805856
325,142,0.00029281992
326,142,
327,142,
328,142,
329,142,
330,142,0.00030434784
331,142,-0.00021441188
332,142,0.00079084095
333,142,6.5041706e-05
334,142,0.00036049914
335,142,0.00053027645
336,142,0.0005853716
337,142,-0.00013399869
338,142,8.6426735e-05
339,142,-0.00051666424
340,142,0.0006485041
341,142,0.0006223144
342,142,0.0011291327
343,142,0.0002528308
344,142,0.00081783254
345,142,0.0001320932
346,142,0.00042461045
347,142,0.00043765828
348,142,0.0002579745
349,142,0.0006746352
350,142,0.0007947488
351,142,0.00044996105
352,142,0.000801038
353,142,4.399009e-05
354,142,0.0003664298
355,142,0.00040936656
356,142,0.0003500171
357,142,0.0012035733
358,142,0.0007822709
359,142,0.0007071644
360,142,0.0010414291
361,142,0.00025341753
362,142,0.0001145117
363,142,0.00084631145
364,142,2.2732653e-05
365,142,0.00028798357
366,142,0.00026512612
367,142,8.1223436e-05
368,142,0.00012586825
369,142,0.00027720258
370,142,0.00031914562
371,142,-0.00013517868
372,142,0.00043989718
373,142,0.00025237538
374,142,0.0007116543
375,142,0.0007085027
376,142,0.0008273544
377,142,0.0005847784
378,142,0.00074237585
379,142,0.0011162749
380,142,0.0004706895
381,142,0.00046560168
382,142,0.00033275597
383,142,0.00053097773
384,142,0.0001645675
385,142,0.00073885825
386,142,0.0006370051
387,142,0.0007012114
388,142,0.00014693383
389,142,0.0002946956
390,142,0.00075240247
391,142,0.0007195305
392,142,0.0005375631
393,142,0.00043131784
394,142,0.0001366632
395,142,0.0004134588
396,142,0.000868978
397,142,0.00015572272
398,142,-0.00020283926
399,142,0.00049997587
400,142,0.0007316414
401,142,0.00022066012
402,142,0.00013731886
403,142,0.00046084635
404,142,0.0006863754
405,142,0.0006342549
406,142,0.0008569658
407,142,0.0007371018
408,142,0.0008999929
409,142,0.00041310303
410,142,0.00042003486
411,142,0.0005044453
412,142,0.00045272429
413,142,0.00025599357
414,142,0.00053570606
415,142,0.0009580478
416,142,-3.38573e-05
417,142,0.00037103705
418,142,0.00073491596
419,142,0.0010024775
420,142,0.0005130097
421,142,0.0012123892
422,142,0.00028313324
423,142,8.819625e-06
424,142,0.0003394708
425,142,0.0009768698
426,142,0.00044375286
427,142,0.0008499343
428,142,0.00056983717
429,142,0.00069168396
430,142,0.00029338244
431,142,0.00035297032
432,142,0.0006413236
433,142,0.00068740454
434,142,0.0003538672
435,142,0.0005858503
436,142,0.0007378459
437,142,0.00027392711
438,142,0.0003478648
439,142,0.00028616935
440,142,0.00024082791
441,142,0.0002760496
442,142,9.224657e-05
443,142,0.0003578132
444,142,0.0005155904
445,142,-1.7985702e-05
446,142,0.0006264802
447,142,0.00024832226
448,142,0.0001588529
449,142,0.00010146387
450,142,0.00090937596
451,142,0.0008805385
452,142,0.00040203333
453,142,0.00047467183
454,142,0.0005875202
455,142,7.9498626e-05
456,142,0.00054233335
457,142,0.00039141066
458,142,0.0003835233
459,142,6.5259635e-05
460,142,6.242376e-05
461,142,0.00080185756
462,142,0.00017850753
463,142,0.00042132754
464,142,0.0008198153
465,142,0.0002575908
466,142,0.0005638385
467,142,0.00031984504
468,142,0.0005619684
469,142,0.0006875135
470,142,0.00027568545
471,142,0.0008533411
472,142,0.00070185773
473,142,0.00025891885
474,142,0.00037881453
475,142,0.0005512554
476,142,0.00081102643
477,142,0.00076552667
478,142,0.00068022124
479,142,0.0003132727
480,142,0.000576471
481,142,0.00043204706
482,142,0.00042534806
483,142,0.0007764539
484,142,0.0008698795
485,142,0.00038399547
486,142,0.00051499624
487,142,0.00027454924
488,142,0.00022361986
489,142,0.0002849698
490,142,0.0007124748
491,142,0.0006279927
492,142,0.0006761011
493,142,0.00042498112
494,142,0.00038870517
0,143,0.00025293697
1,143,0.00037824735
2,143,0.0007571876
3,143,0.00086556654
4,143,0.00080423336
5,143,0.0005892329
6,143,0.00018748827
7,143,0.00060969125
8,143,
9,143,
10,143,0.000446558
11,143,
12,143,0.0007413924
13,143,0.00096233655
14,143,0.0008613169
15,143,0.0006546257
16,143,0.00058503076
17,143,0.00023697782
18,143,0.0010474864
19,143,0.00083373114
20,143,0.0004909057
21,143,0.0008668173
22,143,0.0014290018
23,143,0.0004039351
24,143,0.0008013919
25,143,0.00036557578
26,143,0.00090653915
27,143,0.00085336436
28,143,0.00041805021
29,143,0.00079253595
30,143,0.0010389518
31,143,0.00020683557
32,143,0.00090233237
33,143,0.0008805664
34,143,0.0010907184
35,143,0.0008012634
36,143,0.00069136266
37,143,0.00046495255
38,143,0.0010221945
39,143,0.00052188523
40,143,0.00059495494
41,143,0.0007779915
42,143,0.00084243994
43,143,0.00059843436
44,143,0.00072921626
45,143,0.00095133856
46,143,0.0006587021
47,143,0.0008957684
48,143,0.00054927636
49,143,0.00066709146
50,143,0.00069434475
51,143,0.0010842122
52,143,0.0007216111
53,143,0.00089785736
54,143,0.0010544071
55,143,0.00049118325
56,143,0.00048390497
57,143,0.00058989786
58,143,0.0009210557
59,143,0.00089806877
60,143,0.0006532883
61,143,0.00060219504
62,143,0.0006619869
63,143,0.0008421559
64,143,0.0011008317
65,143,0.0008911155
66,143,0.00069680344
67,143,0.0010084612
68,143,0.0007948717
69,143,
70,143,
71,143,
72,143,
73,143,
74,143,
75,143,0.0004149424
76,143,-0.00039851386
77,143,0.00025135092
78,143,0.0002362933
79,143,0.0007382259
80,143,0.00061813276
81,143,0.00048626028
82,143,0.0012090234
83,143,0.00024125632
84,143,0.00082585774
85,143,0.00097089726
86,143,0.0006221933
87,143,0.00079808664
88,143,0.00037610158
89,143,0.00046918355
90,143,0.0007076785
91,143,0.00076594856
92,143,0.00044430327
93,143,0.00089536887
94,143,0.00071830396
95,143,0.00047882553
96,143,0.00042814948
97,143,0.00073916744
98,143,0.00064932555
99,143,0.00058585126
100,143,0.00070835557
101,143,3.229361e-05
102,143,0.0005013738
103,143,-7.734634e-05
104,143,0.0008150246
105,143,0.00048158504
106,143,0.00071226433
107,143,0.0005767895
108,143,0.00057838205
109,143,0.00075732823
110,143,0.0011470988
111,143,0.00011732802
112,143,0.00050284155
113,143,0.0009875102
114,143,0.00040994398
115,143,0.0001591947
116,143,0.00040290877
117,143,0.00022805482
118,143,0.0009847255
119,143,0.0003534425
120,143,0.0002457872
121,143,0.0007042987
122,143,0.00055556
123,143,0.00037355628
124,143,0.0004614154
125,143,0.00047471654
126,143,0.0009136507
127,143,0.00045148097
128,143,0.0002758419
129,143,0.0007769568
130,143,
131,143,
132,143,
133,143,
134,143,
135,143,0.00036219228
136,143,0.00040350016
137,143,0.0006567612
138,143,0.000852352
139,143,0.00029663555
140,143,0.0005884422
141,143,0.0008002613
142,143,0.0011910005
143,143,0.00064586196
144,143,0.0002320353
145,143,0.00049738307
146,143,0.0005355906
147,143,0.0006601643
148,143,0.0009279363
149,143,0.0005606301
150,143,0.0009135967
151,143,0.0006457204
152,143,0.0004652785
153,143,0.0004908703
154,143,0.00029599667
155,143,0.00020022038
156,143,0.00044260733
157,143,0.000554204
158,143,0.0007578572
159,143,0.0004086122
160,143,0.00079605076
161,143,0.00035971403
162,143,0.0007101847
163,143,0.00075277314
164,143,0.00048491172
165,143,0.00044783484
166,143,0.000463414
167,143,0.00091036037
168,143,0.00015294366
169,143,0.00062291976
170,143,0.00037973188
171,143,0.000347279
172,143,0.0003306931
173,143,0.00031101517
174,143,0.00038291514
175,143,0.0009199176
176,143,0.0007047653
177,143,0.000397671
178,143,0.00034470297
179,143,0.00053605996
180,143,0.0005960399
181,143,0.0008342108
182,143,0.00017632172
183,143,0.00052939355
184,143,0.00028579123
185,143,0.00034053996
186,143,0.00050338544
187,143,0.0007220637
188,143,0.00063309167
189,143,0.00061964896
190,143,0.0007439796
191,143,0.00050943904
192,143,0.0009285491
193,143,0.0006287219
194,143,0.0005108258
195,143,0.0005074702
196,143,0.00063882023
197,143,0.0008875625
198,143,0.00081491657
199,143,0.00074371416
200,143,0.00091057457
201,143,0.0007791715
202,143,0.00073764566
203,143,0.0007324405
204,143,0.00081703346
205,143,0.0004277695
206,143,0.00034105498
207,143,0.000400085
208,143,0.00074189715
209,143,0.00081708375
210,143,0.00024414528
211,143,0.0006588418
212,143,0.00083347503
213,143,0.0007189978
214,143,0.00039878953
215,143,5.9134327e-05
216,143,0.0005073631
217,143,0.0002769418
218,143,0.00032852124
219,143,0.00036520325
220,143,0.00018558186
221,143,0.00021208078
222,143,0.0010200841
223,143,8.989684e-05
224,143,0.00069328584
225,143,0.0003320882
226,143,0.00037610903
227,143,0.0002957061
228,143,1.9382685e-05
229,143,0.0001479704
230,143,0.00020060223
231,143,0.0011005942
232,143,0.0008292906
233,143,-0.00016664341
234,143,0.00032970682
235,143,0.00024864078
236,143,0.00021465495
237,143,0.00039165
238,143,0.0008079903
239,143,0.00030744262
240,143,0.00028688274
241,143,0.00074388646
242,143,0.00041155703
243,143,0.00022567809
244,143,0.00063336827
245,143,0.00024030171
246,143,0.0004278589
247,143,0.00063938927
248,143,0.0008643735
249,143,0.0007291343
250,143,0.0007185731
251,143,0.00038320106
252,143,0.0008185804
253,143,0.00025381055
254,143,0.00053697545
255,143,0.0007371716
256,143,0.00059877057
257,143,-8.465722e-05
258,143,0.00058740284
259,143,0.0004967563
260,143,0.0008701524
261,143,-0.00019286014
262,143,0.00031979475
263,143,0.0003164541
264,143,0.00068863016
265,143,0.0005309591
266,143,7.241126e-05
267,143,0.000778459
268,143,0.0009016581
269,143,0.00047055818
270,143,0.0002343934
271,143,0.00032740645
272,143,0.0011806637
273,143,0.0003592139
274,143,0.00069504976
275,143,0.0002904199
276,143,0.00054942444
277,143,0.00091872923
278,143,0.0012345063
279,143,0.0001785336
280,143,0.00051704235
281,143,0.0010938151
282,143,0.0003346717
283,143,0.0006257668
284,143,6.684475e-05
285,143,0.0008709775
286,143,0.00037643593
287,143,-0.00019063707
288,143,0.0006955527
289,143,0.0007039793
290,143,0.0001938399
291,143,0.00013825577
292,143,0.00082204025
293,143,0.0009124428
294,143,0.00044221897
295,143,0.00030778907
296,143,0.00049916655
297,143,0.00055390224
298,143,0.00046473462
299,143,0.0007626768
300,143,0.00037187338
301,143,0.00049552694
302,143,0.0010600407
303,143,0.0004158495
304,143,0.00074029155
305,143,0.0007190332
306,143,0.0008151531
307,143,0.00047983043
308,143,0.0010924125
309,143,0.00027420558
310,143,0.0010512825
311,143,0.00050533935
312,143,0.00052175205
313,143,0.00050772354
314,143,0.00048279762
315,143,0.00026197266
316,143,0.0008603204
317,143,0.0008402895
318,143,0.00087322574
319,143,0.00079648476
320,143,0.00072032213
321,143,0.0005417764
322,143,0.00047265645
323,143,0.00061336346
324,143,
325,143,0.00060716923
326,143,0.00091290474
327,143,
328,143,0.00075216405
329,143,0.00024807826
330,143,-0.0002332516
331,143,0.0003777733
332,143,-0.00013911538
333,143,0.0003015967
334,143,0.00033400487
335,143,0.00045818556
336,143,0.0011571515
337,143,1.3200566e-05
338,143,-6.2766485e-05
339,143,0.00059345644
340,143,0.0001794016
341,143,0.00014858134
342,143,0.00089429785
343,143,-4.30597e-05
344,143,0.00014315173
345,143,0.0009065354
346,143,4.9261376e-05
347,143,0.00044442713
348,143,6.162841e-05
349,143,0.0010336777
350,143,0.000284574
351,143,0.00085023325
352,143,0.0006580902
353,143,0.00043086894
354,143,0.00031064916
355,143,0.00049949344
356,143,0.00047652703
357,143,0.00015284866
358,143,0.00057647936
359,143,0.0009249374
360,143,0.00022158679
361,143,0.0003137216
362,143,0.0006758394
363,143,0.0005359547
364,143,0.00063195266
365,143,5.976297e-06
366,143,0.00070855767
367,143,0.00047094934
368,143,0.0002776552
369,143,2.8656796e-05
370,143,0.0007072594
371,143,0.0006408207
372,143,0.00057073403
373,143,0.0008934075
374,143,0.0008175997
375,143,0.00042659324
376,143,0.0008505145
377,143,0.00022333767
378,143,0.00023989845
379,143,0.00050857104
380,143,0.0010799188
381,143,0.00089619216
382,143,0.00055378396
383,143,0.0010562399
384,143,0.0007575406
385,143,0.00064312946
386,143,0.0010429686
387,143,0.00015079882
388,143,0.0006769225
389,143,0.000541877
390,143,0.00043903757
391,143,0.00066335127
392,143,0.00064819306
393,143,0.00048454292
394,143,0.00057280343
395,143,0.00036943145
396,143,0.0004884973
397,143,0.00052319467
398,143,0.00043538772
399,143,0.00020890124
400,143,0.00067836884
401,143,0.0005394602
402,143,0.00045321416
403,143,0.00023671426
404,143,0.0006644204
405,143,0.00030469615
406,143,0.00069616456
407,143,9.191409e-05
408,143,0.0007132562
409,143,0.0006380789
410,143,0.00064348243
411,143,0.0001582196
412,143,0.00016757939
413,143,0.00017450284
414,143,0.0008362178
415,143,0.00023590121
416,143,0.00038146414
417,143,2.243463e-05
418,143,0.0006132629
419,143,0.00041702017
420,143,0.0005271975
421,143,0.00042969268
422,143,-5.7899393e-05
423,143,-6.403215e-05
424,143,0.00017332472
425,143,0.0006043101
426,143,0.00041533634
427,143,0.0004520435
428,143,0.00030728523
429,143,0.00063140877
430,143,0.00088054687
431,143,0.0002752617
432,143,0.00077648275
433,143,0.0005768761
434,143,0.0005517956
435,143,0.00041781738
436,143,0.00010487996
437,143,0.0005986318
438,143,0.0009790631
439,143,0.00028948486
440,143,0.00056303944
441,143,0.00032103714
442,143,-1.813937e-05
443,143,0.00073222537
444,143,0.0003549084
445,143,0.00026944652
446,143,0.00036185794
447,143,0.0006768517
448,143,0.00039962307
449,143,0.0008856552
450,143,0.00028663594
451,143,0.00019798148
452,143,0.0002882341
453,143,0.0007341048
454,143,0.0003893273
455,143,0.00081229117
456,143,0.00091248285
457,143,0.0003851112
458,143,0.0005970979
459,143,0.0008893227
460,143,0.00062858127
461,143,-0.00010351557
462,143,0.00046115275
463,143,0.0005078558
464,143,0.0004058145
465,143,0.000602955
466,143,0.00051163975
467,143,0.0009322362
468,143,0.0005932059
469,143,0.000777944
470,143,0.00062602665
471,143,0.0008162875
472,143,0.0006582113
473,143,0.0007121125
474,143,0.0006388286
475,143,0.00018071663
476,143,0.00040600076
477,143,0.00041802134
478,143,0.00042714085
479,143,0.0004688464
480,143,5.9575774e-05
481,143,0.00086286943
482,143,0.0007951269
483,143,6.3857064e-05
484,143,0.0005170051
485,143,0.0007318817
486,143,0.0005667452
487,143,0.0005354751
488,143,0.00026473217
489,143,0.00033475086
490,143,0.0002666507
491,143,0.0005201306
492,143,0.0005587777
493,143,0.0009413939
494,143,0.00025732256
0,144,0.00032976642
1,144,0.0006934777
2,144,0.0004645763
3,144,0.0007973071
4,144,0.0007392857
5,144,0.00040678028
6,144,0.0006650016
7,144,
8,144,
9,144,
10,144,
11,144,0.00069797225
12,144,0.00012693834
13,144,0.0004998194
14,144,0.000932293
15,144,0.0008964762
16,144,0.0013996698
17,144,0.0011315858
18,144,0.00084716454
19,144,0.00012811087
20,144,0.0009705126
21,144,0.0008922722
22,144,0.0005317526
23,144,0.0007846067
24,144,0.00078604184
25,144,0.00027718116
26,144,0.0008900976
27,144,0.0011386359
28,144,0.0012385966
29,144,0.00079660583
30,144,4.0000305e-05
31,144,0.00075706374
32,144,0.00045988057
33,144,0.0009586718
34,144,0.0008192081
35,144,8.1470236e-05
36,144,0.0015091375
37,144,0.0012666769
38,144,0.00044144597
39,144,0.00054570846
40,144,0.0007169759
41,144,0.00085937325
42,144,0.00085291825
43,144,0.0007393146
44,144,0.0003743861
45,144,0.0009834114
46,144,0.0009780265
47,144,0.00070823636
48,144,0.0010551894
49,144,0.0007237047
50,144,0.001464746
51,144,0.0005065184
52,144,0.000760871
53,144,0.0005575139
54,144,0.0008584829
55,144,0.00062208995
56,144,0.0006612763
57,144,0.0005511232
58,144,0.0005155979
59,144,0.00071471184
60,144,0.0002925573
61,144,0.0009885747
62,144,0.0006582998
63,144,5.728379e-05
64,144,0.00078519806
65,144,0.00040800218
66,144,0.0008202046
67,144,0.00049387105
68,144,0.0011264831
69,144,0.0006903298
70,144,
71,144,
72,144,
73,144,
74,144,
75,144,
76,144,0.00031498447
77,144,0.0008891141
78,144,0.00069195125
79,144,0.00030994136
80,144,0.00046327803
81,144,0.0009058798
82,144,0.00023497082
83,144,0.00078989565
84,144,0.0006401744
85,144,0.00069382135
86,144,0.0007757945
87,144,0.0011310689
88,144,0.0004612645
89,144,0.0005362015
90,144,0.00088119507
91,144,0.00038006622
92,144,0.0005323384
93,144,0.00058238115
94,144,0.00023793988
95,144,0.00063419715
96,144,0.00016411673
97,144,0.00025719777
98,144,0.001015502
99,144,0.00077282917
100,144,0.00038771797
101,144,0.00046916306
102,144,0.0004485799
103,144,0.0006356919
104,144,0.00063022133
105,144,0.00044137333
106,144,0.00035236683
107,144,0.0006881505
108,144,0.00045442767
109,144,0.00044012256
110,144,0.00065681525
111,144,0.00043939985
112,144,0.0010239854
113,144,0.00044371467
114,144,0.000392735
115,144,0.00055538584
116,144,0.00040254928
117,144,0.0005107857
118,144,0.00062997453
119,144,0.0006458871
120,144,0.0008518826
121,144,0.0004801862
122,144,0.0005406542
123,144,0.00053519756
124,144,0.0007525347
125,144,0.00053083245
126,144,1.3558194e-05
127,144,0.0004943181
128,144,0.0002981322
129,144,
130,144,0.0009288918
131,144,
132,144,
133,144,
134,144,
135,144,
136,144,0.00094140787
137,144,0.0003234148
138,144,0.00033789128
139,144,0.0008009188
140,144,0.00050808117
141,144,0.0006595943
142,144,0.000507541
143,144,0.00037497655
144,144,0.0007418953
145,144,0.00022633001
146,144,0.0006238958
147,144,0.00046816655
148,144,-2.5443733e-05
149,144,0.00031626038
150,144,0.00034366362
151,144,0.0007843645
152,144,0.0006340472
153,144,0.0005672714
154,144,0.00090539735
155,144,0.0003126366
156,144,0.000731471
157,144,0.00036158785
158,144,0.0010438757
159,144,0.0004208386
160,144,0.00085440837
161,144,0.0006017545
162,144,0.00057653803
163,144,6.029196e-05
164,144,0.0004461715
165,144,0.00013631862
166,144,0.0004540924
167,144,0.0006430913
168,144,0.00033377856
169,144,0.00040238257
170,144,0.00066084135
171,144,0.0006890036
172,144,0.00020656455
173,144,0.0006217258
174,144,0.00029565487
175,144,0.0002513323
176,144,0.00054525957
177,144,0.00030400418
178,144,0.00038626976
179,144,0.00075491704
180,144,0.0004759282
181,144,0.00089859124
182,144,0.0009916462
183,144,0.00063176826
184,144,0.0005985396
185,144,0.0007614223
186,144,0.000456864
187,144,0.0011328766
188,144,0.00080890395
189,144,0.00067918375
190,144,0.0005705161
191,144,0.0006123008
192,144,0.00064446684
193,144,0.00055620633
194,144,0.0005511716
195,144,0.0008111615
196,144,0.00064156856
197,144,0.00033741072
198,144,0.00034689624
199,144,0.0007907273
200,144,0.0008828016
201,144,0.0006026104
202,144,0.0009443583
203,144,0.0005863188
204,144,0.00015019719
205,144,0.0008294387
206,144,0.00035960227
207,144,0.00068460405
208,144,0.00097597577
209,144,0.00026349723
210,144,0.0006823372
211,144,0.0008053938
212,144,0.00053854194
213,144,-0.000117297284
214,144,0.00019804016
215,144,0.00076683704
216,144,0.0004598964
217,144,0.0003919024
218,144,-0.00012046937
219,144,0.00014214683
220,144,0.0009915316
221,144,0.00019299705
222,144,-9.888597e-05
223,144,0.00038986
224,144,0.00023352075
225,144,0.00014035776
226,144,-9.739585e-05
227,144,0.00022328738
228,144,0.00041268766
229,144,0.00077965856
230,144,0.00012519024
231,144,1.8076971e-05
232,144,0.00087959506
233,144,0.00046800543
234,144,0.0003973199
235,144,0.00076084025
236,144,0.00056493003
237,144,0.00061487406
238,144,0.0005383007
239,144,3.454741e-05
240,144,-2.3523346e-05
241,144,0.000747039
242,144,0.00038307067
243,144,0.00040658377
244,144,0.0005939584
245,144,0.00048776716
246,144,0.0008495636
247,144,0.0003628321
248,144,0.00045995507
249,144,0.00029362272
250,144,0.0010280944
251,144,0.0007554861
252,144,0.00090972893
253,144,0.0007872088
254,144,0.00021370314
255,144,0.00022781454
256,144,0.00090762693
257,144,0.00084251445
258,144,0.00074110925
259,144,0.00106885
260,144,0.0011998126
261,144,7.178169e-05
262,144,0.0003284486
263,144,0.0010238765
264,144,0.000691833
265,144,0.0007242318
266,144,2.9017217e-05
267,144,0.00047474448
268,144,8.602906e-05
269,144,0.0009481367
270,144,0.0011736061
271,144,0.0001507299
272,144,0.00039768405
273,144,0.00024405587
274,144,0.0006174287
275,144,0.00078312214
276,144,0.0006584339
277,144,0.0011415891
278,144,0.00042181648
279,144,0.000674054
280,144,4.3852255e-05
281,144,0.0007710019
282,144,0.00022264756
283,144,0.00060989615
284,144,0.00014631078
285,144,0.0009375848
286,144,0.00081551727
287,144,0.0010826476
288,144,0.0004069358
289,144,0.0011070604
290,144,-2.3576431e-05
291,144,0.0007739719
292,144,0.00070341304
293,144,0.00077494886
294,144,0.00033784565
295,144,0.00037407782
296,144,0.00037444476
297,144,0.00059932563
298,144,0.00045769196
299,144,0.0005610185
300,144,0.00092342496
301,144,0.0006079227
302,144,0.00016697217
303,144,0.0008611148
304,144,0.0008896943
305,144,0.0006149374
306,144,0.0006134398
307,144,0.0009702537
308,144,0.0006076107
309,144,0.00073191244
310,144,0.00065922365
311,144,0.00065426156
312,144,0.00059061777
313,144,0.0006671585
314,144,0.0005709445
315,144,0.0005001249
316,144,0.00047836825
317,144,0.0008192854
318,144,0.0006938409
319,144,0.00034762174
320,144,0.0005629007
321,144,0.0005251225
322,144,0.0009603696
323,144,0.00086572394
324,144,0.0010020994
325,144,0.00073929597
326,144,0.00094585586
327,144,0.00077138003
328,144,
329,144,
330,144,
331,144,0.00043345056
332,144,0.0010610111
333,144,-0.00013006572
334,144,0.00047307648
335,144,0.0005061496
336,144,0.00034352578
337,144,0.00040772464
338,144,0.00067102164
339,144,0.0008875951
340,144,0.00055564474
341,144,0.001323442
342,144,0.00041313004
343,144,0.0006350251
344,144,0.00076509826
345,144,0.0008166274
346,144,0.00013511721
347,144,0.00052449387
348,144,0.00018796232
349,144,-1.2733042e-05
350,144,0.00032288954
351,144,0.0009738058
352,144,0.00021252036
353,144,0.000453447
354,144,0.00072806794
355,144,0.0005065352
356,144,0.0007418161
357,144,0.000105524436
358,144,0.0006862385
359,144,0.00040099025
360,144,-0.00010661222
361,144,0.00017154217
362,144,0.00058708433
363,144,0.000120740384
364,144,0.00055401213
365,144,0.0002194317
366,144,0.00032696314
367,144,0.0005364036
368,144,0.0004147552
369,144,0.0008659195
370,144,-3.9168634e-05
371,144,0.0008448018
372,144,0.0007256344
373,144,0.0004926361
374,144,0.00060378946
375,144,0.00022961479
376,144,0.0011966443
377,144,0.0006480254
378,144,0.0005215546
379,144,0.00034916587
380,144,0.0011998219
381,144,0.00079771876
382,144,0.0013056966
383,144,0.0007002037
384,144,0.00022242498
385,144,0.0003057383
386,144,0.00056729093
387,144,0.00043625198
388,144,0.000272437
389,144,0.00054640416
390,144,0.00093424134
391,144,0.00038534869
392,144,0.00041838177
393,144,0.0007136408
394,144,0.0007920619
395,144,0.00062774215
396,144,0.00034862012
397,144,0.00023553241
398,144,0.00052913465
399,144,0.00036208052
400,144,0.00033883192
401,144,0.0005415939
402,144,0.00052173994
403,144,0.0005460456
404,144,0.00025665574
405,144,0.0002778005
406,144,0.00057591405
407,144,0.0008562971
408,144,0.00059608184
409,144,-5.010143e-05
410,144,0.0006260369
411,144,0.0006139707
412,144,0.00054806564
413,144,0.00013632327
414,144,0.00015932415
415,144,5.0175935e-05
416,144,0.00013773702
417,144,0.00062366575
418,144,0.0007265955
419,144,0.00023080315
420,144,-0.00012328941
421,144,0.0005155876
422,144,0.00010331534
423,144,0.0001722509
424,144,0.0005426826
425,144,0.0001957668
426,144,0.0009684786
427,144,0.0005617924
428,144,0.00047724973
429,144,0.00060222205
430,144,5.5273995e-05
431,144,0.00063141435
432,144,0.00085586775
433,144,0.0008562468
434,144,0.00042654015
435,144,0.0005469853
436,144,9.856094e-05
437,144,0.00059442036
438,144,0.0006136624
439,144,0.00071202684
440,144,0.00072323997
441,144,0.00023127813
442,144,0.00017644186
443,144,0.00052331947
444,144,0.0004194826
445,144,0.00076900236
446,144,0.0002841018
447,144,0.00044116657
448,144,0.0011610854
449,144,0.00038419385
450,144,0.0007136958
451,144,0.0005473979
452,144,0.0008512456
453,144,0.0005068155
454,144,8.350145e-05
455,144,0.00043070782
456,144,0.0007949881
457,144,0.0006065415
458,144,0.00034243893
459,144,0.0012115324
460,144,0.0003211517
461,144,0.0007924903
462,144,-0.00028317422
463,144,-1.087226e-05
464,144,0.00034902245
465,144,0.00054035895
466,144,0.00044602994
467,144,0.00079460256
468,144,0.00021465495
469,144,0.00034936797
470,144,0.0005172705
471,144,0.0009486899
472,144,0.0006074924
473,144,0.0004593199
474,144,0.00034542847
475,144,0.00046247523
476,144,0.00044786
477,144,0.00062383804
478,144,0.00029627513
479,144,0.0006919559
480,144,0.00027546752
481,144,0.00054144394
482,144,0.0001195278
483,144,0.00016667321
484,144,0.00073631294
485,144,0.00078088604
486,144,0.00034508202
487,144,0.0006585438
488,144,0.00058802497
489,144,0.0010077702
490,144,0.000735119
491,144,0.00079345517
492,144,0.00025556143
493,144,0.0007742997
494,144,0.00042430963
0,145,0.0009030448
1,145,0.0006818874
2,145,0.00049721915
3,145,0.00025847182
4,145,0.00059413817
5,145,0.00018228497
6,145,0.0002910709
7,145,
8,145,0.00023029279
9,145,
10,145,2.2303313e-05
11,145,0.0013249833
12,145,0.0007005101
13,145,0.00022976846
14,145,
15,145,
16,145,0.0007864181
17,145,0.00039608963
18,145,0.00031672977
19,145,0.0011260435
20,145,0.000942654
21,145,0.00029054005
22,145,0.0010626623
23,145,0.0007117428
24,145,0.0006430857
25,145,0.0002252832
26,145,0.00073087215
27,145,0.00067610014
28,145,0.0001649633
29,145,0.00044136494
30,145,0.00025537796
31,145,0.0007773107
32,145,0.0008736681
33,145,0.0007144492
34,145,0.00025944412
35,145,0.0011957083
36,145,0.0009906739
37,145,0.0009436477
38,145,0.0008271532
39,145,0.0010913182
40,145,0.0010689571
41,145,0.0009885458
42,145,0.00088062976
43,145,0.0008795932
44,145,0.0009170789
45,145,0.0009956341
46,145,0.0011174642
47,145,0.0006741611
48,145,0.0012447964
49,145,0.0010512713
50,145,0.00077650975
51,145,0.00084840134
52,145,0.0011070566
53,145,0.0006348435
54,145,0.0008349437
55,145,0.0009986348
56,145,0.00021897815
57,145,0.0006753262
58,145,0.0014749467
59,145,0.00064774416
60,145,0.0007341113
61,145,0.00076246355
62,145,0.0006426247
63,145,0.00062537193
64,145,0.0004873108
65,145,0.0009158049
66,145,0.0008984897
67,145,0.0009826347
68,145,0.00047450978
69,145,0.0006613312
70,145,
71,145,
72,145,
73,145,
74,145,
75,145,
76,145,0.0008173119
77,145,0.0010001874
78,145,0.00022638496
79,145,0.00059653446
80,145,0.0009412505
81,145,0.0010014083
82,145,0.0005268622
83,145,0.0009231102
84,145,0.0008333782
85,145,0.00057884306
86,145,0.00093606673
87,145,0.0008179797
88,145,0.00078661647
89,145,0.0007740371
90,145,0.00060184486
91,145,0.00069859996
92,145,0.000570382
93,145,0.00071321893
94,145,0.0008617062
95,145,0.00029714406
96,145,0.0006638933
97,145,0.00016736053
98,145,0.0006039338
99,145,0.0008796621
100,145,0.0006155651
101,145,0.00063879695
102,145,0.00040381867
103,145,0.00066431984
104,145,0.0001991475
105,145,0.00051017664
106,145,0.00034589414
107,145,0.0005479017
108,145,0.00062758476
109,145,0.0010859398
110,145,0.0005921703
111,145,0.00027715228
112,145,0.0009015361
113,145,0.0006094612
114,145,0.0006221449
115,145,0.0007094154
116,145,0.0005390188
117,145,0.00027781352
118,145,0.00041004922
119,145,0.0005351901
120,145,0.00039722957
121,145,0.00053965393
122,145,0.0006756084
123,145,0.00048727263
124,145,0.00041977316
125,145,0.0006130133
126,145,0.0005978709
127,145,0.00075291283
128,145,-4.9993396e-05
129,145,0.0007421663
130,145,
131,145,
132,145,0.0006345846
133,145,
134,145,
135,145,
136,145,0.0009362614
137,145,5.6816265e-05
138,145,0.0009187283
139,145,0.00032274332
140,145,0.0007764017
141,145,0.00093595125
142,145,0.0010024412
143,145,0.00037767645
144,145,2.4298206e-05
145,145,0.00047797244
146,145,0.00082495343
147,145,0.00039129332
148,145,0.00035404693
149,145,-1.9241124e-06
150,145,0.00039404724
151,145,0.00054625794
152,145,0.0005933065
153,145,0.00051552337
154,145,0.0006666966
155,145,0.0003567133
156,145,0.00041596685
157,145,0.00011896342
158,145,0.00045941677
159,145,0.0007546656
160,145,0.00070399605
161,145,0.00046093855
162,145,0.00084057543
163,145,0.00040155277
164,145,0.0006367471
165,145,0.0005660914
166,145,0.0008426374
167,145,0.00083644595
168,145,0.00036590453
169,145,0.0005633896
170,145,0.0004897537
171,145,-3.1494536e-05
172,145,0.0010006893
173,145,0.00034355
174,145,0.0006818045
175,145,0.00021305867
176,145,0.00046139583
177,145,0.0006102752
178,145,0.00072150864
179,145,0.0006855624
180,145,0.00059310533
181,145,0.00068938546
182,145,0.0007215822
183,145,0.00027062558
184,145,0.00075118523
185,145,0.00025985017
186,145,0.000589055
187,145,0.000574287
188,145,0.0004280368
189,145,0.0011601308
190,145,0.00044445042
191,145,0.00029773545
192,145,0.00043685082
193,145,0.00066867843
194,145,0.0004989086
195,145,0.00039887428
196,145,0.00062384177
197,145,0.00064256974
198,145,0.0008544456
199,145,0.0006240541
200,145,0.0011324063
201,145,0.00052840635
202,145,0.00096790586
203,145,0.00026762858
204,145,0.00058044307
205,145,0.00017313566
206,145,0.00047813915
207,145,0.00068492815
208,145,0.00057259016
209,145,0.00049328804
210,145,9.6116215e-05
211,145,0.0002685804
212,145,-5.5288896e-05
213,145,0.00068375655
214,145,0.0007426096
215,145,0.00027021673
216,145,0.00026877038
217,145,0.00025459006
218,145,0.00044135004
219,145,0.00015693996
220,145,6.711297e-05
221,145,0.00045485236
222,145,0.00091751385
223,145,-2.566073e-05
224,145,0.000514091
225,145,0.0008696504
226,145,-5.5057928e-05
227,145,0.0007204907
228,145,0.00078896154
229,145,0.00072603486
230,145,-1.7415732e-07
231,145,0.0004318729
232,145,0.00014274754
233,145,0.00063278526
234,145,0.00015325844
235,145,0.0004648855
236,145,0.0002539009
237,145,-0.00011597667
238,145,0.0008923961
239,145,0.0007831361
240,145,0.00084792636
241,145,0.00019631162
242,145,0.0006220052
243,145,0.0006426992
244,145,0.0003598621
245,145,0.00024332758
246,145,0.0008637365
247,145,0.00058738235
248,145,0.00012484752
249,145,0.00084679946
250,145,0.0007342817
251,145,0.00059313606
252,145,0.0005671922
253,145,0.00073548406
254,145,0.0006364519
255,145,0.0005321009
256,145,0.00054387096
257,145,3.3120625e-05
258,145,0.0007094033
259,145,0.0010369848
260,145,0.00053907745
261,145,0.0008786153
262,145,0.00038865674
263,145,0.0003622938
264,145,0.00017294567
265,145,0.0006473968
266,145,0.00012482516
267,145,7.586088e-05
268,145,6.241165e-05
269,145,0.0005359277
270,145,0.0007030936
271,145,0.00029804464
272,145,-2.247002e-05
273,145,0.00023498759
274,145,0.0010570567
275,145,0.0009498317
276,145,0.00061689597
277,145,0.0003318675
278,145,0.00018954743
279,145,0.0004943358
280,145,0.00058691297
281,145,0.00040982105
282,145,0.0009500189
283,145,0.00052832253
284,145,0.00063737016
285,145,0.001096922
286,145,0.00033858698
287,145,0.00069803186
288,145,4.0157698e-05
289,145,0.00053576566
290,145,0.00060272496
291,145,0.00046199653
292,145,0.0010975422
293,145,0.00062170625
294,145,0.00021051615
295,145,0.00037601683
296,145,0.0002221493
297,145,-0.000102804974
298,145,0.0007766215
299,145,0.000605125
300,145,0.00048534572
301,145,0.00067464635
302,145,0.00053237006
303,145,0.0005930038
304,145,0.00052693114
305,145,0.0004982753
306,145,0.000108044595
307,145,0.00081514474
308,145,0.0003961092
309,145,0.000666908
310,145,0.00020159036
311,145,0.00066614803
312,145,0.0005826382
313,145,0.00072793197
314,145,0.000532588
315,145,0.00037371926
316,145,0.00033058226
317,145,0.00061891973
318,145,0.00052594114
319,145,0.00073889457
320,145,0.00048599206
321,145,0.00086576864
322,145,
323,145,0.0007568896
324,145,
325,145,
326,145,
327,145,
328,145,
329,145,
330,145,
331,145,0.0004698271
332,145,-0.00019980315
333,145,0.0008002464
334,145,0.00012652203
335,145,0.00047666673
336,145,0.0007052757
337,145,0.0002707271
338,145,0.00031439867
339,145,0.00052368175
340,145,0.00068681315
341,145,0.00032639783
342,145,0.0005295379
343,145,0.00039603747
344,145,0.0009189658
345,145,0.00019379798
346,145,0.00068207365
347,145,0.00021763425
348,145,-0.00010702852
349,145,0.0004101945
350,145,0.0004488621
351,145,0.00070819724
352,145,0.0006214483
353,145,0.00065215863
354,145,0.00031841733
355,145,0.00055024214
356,145,0.00054866914
357,145,-3.159512e-05
358,145,0.00067996327
359,145,0.0005507348
360,145,0.0006952062
361,145,0.00048707053
362,145,0.0005509481
363,145,0.0003744699
364,145,0.000853952
365,145,0.0012735045
366,145,0.00056854356
367,145,0.00012182724
368,145,0.00029012002
369,145,0.0006586751
370,145,0.000517942
371,145,0.00054474175
372,145,0.00067706034
373,145,0.0003812099
374,145,0.0004603071
375,145,0.0005823169
376,145,0.00096410234
377,145,0.00029580574
378,145,0.0005291775
379,145,0.0001614457
380,145,0.00071768835
381,145,0.0009404477
382,145,0.00029746722
383,145,0.00033190753
384,145,0.0003207
385,145,0.0006712731
386,145,0.0005666958
387,145,-0.00011111144
388,145,0.0007713707
389,145,0.0005848445
390,145,0.0006192075
391,145,0.00040905364
392,145,0.00054999255
393,145,-7.7808276e-05
394,145,0.0004287064
395,145,0.00023155753
396,145,0.00043314043
397,145,0.00052001234
398,145,0.0005422374
399,145,0.00078548957
400,145,0.00022897683
401,145,0.00043407548
402,145,0.00085238554
403,145,0.00044975802
404,145,0.00040310342
405,145,-0.00018063467
406,145,0.0009470079
407,145,0.00040156487
408,145,5.2480027e-05
409,145,0.00079889316
410,145,0.00069762766
411,145,0.0005999347
412,145,0.0012033861
413,145,0.000607457
414,145,0.00067242514
415,145,0.00030557066
416,145,0.00015741773
417,145,0.00030364096
418,145,0.0005824072
419,145,2.6999041e-06
420,145,0.00093210954
421,145,0.0007834453
422,145,0.00015213992
423,145,0.000520953
424,145,0.0007239133
425,145,9.8559074e-05
426,145,0.0002817968
427,145,0.00013083592
428,145,3.6007725e-05
429,145,0.000622618
430,145,0.0005561225
431,145,0.00078844186
432,145,4.5275316e-05
433,145,0.0003260374
434,145,0.0007256558
435,145,0.00048654247
436,145,0.00033161324
437,145,0.00025800522
438,145,0.00069439784
439,145,3.572274e-05
440,145,0.00032941904
441,145,0.00063541066
442,145,0.00037584174
443,145,0.00018430874
444,145,0.0006746659
445,145,-0.000106960535
446,145,0.00047614612
447,145,0.00026122574
448,145,0.000599375
449,145,0.000113489106
450,145,0.0006832611
451,145,0.00011026207
452,145,-2.1818094e-05
453,145,0.00032773986
454,145,0.00035926048
455,145,0.00041741412
456,145,0.00062481035
457,145,0.00055608246
458,145,0.00041462108
459,145,0.00022645574
460,145,0.0001693219
461,145,0.00038242247
462,145,0.00038436614
463,145,0.0001362795
464,145,0.00069275126
465,145,0.00082942843
466,145,0.00080616586
467,145,0.00059557986
468,145,0.0009650374
469,145,0.0007766783
470,145,0.0007053688
471,145,0.00079261046
472,145,0.00068672746
473,145,0.00066272635
474,145,0.00081178825
475,145,0.00061435066
476,145,0.0004580347
477,145,0.00071556587
478,145,0.000578749
479,145,0.00076663494
480,145,0.00017668866
481,145,0.00064530224
482,145,0.00018538255
483,145,0.00056150556
484,145,0.00067528244
485,145,0.000605179
486,145,0.0005945619
487,145,0.00041045155
488,145,0.0007893108
489,145,0.0007197838
490,145,0.000727511
491,145,0.00066775084
492,145,0.0006376095
493,145,0.00069554243
494,145,0.0006232094
0,146,0.0006381776
1,146,0.0005503725
2,146,0.00047735125
3,146,0.00031167828
4,146,0.00054150727
5,146,0.00052232854
6,146,0.00090940483
7,146,0.000540724
8,146,
9,146,
10,146,
11,146,0.00086220726
12,146,
13,146,0.0012050597
14,146,
15,146,0.0011459617
16,146,0.0014133481
17,146,0.0014365828
18,146,
19,146,0.0005058376
20,146,0.0013458328
21,146,0.00086831674
22,146,0.00025981106
23,146,0.00076736603
24,146,0.0009430386
25,146,0.0010517072
26,146,0.00048288982
27,146,0.0008044671
28,146,0.00090599246
29,146,0.0012624152
30,146,0.0008072946
31,146,0.0006385669
32,146,0.0009171106
33,146,0.0006469134
34,146,0.0010483824
35,146,0.0010381714
36,146,0.000849803
37,146,0.0007169144
38,146,0.0008514654
39,146,0.0010460662
40,146,0.0012257928
41,146,0.0011315355
42,146,0.0011037281
43,146,0.0010351855
44,146,0.0010780208
45,146,0.0008010408
46,146,0.0010354351
47,146,0.0010629445
48,146,0.0009421455
49,146,0.001195915
50,146,0.00056431536
51,146,0.0002915971
52,146,0.0011312878
53,146,0.00085623935
54,146,0.0007241992
55,146,0.0014529126
56,146,0.0010694722
57,146,0.0006424561
58,146,0.00056714006
59,146,0.0009064339
60,146,0.00035901554
61,146,0.0013492368
62,146,0.000737275
63,146,0.00070558954
64,146,0.0012472551
65,146,0.0012441818
66,146,0.0009778403
67,146,0.0009940881
68,146,0.0005845418
69,146,0.0006053308
70,146,
71,146,
72,146,
73,146,
74,146,
75,146,
76,146,0.00035897363
77,146,0.00086251367
78,146,0.000424454
79,146,0.00023945887
80,146,0.0005700821
81,146,0.0012600198
82,146,0.0008754013
83,146,0.0003972035
84,146,0.0006196359
85,146,0.0012247497
86,146,0.00053380616
87,146,0.00071704015
88,146,0.00081447326
89,146,0.0005087508
90,146,0.0005613379
91,146,0.00059185084
92,146,0.00048074685
93,146,0.00086854585
94,146,0.0005222764
95,146,0.00041918736
96,146,0.0010527037
97,146,0.0005777972
98,146,0.00066186674
99,146,0.0010051709
100,146,0.0005197525
101,146,0.00094221905
102,146,0.0006844541
103,146,0.0011013597
104,146,0.00084793847
105,146,0.00080413744
106,146,0.0006886069
107,146,0.00074648485
108,146,0.0011424301
109,146,0.00039242674
110,146,0.00035735406
111,146,0.0007279292
112,146,0.0009631384
113,146,0.0004182756
114,146,0.0005507637
115,146,0.00063835084
116,146,0.00013114791
117,146,0.0009409366
118,146,0.0003751237
119,146,0.00066701137
120,146,0.0005201325
121,146,0.0005917512
122,146,0.00031793397
123,146,0.00061214156
124,146,-5.5420212e-05
125,146,0.00027131662
126,146,0.00015086774
127,146,
128,146,
129,146,
130,146,
131,146,
132,146,
133,146,
134,146,
135,146,
136,146,0.00055311434
137,146,0.0004370613
138,146,0.00060972385
139,146,0.00037473533
140,146,0.0004035579
141,146,0.0003310293
142,146,0.00067796
143,146,0.0005813949
144,146,0.0006264169
145,146,0.000353273
146,146,0.0004930552
147,146,0.00059509743
148,146,0.0006705839
149,146,0.00024888385
150,146,0.00083514396
151,146,0.0004945444
152,146,0.0008240929
153,146,4.047621e-05
154,146,0.0005720863
155,146,0.0006033322
156,146,0.0007638652
157,146,0.00037786365
158,146,0.0005778875
159,146,0.0010262374
160,146,0.0009068139
161,146,0.00031140447
162,146,0.0006982703
163,146,0.00019668974
164,146,0.0005828142
165,146,0.0009241495
166,146,0.00047944766
167,146,0.0002224138
168,146,0.00022669882
169,146,0.000383324
170,146,0.00039670058
171,146,0.0002799686
172,146,0.0008493131
173,146,0.0007490814
174,146,0.0005136281
175,146,0.00033609662
176,146,0.00056842994
177,146,0.0005848715
178,146,0.0005006017
179,146,0.00049251504
180,146,0.00040930416
181,146,0.00045316573
182,146,0.0006475132
183,146,0.00051022694
184,146,0.00035589002
185,146,0.00053179543
186,146,0.00039572734
187,146,0.00086379796
188,146,0.0003563771
189,146,0.00045086443
190,146,0.0007356452
191,146,0.0007267771
192,146,0.00084287673
193,146,0.00029685162
194,146,0.0008928608
195,146,0.0008088108
196,146,0.0008851215
197,146,0.00065790117
198,146,0.00089076906
199,146,0.0006615482
200,146,0.00023770519
201,146,0.00037243683
202,146,0.00080566946
203,146,0.0006665308
204,146,0.00065782666
205,146,0.0006010104
206,146,0.0005212482
207,146,0.00092815794
208,146,0.0006040856
209,146,0.00047936663
210,146,0.00034344755
211,146,0.00037650485
212,146,3.9678067e-05
213,146,0.0010294905
214,146,8.205511e-05
215,146,0.00044147111
216,146,0.0005701678
217,146,0.00057106744
218,146,0.00049834047
219,146,0.00046283286
220,146,0.0006127367
221,146,0.0009973207
222,146,0.00041509885
223,146,0.00045530312
224,146,0.00072894525
225,146,0.00037645642
226,146,0.00079955906
227,146,0.00072973035
228,146,0.00024011917
229,146,0.0002496438
230,146,0.0005816631
231,146,-4.5972876e-05
232,146,0.00047791004
233,146,0.0007023318
234,146,0.00040147267
235,146,0.00019349717
236,146,0.00063373893
237,146,0.00011920184
238,146,0.0008002082
239,146,0.00018036831
240,146,0.0003230255
241,146,0.0002990486
242,146,0.0006402023
243,146,0.0005350206
244,146,3.3113174e-05
245,146,0.0006417539
246,146,0.00048185792
247,146,0.0006878292
248,146,0.0007095607
249,146,0.00079462025
250,146,5.4893084e-05
251,146,0.0008047186
252,146,0.0005272608
253,146,0.00047136843
254,146,0.0010004845
255,146,0.00065536797
256,146,0.00052046776
257,146,0.00027030613
258,146,0.00063032005
259,146,0.00051225256
260,146,0.00039358065
261,146,0.0013137031
262,146,-9.7720884e-05
263,146,0.0003954051
264,146,0.0005336767
265,146,0.00052267965
266,146,0.0003565317
267,146,0.0008992739
268,146,0.0007690126
269,146,0.0005057752
270,146,0.00035490934
271,146,0.0003879536
272,146,0.00029736012
273,146,0.0006546816
274,146,0.0006678412
275,146,0.0007935716
276,146,0.00041579176
277,146,0.00050813146
278,146,0.00075352006
279,146,-0.0002701208
280,146,0.00018378347
281,146,0.0007550018
282,146,0.0006550588
283,146,0.00056275167
284,146,0.0006579682
285,146,0.0010049902
286,146,0.0004968401
287,146,0.00075473357
288,146,0.0007715877
289,146,0.0009978954
290,146,0.001097748
291,146,0.00052279234
292,146,0.00044034515
293,146,0.0006175395
294,146,3.542751e-05
295,146,0.00015478395
296,146,8.0730766e-05
297,146,0.00026594475
298,146,0.00035229605
299,146,4.595425e-05
300,146,0.0002804855
301,146,0.00066183787
302,146,0.0006391462
303,146,0.00042604655
304,146,0.0003511589
305,146,0.00062767975
306,146,0.00020608865
307,146,0.00064694416
308,146,0.0005478179
309,146,0.0003029732
310,146,0.00060094986
311,146,0.00033464376
312,146,0.0003336491
313,146,0.00042644423
314,146,0.00096665043
315,146,0.00046166964
316,146,0.00039506983
317,146,0.0008268142
318,146,0.00035356544
319,146,0.0006971685
320,146,0.00059848186
321,146,0.00037960615
322,146,0.0004142644
323,146,0.0010739416
324,146,
325,146,
326,146,0.00065180287
327,146,0.0009316839
328,146,
329,146,
330,146,
331,146,0.0003304137
332,146,0.00021364633
333,146,0.0006778892
334,146,0.00061339885
335,146,0.000403299
336,146,8.975528e-05
337,146,-0.00015696883
338,146,6.565638e-05
339,146,0.0009628115
340,146,0.00064876303
341,146,0.00032160524
342,146,-2.4531037e-06
343,146,0.00019193627
344,146,0.0004532924
345,146,0.00095273834
346,146,0.000101418234
347,146,0.0007272018
348,146,0.0008048685
349,146,0.00065822713
350,146,0.00042377412
351,146,0.00016282033
352,146,0.00029733777
353,146,0.000812266
354,146,0.00023226906
355,146,0.00089010596
356,146,0.0004936019
357,146,0.0005242005
358,146,0.0006494336
359,146,0.0007649036
360,146,0.0004657237
361,146,0.0008042548
362,146,0.00047881715
363,146,0.0009545535
364,146,0.00044478104
365,146,0.00020091329
366,146,0.0009625163
367,146,0.0004239492
368,146,0.0004825825
369,146,0.00015742239
370,146,0.0003129365
371,146,0.000124312
372,146,0.00063813385
373,146,0.00057611987
374,146,0.00020049419
375,146,0.00081919134
376,146,0.0004746318
377,146,6.310269e-05
378,146,0.00081923325
379,146,0.0008580191
380,146,0.00071605574
381,146,0.00023670681
382,146,0.00033948012
383,146,0.00040101074
384,146,0.0005214233
385,146,0.0005543083
386,146,0.00063162297
387,146,0.0005020499
388,146,0.00040481891
389,146,0.00011264067
390,146,4.165992e-05
391,146,0.0006492119
392,146,0.00061784405
393,146,0.0010858839
394,146,0.00042804144
395,146,-0.00040008966
396,146,0.000357626
397,146,0.0007459773
398,146,0.00038426556
399,146,0.00024462026
400,146,0.00027412735
401,146,0.00040866062
402,146,-0.00033581723
403,146,0.0005307868
404,146,0.00034255907
405,146,0.00028453302
406,146,0.00059151836
407,146,0.00039518345
408,146,0.00060613547
409,146,0.00078239944
410,146,5.8448873e-05
411,146,0.00033539068
412,146,0.00048008095
413,146,0.00043088105
414,146,0.00030722842
415,146,0.00018769782
416,146,0.00030004606
417,146,0.00055223797
418,146,0.0006746538
419,146,0.00023386534
420,146,0.0010279613
421,146,0.00048715528
422,146,0.00066538807
423,146,0.000896316
424,146,0.0005308604
425,146,0.00050359406
426,146,0.00014471356
427,146,0.00021711644
428,146,7.984694e-05
429,146,0.000673159
430,146,0.00016246364
431,146,0.00093788
432,146,0.00070723426
433,146,0.00023864023
434,146,0.00083261356
435,146,0.0004916368
436,146,0.0007325709
437,146,0.0006196089
438,146,0.00028822664
439,146,0.00030281395
440,146,0.0006308723
441,146,0.0005886806
442,146,0.0005117189
443,146,-0.00016523153
444,146,0.0006115185
445,146,0.0007861657
446,146,0.0008336697
447,146,0.00056993775
448,146,0.00010180287
449,146,0.0004506698
450,146,0.0007018782
451,146,0.0009497814
452,146,0.0003232872
453,146,0.00048523396
454,146,0.00017538853
455,146,0.0009771399
456,146,0.00028908066
457,146,0.0008495385
458,146,0.001092908
459,146,0.00042981282
460,146,0.0006436305
461,146,0.00043704454
462,146,-3.340654e-06
463,146,0.0005375752
464,146,0.00051202346
465,146,0.0005194908
466,146,0.0003798511
467,146,0.00052981265
468,146,0.00051577855
469,146,0.00040845014
470,146,0.00020429399
471,146,0.00022178795
472,146,0.0003005108
473,146,0.0011994084
474,146,0.00060448423
475,146,0.0006245384
476,146,0.0006665746
477,146,0.0007000724
478,146,0.0009820014
479,146,0.00061797164
480,146,0.0004180735
481,146,0.00075495057
482,146,0.0005489029
483,146,0.0005133385
484,146,0.00053167343
485,146,0.000764817
486,146,0.000845287
487,146,0.0007287124
488,146,0.00052275416
489,146,0.0006369706
490,146,0.00057817996
491,146,0.0006360309
492,146,0.0003299713
493,146,0.0006846525
494,146,0.00060976204
0,147,0.00061523076
1,147,0.00069384277
2,147,0.0004841555
3,147,0.00033191592
4,147,0.00011848379
5,147,5.4266304e-05
6,147,3.3620745e-07
7,147,
8,147,0.0002972586
9,147,
10,147,
11,147,0.0007760087
12,147,-0.00015497301
13,147,0.00032069162
14,147,7.129926e-05
15,147,0.0013547642
16,147,0.00060008746
17,147,0.00073344074
18,147,
19,147,
20,147,0.0010127649
21,147,0.0005889572
22,147,0.00061678234
23,147,0.00073174667
24,147,0.0009581605
25,147,0.0013719006
26,147,0.0008904822
27,147,0.00095278956
28,147,0.0004736213
29,147,0.0011342829
30,147,0.0009107897
31,147,4.5819208e-05
32,147,0.0009525763
33,147,0.0005528098
34,147,0.00094623957
35,147,0.0007593157
36,147,0.0004658699
37,147,0.0006410433
38,147,0.000824403
39,147,0.0010180166
40,147,0.0010009054
41,147,0.0001574317
42,147,0.0009739185
43,147,0.0010360209
44,147,0.0008403277
45,147,0.00095143635
46,147,0.00110415
47,147,0.0004181033
48,147,0.00086287595
49,147,0.0010758732
50,147,0.00066827517
51,147,0.00040372927
52,147,0.0007822793
53,147,0.00046336092
54,147,0.00067968015
55,147,0.00093328673
56,147,0.0005475115
57,147,0.0011878973
58,147,0.00095385034
59,147,0.0007598037
60,147,0.0010116296
61,147,0.00087515824
62,147,0.0010718834
63,147,0.0010161707
64,147,0.0011010757
65,147,0.00077629834
66,147,0.00087388325
67,147,0.0011053905
68,147,0.0009064777
69,147,0.00043969415
70,147,
71,147,
72,147,0.0008610599
73,147,
74,147,
75,147,
76,147,
77,147,0.00038459897
78,147,0.0009847628
79,147,0.00079829805
80,147,0.0006803125
81,147,0.00046380796
82,147,0.00089125056
83,147,0.00058522634
84,147,0.0006981483
85,147,0.00063464325
86,147,0.00089978706
87,147,0.0008693794
88,147,0.0006352607
89,147,0.0006833421
90,147,0.00090117287
91,147,0.0007625092
92,147,0.0009420952
93,147,0.00043030735
94,147,0.0005051084
95,147,0.00028383173
96,147,0.0007414995
97,147,0.0006394349
98,147,0.0008562906
99,147,0.0009201253
100,147,0.0005530296
101,147,0.0004823152
102,147,0.000668264
103,147,0.00048155058
104,147,0.00013258122
105,147,0.001161404
106,147,0.0004192926
107,147,0.0005129427
108,147,0.00075309724
109,147,0.00060287584
110,147,0.00038508605
111,147,5.2269548e-05
112,147,0.0004829215
113,147,0.00061023235
114,147,0.00031459425
115,147,0.0008452404
116,147,0.00059220754
117,147,0.00055777933
118,147,0.00081575196
119,147,0.00013545156
120,147,0.00065047015
121,147,0.0006365236
122,147,7.923506e-05
123,147,5.2445568e-05
124,147,5.5997632e-05
125,147,0.00023327395
126,147,
127,147,0.00025902502
128,147,
129,147,
130,147,
131,147,
132,147,
133,147,
134,147,
135,147,
136,147,
137,147,0.0009915428
138,147,0.0005540354
139,147,0.000712716
140,147,3.845617e-05
141,147,0.00077009015
142,147,0.00048021413
143,147,0.0007478865
144,147,0.0006695492
145,147,0.00041087344
146,147,0.0007605944
147,147,0.0005572932
148,147,0.00085842796
149,147,0.0004921416
150,147,0.0007535508
151,147,0.0002305368
152,147,0.000733844
153,147,0.00041808933
154,147,0.00079938676
155,147,0.00033500604
156,147,0.000979363
157,147,0.0006812196
158,147,0.00034751277
159,147,0.00070947036
160,147,0.00036771502
161,147,0.001047316
162,147,0.0005617384
163,147,0.00095622055
164,147,0.00073115714
165,147,0.00075304415
166,147,0.00050436053
167,147,0.00073109753
168,147,0.00042115618
169,147,0.00076413713
170,147,0.00077034347
171,147,0.00033956766
172,147,0.0007090559
173,147,0.00042499416
174,147,0.0004716916
175,147,0.00043129362
176,147,0.0005233716
177,147,0.0008665435
178,147,0.0006709043
179,147,0.0010798192
180,147,0.00064516347
181,147,0.00021809619
182,147,0.00080961175
183,147,0.00090415124
184,147,0.00041244365
185,147,0.0003675865
186,147,0.00023333263
187,147,0.000500896
188,147,0.0004425496
189,147,0.0008369386
190,147,0.00047972891
191,147,0.0010114163
192,147,0.0004372131
193,147,0.00019488763
194,147,0.00017591193
195,147,0.0004938077
196,147,0.0010021254
197,147,0.0006955201
198,147,0.00012327265
199,147,0.00052888505
200,147,0.00029235147
201,147,0.0010041073
202,147,0.0003781747
203,147,0.0005133748
204,147,-7.087365e-05
205,147,0.00088643376
206,147,0.00088191684
207,147,0.00074203126
208,147,0.0007455293
209,147,0.00014585629
210,147,0.0005673226
211,147,0.00019357447
212,147,5.1646493e-05
213,147,0.00037173834
214,147,0.00022360776
215,147,0.00023726467
216,147,0.00017220806
217,147,0.0004707789
218,147,0.00059072115
219,147,0.0003428664
220,147,0.00020377431
221,147,-9.904243e-05
222,147,0.0011760313
223,147,0.00047396868
224,147,0.00013171043
225,147,0.00018483866
226,147,0.0005313838
227,147,0.00030305516
228,147,0.00046354905
229,147,1.3659708e-05
230,147,0.00037518423
231,147,0.0007005846
232,147,0.0010653585
233,147,-1.729466e-06
234,147,0.0004207529
235,147,0.00041418616
236,147,0.0008297637
237,147,-7.485971e-06
238,147,0.0005209511
239,147,6.4948574e-05
240,147,0.00019248202
241,147,0.00061652064
242,147,0.00047592074
243,147,0.00045835692
244,147,0.00032823998
245,147,0.00040559098
246,147,0.00091812946
247,147,0.00037010945
248,147,0.0006415108
249,147,0.00055865943
250,147,0.00048837066
251,147,0.0005449373
252,147,0.0007204013
253,147,0.00079525076
254,147,0.0007085372
255,147,0.0005680714
256,147,0.00077532977
257,147,0.00049339514
258,147,0.00045525283
259,147,0.0001987582
260,147,0.00038946792
261,147,0.00040005147
262,147,0.00045013148
263,147,-8.468516e-06
264,147,0.0011663251
265,147,0.00083899125
266,147,0.0003118096
267,147,0.0002582129
268,147,0.0006548073
269,147,0.00057054684
270,147,0.0003467379
271,147,0.00020886213
272,147,0.0003587883
273,147,0.00020319689
274,147,0.00030496065
275,147,5.0476752e-05
276,147,0.0003900556
277,147,0.0006654179
278,147,0.00047703646
279,147,0.00041783974
280,147,0.0007489696
281,147,0.0008259015
282,147,0.0007481314
283,147,0.0007656412
284,147,0.00059902295
285,147,0.00025548786
286,147,0.0006226646
287,147,0.0005911691
288,147,0.00059353374
289,147,0.0003581848
290,147,0.0010193326
291,147,0.00087198894
292,147,0.00016925763
293,147,0.00031468272
294,147,0.00054610707
295,147,0.0006306581
296,147,0.00039658882
297,147,-9.872485e-05
298,147,0.0004861476
299,147,0.00036724657
300,147,0.0011411514
301,147,-0.00023735035
302,147,0.00050444156
303,147,0.0004960932
304,147,0.0005081929
305,147,0.00030012056
306,147,0.0006162254
307,147,0.0009829458
308,147,0.0006788103
309,147,0.0007380005
310,147,0.00089485385
311,147,0.00076335575
312,147,0.00073742494
313,147,0.00059889257
314,147,0.00068920944
315,147,0.00062117726
316,147,0.00060055964
317,147,0.00031576864
318,147,0.00041704997
319,147,0.00084573217
320,147,0.0012888871
321,147,0.0004545441
322,147,0.0005706288
323,147,0.0009006504
324,147,0.00065022893
325,147,0.00039266236
326,147,
327,147,1.3426878e-05
328,147,
329,147,
330,147,-0.0002748808
331,147,-0.00012549572
332,147,0.00061629154
333,147,0.000506253
334,147,-2.9915944e-05
335,147,0.00071629975
336,147,0.00041744206
337,147,5.3392723e-06
338,147,-0.00048764702
339,147,0.00051601604
340,147,0.0010007564
341,147,0.0004601758
342,147,0.00063505676
343,147,0.0009888923
344,147,0.00058092084
345,147,0.00044944324
346,147,0.0006357832
347,147,9.9917874e-05
348,147,0.0005133273
349,147,0.00022029039
350,147,0.0006544497
351,147,0.0010560742
352,147,0.00014448073
353,147,0.0007413151
354,147,0.00068848394
355,147,0.0006656414
356,147,-3.971625e-05
357,147,0.00037400797
358,147,0.00037992094
359,147,0.00037165638
360,147,0.00015341211
361,147,0.0007191496
362,147,0.00043402612
363,147,0.0005125599
364,147,0.00026186462
365,147,0.00088434573
366,147,0.00068186596
367,147,0.00093765184
368,147,0.00090843346
369,147,0.00061623007
370,147,0.00089929625
371,147,0.00019726064
372,147,0.00039561559
373,147,3.794674e-05
374,147,0.0008087428
375,147,0.00077412836
376,147,0.0006361855
377,147,0.00045322534
378,147,0.00028994214
379,147,0.00038856082
380,147,0.0007528821
381,147,0.0005683433
382,147,-0.00015307777
383,147,0.00020885374
384,147,0.0007058857
385,147,0.00088638254
386,147,0.0003887359
387,147,0.00017745513
388,147,0.0004117256
389,147,0.0004465729
390,147,0.00062735844
391,147,0.0009000106
392,147,0.00016996823
393,147,0.00080841687
394,147,0.00052936096
395,147,0.0011178264
396,147,0.00063250866
397,147,0.0013178019
398,147,0.00074806716
399,147,0.0006679576
400,147,0.00040671136
401,147,0.0008051116
402,147,0.0006165337
403,147,0.0004129773
404,147,0.0003757421
405,147,0.00067869853
406,147,0.00023283064
407,147,0.0006926544
408,147,0.00055844616
409,147,0.00043771416
410,147,-0.00014417712
411,147,0.0004032757
412,147,0.0004286766
413,147,0.00016545039
414,147,0.00037676934
415,147,0.0005478002
416,147,0.00046990905
417,147,0.00037373882
418,147,0.0005669035
419,147,0.00042213127
420,147,0.00043820497
421,147,0.00088931527
422,147,0.00064428244
423,147,0.00071231555
424,147,0.0007536011
425,147,0.0002072528
426,147,0.00016765203
427,147,6.183982e-07
428,147,0.0005293982
429,147,-5.8611855e-05
430,147,0.0010280143
431,147,0.000767773
432,147,0.000288493
433,147,0.0007397197
434,147,0.00042693783
435,147,0.0006742906
436,147,0.0007881252
437,147,0.00042753108
438,147,0.00041667838
439,147,0.00040702522
440,147,0.00033638626
441,147,0.0004720539
442,147,0.00032886956
443,147,0.00028261915
444,147,0.00085797627
445,147,0.0005974397
446,147,0.0006460203
447,147,0.0003343206
448,147,0.00042275898
449,147,0.00039504096
450,147,-0.000382456
451,147,0.00046041328
452,147,0.00062109716
453,147,0.0002825521
454,147,0.00022491347
455,147,0.00041813403
456,147,0.00031599868
457,147,0.00095061585
458,147,0.00040404405
459,147,-6.3681975e-05
460,147,0.00047487486
461,147,0.00040666293
462,147,0.00044494215
463,147,0.00030398555
464,147,0.00048674457
465,147,0.00030939654
466,147,0.0007232446
467,147,0.00015017297
468,147,0.0003791321
469,147,0.0005168123
470,147,0.0005149236
471,147,0.0006557675
472,147,0.0004670322
473,147,0.0005535381
474,147,0.00056571513
475,147,0.00019851513
476,147,0.00016482081
477,147,0.00066451356
478,147,0.000575955
479,147,0.0011658603
480,147,6.221235e-05
481,147,0.00047716033
482,147,0.00031301752
483,147,0.00075962115
484,147,0.0001666462
485,147,0.00045378692
486,147,0.00016642455
487,147,0.0008123405
488,147,0.00053034443
489,147,0.0009224359
490,147,0.0009142598
491,147,0.00045923516
492,147,0.00067711715
493,147,0.00050011836
494,147,0.0004106462
0,148,0.0007007625
1,148,0.0005352879
2,148,0.0004910687
3,148,0.0008070348
4,148,0.0007144939
5,148,0.0005866755
6,148,0.00036402512
7,148,
8,148,0.00013845228
9,148,0.0006653238
10,148,
11,148,0.00063742045
12,148,0.00038349722
13,148,0.0008850498
14,148,0.0008741226
15,148,0.00048220903
16,148,0.0008327998
17,148,0.0010236232
18,148,0.0008907076
19,148,0.0007863855
20,148,0.0010697693
21,148,
22,148,0.0005120663
23,148,0.00083238445
24,148,0.0005256329
25,148,0.0006469898
26,148,0.0007262528
27,148,0.00087477174
28,148,0.00093461294
29,148,0.0010632798
30,148,0.0005753981
31,148,0.00075271726
32,148,0.0011859573
33,148,0.000640396
34,148,0.00046202447
35,148,0.0007313546
36,148,0.000752775
37,148,0.00086824875
38,148,0.0008993251
39,148,0.00055560935
40,148,0.0008823974
41,148,0.0008693561
42,148,0.0010501435
43,148,0.0009523444
44,148,0.0006137155
45,148,0.0010975869
46,148,0.00040854514
47,148,0.000842914
48,148,0.00089007337
49,148,0.00036494806
50,148,0.0010283915
51,148,0.0011578007
52,148,0.0010232432
53,148,0.00092651416
54,148,0.00096203573
55,148,0.00076271035
56,148,0.0013240781
57,148,0.0006525023
58,148,0.00015823077
59,148,0.00077123474
60,148,0.00069961324
61,148,0.0005976623
62,148,0.0005148081
63,148,0.00097287167
64,148,0.0009979671
65,148,0.00073661003
66,148,0.001012993
67,148,0.0013536513
68,148,0.0010264283
69,148,0.00059730094
70,148,
71,148,0.00029806606
72,148,
73,148,
74,148,
75,148,
76,148,
77,148,0.0007880023
78,148,0.0005950276
79,148,0.000471293
80,148,0.00077069364
81,148,0.00066653173
82,148,0.0008864291
83,148,0.00054282136
84,148,0.00054517016
85,148,0.00056658685
86,148,0.00050872006
87,148,0.00075683184
88,148,0.0007966012
89,148,0.0009031929
90,148,0.00085936114
91,148,0.0006018635
92,148,-1.9925646e-05
93,148,0.000323453
94,148,0.0005966835
95,148,0.0005127834
96,148,0.0008789785
97,148,0.00089769624
98,148,0.00046219397
99,148,0.0003081439
100,148,0.0007735733
101,148,0.0003247708
102,148,0.00076004025
103,148,0.0005571833
104,148,0.0003778292
105,148,0.000606142
106,148,0.0006338991
107,148,0.00061633065
108,148,0.0005019959
109,148,0.00038221758
110,148,0.0006120382
111,148,0.00069586467
112,148,0.0008721771
113,148,0.0002799658
114,148,0.00079463236
115,148,0.00038677081
116,148,0.00047566835
117,148,0.00033937488
118,148,0.0012462381
119,148,0.0003378112
120,148,0.0006831959
121,148,0.00052199047
122,148,0.00036114175
123,148,0.00054440275
124,148,0.00014610589
125,148,0.00026299898
126,148,0.00048536342
127,148,
128,148,
129,148,
130,148,
131,148,
132,148,
133,148,
134,148,
135,148,
136,148,
137,148,
138,148,0.00030009262
139,148,0.00034065451
140,148,0.00076770596
141,148,0.00023590866
142,148,0.0007874146
143,148,0.0009102849
144,148,0.0007540118
145,148,0.00065504294
146,148,0.0005571777
147,148,0.000683886
148,148,0.0004551867
149,148,0.00058412924
150,148,0.0005088905
151,148,0.0008544689
152,148,0.000739919
153,148,0.00050602667
154,148,0.00083262287
155,148,0.00016427506
156,148,0.00073551945
157,148,0.0006451318
158,148,0.0003586635
159,148,0.0006372817
160,148,0.0009135436
161,148,0.00064497255
162,148,0.0006519193
163,148,0.0006674072
164,148,0.0008174395
165,148,0.0008291993
166,148,0.00055274833
167,148,0.0006475756
168,148,0.00032760575
169,148,0.00048958976
170,148,0.0008287672
171,148,0.00028646085
172,148,0.00030656066
173,148,0.00041686743
174,148,0.0007950505
175,148,0.00031968765
176,148,0.00068333
177,148,0.00032722857
178,148,0.00094159413
179,148,0.00053445157
180,148,0.00086054485
181,148,0.0001685014
182,148,0.000549661
183,148,4.5333058e-05
184,148,0.0005898485
185,148,2.9461458e-05
186,148,0.00042174757
187,148,0.0005236352
188,148,0.00068485085
189,148,0.00036662817
190,148,0.0006999355
191,148,0.00039899722
192,148,0.00044596288
193,148,0.0005888883
194,148,0.00034014042
195,148,0.0005034013
196,148,0.0010528443
197,148,0.00031776726
198,148,0.00074409787
199,148,0.00084949285
200,148,0.00040000863
201,148,0.0011623511
202,148,0.000533849
203,148,0.00066613127
204,148,0.0005280832
205,148,0.00071542244
206,148,0.0008026352
207,148,0.0006073266
208,148,0.00047617406
209,148,0.00034386665
210,148,0.00046404824
211,148,0.0005275039
212,148,0.000721395
213,148,0.000722982
214,148,0.001147775
215,148,0.0005451655
216,148,0.0006241109
217,148,0.0006145723
218,148,0.0004076343
219,148,0.00048123486
220,148,0.00022741314
221,148,0.0005438002
222,148,0.00043535884
223,148,0.0003840858
224,148,0.00010180101
225,148,0.00055711437
226,148,-1.8535182e-05
227,148,0.0007884018
228,148,0.0003676014
229,148,0.00077325944
230,148,0.00029870868
231,148,0.00017181784
232,148,0.00026290864
233,148,0.0007293746
234,148,0.00065760873
235,148,0.00055049453
236,148,0.0005083103
237,148,-3.956631e-05
238,148,0.0006846851
239,148,0.00031361356
240,148,0.0005588699
241,148,0.001541134
242,148,-7.1997754e-05
243,148,0.00056321267
244,148,0.0008063996
245,148,0.0005994346
246,148,0.0005995976
247,148,0.00012054574
248,148,0.0006694272
249,148,0.000458356
250,148,0.00037084427
251,148,2.7557835e-06
252,148,0.00040177535
253,148,0.0005756207
254,148,0.00027019437
255,148,0.00065918453
256,148,0.00092246383
257,148,0.00013499707
258,148,0.00043186918
259,148,0.00018609781
260,148,0.00045776088
261,148,-0.000113474205
262,148,0.00043845735
263,148,0.000769699
264,148,0.0006934963
265,148,2.4211593e-05
266,148,0.00050655846
267,148,0.00050049275
268,148,0.00059481617
269,148,0.0009338334
270,148,0.00081573054
271,148,0.0006921319
272,148,0.0007933751
273,148,-0.00048196595
274,148,0.00063834153
275,148,0.00014144927
276,148,0.00046368875
277,148,0.00027869642
278,148,0.0005134903
279,148,0.00058229547
280,148,0.0009370195
281,148,0.00071861595
282,148,-0.0001821313
283,148,0.0010573147
284,148,0.0005087927
285,148,0.0003700517
286,148,0.0008562291
287,148,0.0011660736
288,148,0.00071844645
289,148,7.065479e-05
290,148,0.0003225403
291,148,0.0005098311
292,148,0.00015109312
293,148,0.0008494742
294,148,0.00077974796
295,148,0.0006382391
296,148,0.0007816227
297,148,0.00043422822
298,148,0.0007655807
299,148,0.00022398215
300,148,0.0007881839
301,148,0.0008490747
302,148,0.000320754
303,148,0.00074571464
304,148,0.0006699879
305,148,0.00022266153
306,148,0.00065185595
307,148,0.00013597496
308,148,0.0005913032
309,148,0.00055097416
310,148,0.0005813958
311,148,0.00076032244
312,148,0.00080497004
313,148,0.0006961413
314,148,0.00028384663
315,148,0.0004455056
316,148,0.0006735325
317,148,0.00011894293
318,148,0.0005806852
319,148,0.00051910337
320,148,0.0011131195
321,148,0.0006127702
322,148,0.00050379336
323,148,0.000534269
324,148,0.0010263203
325,148,0.00046059303
326,148,0.00036665518
327,148,0.00055489875
328,148,
329,148,
330,148,0.0006454177
331,148,0.00049148407
332,148,0.00022760034
333,148,0.0007830318
334,148,0.0005501993
335,148,0.00063040946
336,148,0.0010473002
337,148,0.0005354248
338,148,0.00043975934
339,148,0.00072226394
340,148,0.00027306098
341,148,9.256974e-05
342,148,0.00086902175
343,148,0.0004965747
344,148,0.0012239031
345,148,0.00026270095
346,148,0.00059205666
347,148,0.00013533235
348,148,0.00087977387
349,148,0.00033870805
350,148,0.00056509674
351,148,0.0004503131
352,148,0.0004187571
353,148,0.0007205652
354,148,0.00067658257
355,148,3.8923696e-05
356,148,-9.123795e-05
357,148,0.0007460648
358,148,0.0006424356
359,148,0.00031147897
360,148,0.00034726877
361,148,0.0007606186
362,148,0.00039932225
363,148,0.0006165281
364,148,0.0006317701
365,148,0.00092241727
366,148,0.00061732344
367,148,0.00062545016
368,148,0.00056059286
369,148,0.00019572861
370,148,0.00069507863
371,148,0.00020866748
372,148,0.0003006477
373,148,0.00090251584
374,148,0.00068467855
375,148,0.0007002475
376,148,0.00046051666
377,148,0.0005363757
378,148,0.0007497547
379,148,0.0003399849
380,148,0.00079659093
381,148,0.00077396166
382,148,0.0009346772
383,148,0.0007853918
384,148,0.0006525507
385,148,0.0010815905
386,148,0.0009997115
387,148,0.00051949825
388,148,-1.241453e-06
389,148,0.0003147917
390,148,0.00018777326
391,148,0.00036665238
392,148,0.00054828357
393,148,0.00029859878
394,148,0.0008290792
395,148,0.00034515373
396,148,6.242655e-05
397,148,0.0005819155
398,148,0.0003508851
399,148,0.00018342584
400,148,0.000593734
401,148,0.000631948
402,148,0.00013926812
403,148,0.0005786158
404,148,0.00022569206
405,148,0.00060411915
406,148,0.00051353406
407,148,0.00017988123
408,148,4.0403567e-05
409,148,0.0005727075
410,148,0.0007167263
411,148,0.0005825907
412,148,0.00027727988
413,148,0.00047707744
414,148,0.0011151861
415,148,-9.827316e-06
416,148,-0.00017664209
417,148,0.0011315681
418,148,0.00095121376
419,148,0.00018618442
420,148,0.0004366422
421,148,0.00016202405
422,148,0.0002487339
423,148,0.0009099478
424,148,0.0005312925
425,148,0.00021946523
426,148,0.0001410367
427,148,0.00054827705
428,148,0.00035428815
429,148,0.00054758973
430,148,0.00025744457
431,148,0.00042461138
432,148,0.0007070331
433,148,0.00048816577
434,148,0.0006059734
435,148,0.00036446285
436,148,0.00036924612
437,148,0.00026588142
438,148,0.000508178
439,148,0.0003381269
440,148,0.0009779818
441,148,0.0005734274
442,148,0.00037475768
443,148,0.0006385427
444,148,0.0003897585
445,148,0.0005239211
446,148,0.00038620364
447,148,0.00035099033
448,148,0.00038469024
449,148,0.0003498271
450,148,0.00023663323
451,148,0.0002362132
452,148,0.00028414838
453,148,0.00078112725
454,148,0.00016480498
455,148,-0.00023248605
456,148,0.0006116666
457,148,-6.409921e-05
458,148,-5.6781806e-05
459,148,7.895846e-05
460,148,0.00058695674
461,148,0.00048553478
462,148,0.00043116417
463,148,0.00047965162
464,148,0.00083206315
465,148,0.0008357968
466,148,0.0006950833
467,148,0.00043053366
468,148,0.00024032313
469,148,0.0007596109
470,148,0.00041606557
471,148,0.0004438106
472,148,0.0006804764
473,148,0.00040960498
474,148,0.00085741095
475,148,0.00062571466
476,148,0.0003801454
477,148,0.00053937547
478,148,0.00061397254
479,148,0.00021413527
480,148,0.00075922254
481,148,0.0003076112
482,148,0.00074968114
483,148,0.00046755373
484,148,0.0011293981
485,148,0.00056595355
486,148,0.0009594355
487,148,0.0005294699
488,148,0.00033604726
489,148,0.000795437
490,148,0.00076634996
491,148,0.00046381354
492,148,0.00034568366
493,148,0.00046543498
494,148,0.00014461298
0,149,0.0005042637
1,149,0.00014741719
2,149,0.00035830773
3,149,0.0006982982
4,149,0.00060629286
5,149,0.00047302153
6,149,0.0009377776
7,149,
8,149,0.0011235876
9,149,
10,149,-3.7259422e-05
11,149,
12,149,
13,149,0.00029104762
14,149,0.00089118816
15,149,0.00088230986
16,149,0.0012415033
17,149,
18,149,
19,149,0.00058515556
20,149,
21,149,
22,149,0.0012939554
23,149,0.00048269797
24,149,0.00028894003
25,149,0.00016352534
26,149,0.0005778009
27,149,0.0009478973
28,149,0.00095868297
29,149,0.00011975132
30,149,0.00079847313
31,149,0.0011345847
32,149,0.00032457244
33,149,0.00058554206
34,149,0.00076793414
35,149,0.0006664656
36,149,0.0010419413
37,149,0.00064273365
38,149,0.00090445485
39,149,0.0011323662
40,149,0.0013784161
41,149,0.0008199867
42,149,0.00032997783
43,149,0.00095536653
44,149,0.0010142801
45,149,0.000447385
46,149,0.0012649093
47,149,0.00055740867
48,149,0.00042822678
49,149,0.00070073176
50,149,0.0013622344
51,149,0.0006842781
52,149,0.00081558805
53,149,0.00096324924
54,149,0.0014634049
55,149,0.0008070376
56,149,0.0010644533
57,149,0.0010810364
58,149,0.0004967246
59,149,0.0005198419
60,149,0.0008832859
61,149,0.00081883743
62,149,0.0010565966
63,149,0.00022491533
64,149,0.0012412788
65,149,0.00069170166
66,149,0.0010963427
67,149,0.0008199839
68,149,0.0010385411
69,149,0.00036721118
70,149,0.0004250463
71,149,0.00026383717
72,149,0.0003214758
73,149,
74,149,
75,149,
76,149,0.0007296493
77,149,0.00053036213
78,149,0.00064873137
79,149,0.0005304646
80,149,0.00086626504
81,149,0.000743052
82,149,0.0005531721
83,149,0.0005296264
84,149,0.0007669758
85,149,0.0010024859
86,149,0.0007517282
87,149,8.71066e-06
88,149,0.00076011196
89,149,0.0006471472
90,149,0.00096248277
91,149,0.0005252119
92,149,0.0007139221
93,149,0.0006677201
94,149,0.0009938478
95,149,0.00094637275
96,149,0.00026502926
97,149,0.0006935876
98,149,0.0006632786
99,149,-3.363937e-05
100,149,0.00049326196
101,149,0.00045350753
102,149,0.0009695478
103,149,0.0007054433
104,149,0.00082257204
105,149,0.00059529394
106,149,0.00077293627
107,149,0.00012541655
108,149,0.0010153875
109,149,0.000272369
110,149,0.00033833552
111,149,0.00028419122
112,149,0.0002180431
113,149,0.0006310325
114,149,0.0009568827
115,149,0.0008120313
116,149,0.0008455692
117,149,0.00074373744
118,149,0.0005595973
119,149,0.00069224555
120,149,0.00053332746
121,149,0.00037662126
122,149,0.00021519978
123,149,0.0007044794
124,149,-0.00011153892
125,149,0.00042449962
126,149,0.00044092536
127,149,0.00015228894
128,149,2.3707747e-05
129,149,
130,149,
131,149,
132,149,
133,149,
134,149,
135,149,
136,149,
137,149,
138,149,0.00056333095
139,149,0.000720432
140,149,0.0006015664
141,149,0.0005925223
142,149,0.0007304121
143,149,0.0006233696
144,149,0.00017987657
145,149,0.00060330704
146,149,0.00036868826
147,149,0.0007226914
148,149,0.0004792055
149,149,0.0004440192
150,149,0.0007499391
151,149,0.0005603144
152,149,0.0006854553
153,149,0.000327467
154,149,7.6238066e-05
155,149,0.0007889485
156,149,0.00013508275
157,149,0.00045676623
158,149,0.00042616576
159,149,0.0012156721
160,149,0.00054964237
161,149,0.0006588744
162,149,0.00069319457
163,149,0.0006295135
164,149,0.00044340547
165,149,0.0005877726
166,149,0.00058390386
167,149,0.0006250264
168,149,0.00060531497
169,149,0.00069534034
170,149,0.0006335974
171,149,0.00040000305
172,149,-7.342361e-05
173,149,0.0007589292
174,149,0.00046535116
175,149,0.00058062
176,149,0.00055179745
177,149,0.00061380863
178,149,0.0006644046
179,149,0.000734983
180,149,0.0008321423
181,149,0.00077193324
182,149,0.0007402571
183,149,0.00027699023
184,149,0.0005984679
185,149,0.00085058715
186,149,0.00041206088
187,149,0.00043221563
188,149,0.0006127143
189,149,0.00066428166
190,149,0.00037133507
191,149,0.00037628226
192,149,0.00047652423
193,149,0.0003518127
194,149,0.00013099797
195,149,0.0002771197
196,149,0.0006982181
197,149,0.0009367531
198,149,0.0008123545
199,149,0.00047025457
200,149,0.0005413601
201,149,0.00085338857
202,149,0.00032860227
203,149,0.00076165143
204,149,0.00068316236
205,149,0.00070116855
206,149,0.0006050281
207,149,0.00051499344
208,149,0.00062605366
209,149,0.0005323766
210,149,0.0002335785
211,149,0.00019150786
212,149,8.937903e-05
213,149,0.0004571909
214,149,0.0006246669
215,149,7.726159e-05
216,149,0.00054048747
217,149,0.0005333256
218,149,0.0006994745
219,149,0.00027467124
220,149,0.00056710467
221,149,0.0003079176
222,149,0.00054759346
223,149,0.00079756323
224,149,0.00037248526
225,149,0.0009443965
226,149,0.00059034117
227,149,0.0010982212
228,149,0.0010179784
229,149,0.0007886151
230,149,0.0007658759
231,149,-0.00024471898
232,149,0.0012946753
233,149,0.0005833376
234,149,0.00036577415
235,149,0.00052908063
236,149,0.0008391021
237,149,0.0009739511
238,149,0.00029852334
239,149,0.00045082998
240,149,0.00024968758
241,149,0.0006194357
242,149,0.0001443671
243,149,0.0007249303
244,149,0.00076517183
245,149,0.00077765714
246,149,0.0008881958
247,149,0.00051246677
248,149,0.0004114965
249,149,0.00045271125
250,149,0.00072818995
251,149,0.0007461924
252,149,0.0007299287
253,149,0.0004584007
254,149,0.00017962325
255,149,0.0005481001
256,149,-7.578079e-05
257,149,0.00077833235
258,149,0.00034950115
259,149,0.0010396149
260,149,9.8629855e-05
261,149,0.0003983127
262,149,0.00025699288
263,149,0.00041233376
264,149,0.0006739944
265,149,0.00075121503
266,149,0.00037969835
267,149,0.00058564637
268,149,0.0007351823
269,149,0.0003470853
270,149,0.00039319694
271,149,0.0003511347
272,149,0.00065242127
273,149,0.00035876594
274,149,0.0012566354
275,149,0.00053597614
276,149,0.00038915034
277,149,-0.00023663975
278,149,0.0004887376
279,149,0.00031070597
280,149,0.0005475655
281,149,0.0008928515
282,149,0.00069792476
283,149,0.00046943035
284,149,0.0007023001
285,149,0.00054825284
286,149,0.0006309021
287,149,0.00020120293
288,149,0.00083752535
289,149,0.0005750228
290,149,0.00063593313
291,149,0.00056801457
292,149,0.00090712216
293,149,0.0008159131
294,149,0.0008414425
295,149,0.0006521661
296,149,-0.00018960051
297,149,0.00066217594
298,149,0.00050423667
299,149,0.00017386023
300,149,0.0009079408
301,149,0.00062586926
302,149,-0.000136666
303,149,0.00037300307
304,149,0.00020474475
305,149,0.00059444923
306,149,0.00079634786
307,149,9.976793e-05
308,149,0.00042017736
309,149,0.00048475526
310,149,0.0007385537
311,149,0.0007821154
312,149,0.0005587619
313,149,0.00080074836
314,149,0.0003319839
315,149,0.00072212983
316,149,0.00050267763
317,149,0.00077287294
318,149,0.0006939629
319,149,0.00058637373
320,149,0.00062221475
321,149,7.960014e-05
322,149,-0.000114277005
323,149,0.0004637679
324,149,0.00018633902
325,149,0.0001580771
326,149,0.00089575443
327,149,
328,149,
329,149,
330,149,
331,149,-0.00011209864
332,149,0.0007485626
333,149,0.00046264566
334,149,-0.00019976031
335,149,0.00090846047
336,149,0.00082757324
337,149,0.00012592785
338,149,0.0005456563
339,149,0.00049460493
340,149,0.00017851032
341,149,0.00040325988
342,149,8.671731e-05
343,149,0.00018885639
344,149,0.0006001927
345,149,0.0003520716
346,149,0.00048794318
347,149,5.0760806e-05
348,149,0.00085348263
349,149,0.00015660562
350,149,0.0004203776
351,149,0.00034266617
352,149,0.0006131632
353,149,0.0004243916
354,149,0.00053398125
355,149,0.00052405987
356,149,0.00045099575
357,149,0.00075659715
358,149,0.0005399836
359,149,0.00041200314
360,149,0.0008183941
361,149,0.00070343073
362,149,0.00042115897
363,149,0.00050413795
364,149,0.00028733257
365,149,0.0007891422
366,149,0.0008996101
367,149,0.0008317176
368,149,0.0011157021
369,149,0.0005503837
370,149,0.00012296904
371,149,0.00051840395
372,149,0.0005796151
373,149,0.00026670564
374,149,0.00044735242
375,149,0.00040194206
376,149,-6.0063787e-05
377,149,0.000564076
378,149,0.0005071191
379,149,0.00068282895
380,149,0.0006389469
381,149,0.00023834407
382,149,0.00021168776
383,149,0.0003111381
384,149,0.00072632544
385,149,5.329773e-05
386,149,0.00074285455
387,149,-0.00013405923
388,149,0.00023106579
389,149,0.00015685428
390,149,0.0005430402
391,149,0.0007669097
392,149,0.0007094303
393,149,0.00019369833
394,149,0.0010089818
395,149,0.00063404534
396,149,0.00042156782
397,149,0.00057925284
398,149,0.0007898323
399,149,0.0002802806
400,149,0.0004799422
401,149,0.00086900033
402,149,0.00045441743
403,149,0.00028970186
404,149,0.0007021809
405,149,0.0005904157
406,149,0.00096266903
407,149,0.0007580612
408,149,0.00075349025
409,149,0.00054618623
410,149,0.00091291685
411,149,0.00036296528
412,149,0.00013228692
413,149,0.00050511584
414,149,0.0009384323
415,149,5.6878664e-05
416,149,0.001121832
417,149,0.00043933094
418,149,0.0009290455
419,149,0.0009473227
420,149,0.00040869508
421,149,0.00041792728
422,149,0.00019738916
423,149,0.00024606846
424,149,0.00031565316
425,149,0.00043235812
426,149,0.00019576866
427,149,0.00048149098
428,149,-0.0001609493
429,149,0.00077581033
430,149,0.0008800924
431,149,0.00049970765
432,149,0.0010805307
433,149,0.00017955247
434,149,0.00040030386
435,149,0.0004128199
436,149,0.00047683623
437,149,0.0006947713
438,149,0.00039036758
439,149,0.0005826857
440,149,-1.2186356e-05
441,149,0.00018967222
442,149,0.00012411922
443,149,0.0013067368
444,149,0.0001616301
445,149,0.00024835672
446,149,0.0002047848
447,149,7.1955845e-05
448,149,0.00056314655
449,149,0.00039707404
450,149,0.00041794032
451,149,0.0003876118
452,149,0.0004853243
453,149,0.0005131569
454,149,-9.4461255e-05
455,149,0.00027663633
456,149,0.0007412201
457,149,0.0005221572
458,149,9.132549e-05
459,149,0.000110629015
460,149,0.00018308219
461,149,0.00020433683
462,149,0.0002608942
463,149,0.0002597673
464,149,0.0013285317
465,149,0.00052325893
466,149,0.00062488765
467,149,0.00024627708
468,149,0.00019093696
469,149,0.00061881915
470,149,0.00035967398
471,149,0.0001923861
472,149,8.394569e-05
473,149,0.0005596103
474,149,0.0007669348
475,149,0.00030788966
476,149,0.0009823116
477,149,0.0001560077
478,149,0.0007583732
479,149,0.0004573781
480,149,0.00065192766
481,149,0.00044403784
482,149,0.00021898281
483,149,0.0002402598
484,149,0.000605667
485,149,0.00020370726
486,149,0.0006526606
487,149,0.0007319823
488,149,0.000109452754
489,149,0.0005758116
490,149,0.0004707137
491,149,0.00041604042
492,149,0.0007883869
493,149,0.0008293623
494,149,0.00037716515
0,150,0.00025265198
1,150,0.00064547826
2,150,0.00029963348
3,150,0.0008341549
4,150,-0.00010261871
5,150,0.0006830897
6,150,0.0009819325
7,150,0.0004446432
8,150,0.00032793544
9,150,-0.00013805553
10,150,0.00086043123
11,150,0.0010151304
12,150,0.0001496654
13,150,0.0008031484
14,150,
15,150,0.00093771145
16,150,
17,150,0.0002472438
18,150,
19,150,
20,150,
21,150,0.0009567756
22,150,0.0002395995
23,150,0.00095240213
24,150,0.0011702562
25,150,0.0005098423
26,150,0.0012750449
27,150,0.00013075303
28,150,0.00045987125
29,150,0.00097456574
30,150,0.0007842425
31,150,0.0006784946
32,150,0.0007252097
33,150,0.0009766323
34,150,0.00013683178
35,150,0.0009209821
36,150,0.0009952001
37,150,0.001417947
38,150,0.0008352222
39,150,0.00073846616
40,150,0.0013320185
41,150,0.0007546544
42,150,0.00067450665
43,150,0.0006325664
44,150,0.0010352861
45,150,0.00090270024
46,150,0.0004951246
47,150,0.00034753233
48,150,0.0007043835
49,150,0.0004471084
50,150,0.00083214045
51,150,0.00062699616
52,150,0.00084518176
53,150,0.0010252483
54,150,0.0009210622
55,150,0.0008522291
56,150,0.00080068875
57,150,0.0010659462
58,150,0.00073755253
59,150,0.00029681344
60,150,0.00096557196
61,150,0.0008423114
62,150,0.0009510908
63,150,0.00096206367
64,150,0.0012590084
65,150,0.0003868332
66,150,0.0004876703
67,150,0.0011009555
68,150,0.0009922981
69,150,0.00089033786
70,150,0.00046383124
71,150,0.0008533858
72,150,0.000451562
73,150,0.000582031
74,150,
75,150,
76,150,
77,150,0.0005896855
78,150,0.00025221426
79,150,0.000642132
80,150,0.0007630978
81,150,0.00092606153
82,150,0.00048092846
83,150,0.00050859526
84,150,0.0005632844
85,150,0.0004101349
86,150,0.00053104665
87,150,0.0007889448
88,150,0.0005521653
89,150,0.00085007213
90,150,0.0006241249
91,150,0.00048728287
92,150,0.0010317666
93,150,0.00051041506
94,150,0.00066077895
95,150,0.0011077756
96,150,0.0008213734
97,150,0.00028217956
98,150,0.0006431453
99,150,0.00094505586
100,150,0.0006652344
101,150,0.0005668448
102,150,0.00020014122
103,150,0.00051449705
104,150,0.0002181232
105,150,0.0005746465
106,150,0.00040980615
107,150,0.00053608604
108,150,0.0004308615
109,150,0.00060936064
110,150,0.00010605529
111,150,0.00081380084
112,150,0.0006921524
113,150,0.00038910564
114,150,0.00072757155
115,150,0.0004789792
116,150,0.00024305191
117,150,0.00038141012
118,150,-7.936731e-05
119,150,0.001029958
120,150,0.0005706465
121,150,4.689116e-05
122,150,0.00062208064
123,150,0.00070452876
124,150,0.0001594238
125,150,0.00044507347
126,150,0.0009191474
127,150,-0.00029332284
128,150,0.00027395133
129,150,
130,150,
131,150,
132,150,
133,150,
134,150,
135,150,
136,150,
137,150,
138,150,
139,150,0.0012368849
140,150,0.00096418895
141,150,0.00070536975
142,150,0.0005296394
143,150,0.0008142274
144,150,0.00063025486
145,150,0.0008274969
146,150,0.00026631542
147,150,0.00023444556
148,150,0.0008168267
149,150,0.0008106865
150,150,0.00075785443
151,150,0.00049560796
152,150,0.0005702218
153,150,0.0005564252
154,150,0.0005620923
155,150,0.00080200937
156,150,0.0006518513
157,150,0.0009003747
158,150,0.000724487
159,150,0.0005839262
160,150,0.00036495738
161,150,0.00061683916
162,150,0.0005536424
163,150,0.00057842117
164,150,0.00032867584
165,150,0.000860597
166,150,0.00074454956
167,150,0.00019416865
168,150,0.0004275879
169,150,0.00074459333
170,150,2.0241365e-05
171,150,0.0007858984
172,150,0.00036327075
173,150,0.00023017824
174,150,0.00038720202
175,150,0.00028244313
176,150,0.0008426681
177,150,0.0006185984
178,150,0.0004731845
179,150,0.0006111041
180,150,0.0001040278
181,150,0.00062187854
182,150,0.00032250304
183,150,0.00023316406
184,150,0.0009858124
185,150,0.0007951064
186,150,0.0004533343
187,150,0.00051527657
188,150,0.0009166859
189,150,0.0006476026
190,150,0.0006023599
191,150,0.00079876557
192,150,0.00025736913
193,150,0.00079785753
194,150,0.0005517071
195,150,0.0004886016
196,150,0.00084147137
197,150,0.0008110292
198,150,0.00025499146
199,150,0.00046521984
200,150,0.0003791675
201,150,0.0009032544
202,150,0.00057457946
203,150,0.0007138299
204,150,0.0007047849
205,150,0.00024476554
206,150,0.00044151768
207,150,0.00039647426
208,150,0.00057211705
209,150,0.0013686791
210,150,0.00079863705
211,150,0.0008252561
212,150,0.00025444757
213,150,0.00052657723
214,150,0.00015702564
215,150,0.0012911474
216,150,0.0005391147
217,150,0.0002880767
218,150,0.00072503276
219,150,0.0005450053
220,150,0.0006739218
221,150,0.0006837873
222,150,0.00025210995
223,150,8.995831e-05
224,150,-0.000107608736
225,150,0.00075088907
226,150,-2.1076761e-05
227,150,0.00034317654
228,150,0.0006733425
229,150,0.00038530398
230,150,0.00031313952
231,150,0.0011445442
232,150,0.0004806267
233,150,0.00066576805
234,150,-0.0001699198
235,150,0.00057772547
236,150,0.00051312987
237,150,0.00059689954
238,150,-7.07116e-05
239,150,0.00075617805
240,150,0.0008857604
241,150,0.00025983155
242,150,0.00052727014
243,150,0.0004336303
244,150,0.00056560244
245,150,0.00011794362
246,150,0.0003665965
247,150,0.0010163104
248,150,0.00066472404
249,150,0.00040063262
250,150,0.00021425728
251,150,0.0008567367
252,150,0.00042150635
253,150,0.00045596622
254,150,0.0002409285
255,150,0.0006819954
256,150,0.00039334595
257,150,0.0007689409
258,150,0.00068864785
259,150,0.00039805938
260,150,0.00053826906
261,150,0.00076155737
262,150,0.0006834455
263,150,0.0009318413
264,150,0.00080811605
265,150,0.0003212029
266,150,0.0006905701
267,150,0.00054776017
268,150,0.00029031932
269,150,0.00024448987
270,150,8.410495e-05
271,150,0.00059776474
272,150,0.0002780063
273,150,0.00029681623
274,150,0.00023001432
275,150,0.00046133343
276,150,0.0008899737
277,150,0.0004629502
278,150,0.0005976632
279,150,-0.00040314626
280,150,-0.00013206527
281,150,0.000119159
282,150,0.0009338083
283,150,0.00070880074
284,150,0.00081156567
285,150,0.00037973002
286,150,-9.7834505e-05
287,150,0.0010670349
288,150,0.00034943316
289,150,0.00049253274
290,150,0.00058832765
291,150,0.0014225068
292,150,-0.00012808852
293,150,0.00047551282
294,150,0.00064780377
295,150,0.00061355345
296,150,0.0005652718
297,150,0.001068769
298,150,-7.793959e-05
299,150,0.0005118307
300,150,0.00044970307
301,150,0.0006520469
302,150,0.0005679764
303,150,0.00062595773
304,150,0.00034372043
305,150,0.0008271504
306,150,0.00031839777
307,150,0.00078018196
308,150,0.0006162608
309,150,0.00012253597
310,150,0.0004298212
311,150,0.0007353779
312,150,0.00049150083
313,150,0.00047899038
314,150,0.00074818544
315,150,0.0008247644
316,150,0.00045510102
317,150,0.0006971732
318,150,0.0009241523
319,150,0.0001732558
320,150,0.0002932232
321,150,0.00067837536
322,150,0.0003382098
323,150,0.00031273905
324,150,0.0007521007
325,150,0.0005136505
326,150,
327,150,
328,150,0.0013074894
329,150,
330,150,0.00010928884
331,150,0.0010855962
332,150,0.0007483093
333,150,0.0008904347
334,150,0.0009542387
335,150,0.00052692555
336,150,0.0002508657
337,150,0.0003736969
338,150,0.0007148534
339,150,0.00012445915
340,150,0.0006975215
341,150,0.0004580412
342,150,0.00012686849
343,150,-0.00031111296
344,150,0.00067244656
345,150,0.000489993
346,150,0.00011921674
347,150,0.00061286055
348,150,0.00042447355
349,150,0.00015670434
350,150,0.000562476
351,150,0.00029335078
352,150,0.00073013455
353,150,-1.678802e-05
354,150,0.00072049163
355,150,0.00082637835
356,150,0.00052932836
357,150,0.0003307145
358,150,0.0005334299
359,150,0.00045172777
360,150,0.00024545006
361,150,0.0007980503
362,150,0.00052395556
363,150,0.00030426588
364,150,0.0006610239
365,150,0.0008269893
366,150,0.00084056426
367,150,0.0007919632
368,150,0.0007421123
369,150,0.0002474282
370,150,0.0007407004
371,150,0.00040565617
372,150,0.00048321392
373,150,0.0007778872
374,150,0.0006547291
375,150,0.00045528542
376,150,0.0005443292
377,150,0.00035982858
378,150,0.0004745368
379,150,0.00081929006
380,150,0.0006593205
381,150,0.000557445
382,150,0.00037603918
383,150,0.0006941566
384,150,0.0001801718
385,150,0.00068939663
386,150,0.0002873605
387,150,0.00047091395
388,150,0.00054243114
389,150,0.000730901
390,150,0.0008811159
391,150,0.0007476574
392,150,0.0009612553
393,150,7.0646405e-05
394,150,0.00060962327
395,150,0.000720866
396,150,9.310432e-05
397,150,0.00048564654
398,150,0.0005121976
399,150,-0.00022028945
400,150,0.00020159967
401,150,0.00051925145
402,150,0.00065045804
403,150,0.00040012505
404,150,0.0006567305
405,150,0.0009209411
406,150,0.00064447895
407,150,0.00095411297
408,150,0.0005196808
409,150,8.085091e-05
410,150,0.00075189956
411,150,6.4019114e-06
412,150,8.2215294e-05
413,150,0.00043581054
414,150,0.00044846628
415,150,0.00023631658
416,150,0.00048829056
417,150,0.0005489141
418,150,0.0005003493
419,150,0.00029384717
420,150,0.000557065
421,150,0.00044969935
422,150,0.00019991212
423,150,0.00075528026
424,150,0.0009233374
425,150,-0.00018564984
426,150,0.00021569896
427,150,0.00014020689
428,150,0.001090006
429,150,0.00054597855
430,150,0.0008908538
431,150,0.0005623745
432,150,0.00034488924
433,150,0.00059100706
434,150,0.00046852324
435,150,0.00036575831
436,150,0.0004388243
437,150,0.00021825545
438,150,0.00026359875
439,150,0.00046695676
440,150,0.0010491814
441,150,0.0004339926
442,150,0.00026208535
443,150,0.00034628622
444,150,0.00012703985
445,150,0.0004478516
446,150,0.00077388063
447,150,0.0010300931
448,150,0.00036191288
449,150,0.00075675733
450,150,0.00069139525
451,150,0.00013840757
452,150,0.00031475537
453,150,0.00076960586
454,150,0.00010541454
455,150,0.0003322307
456,150,9.861775e-06
457,150,0.0002053529
458,150,0.00050529186
459,150,0.0006988393
460,150,0.0004437277
461,150,0.0001222007
462,150,0.0010664621
463,150,0.00015794765
464,150,0.0005072523
465,150,0.00037754513
466,150,0.00042196177
467,150,0.00038344506
468,150,0.0006354712
469,150,0.00057630707
470,150,0.00033428986
471,150,0.00023589376
472,150,0.0007635942
473,150,0.00066148676
474,150,0.00038547628
475,150,0.0005692672
476,150,-8.638296e-05
477,150,-0.00016168877
478,150,8.082017e-05
479,150,0.0007369509
480,150,0.00070105214
481,150,0.00053855404
482,150,0.000705868
483,150,0.00073503423
484,150,0.00034196023
485,150,0.0004110234
486,150,0.00024044327
487,150,0.00043013506
488,150,0.0009338353
489,150,0.0008142656
490,150,0.0002811933
491,150,0.00015175063
492,150,0.00061624683
493,150,0.0008537397
494,150,0.0003857622
0,151,0.00034773163
1,151,0.00048675854
2,151,0.0005820757
3,151,0.00036833808
4,151,0.00044274703
5,151,0.0008019963
6,151,0.00048476085
7,151,0.00097089726
8,151,0.0006315289
9,151,0.00050860364
10,151,0.00066839904
11,151,0.00059473235
12,151,
13,151,0.0009210976
14,151,
15,151,0.0008930918
16,151,
17,151,0.00035717245
18,151,0.0007022852
19,151,
20,151,
21,151,
22,151,0.00068317633
23,151,
24,151,0.00088298507
25,151,0.00079258624
26,151,0.00069666933
27,151,0.0007168371
28,151,0.0003264062
29,151,0.0009866357
30,151,0.0013099108
31,151,0.00072198175
32,151,0.00032233633
33,151,0.0009896643
34,151,0.0008663917
35,151,0.0012347111
36,151,0.00019592047
37,151,0.0008822307
38,151,0.001162827
39,151,0.0005995827
40,151,0.0008096788
41,151,0.001237872
42,151,0.00019251928
43,151,0.0012960099
44,151,0.0005885046
45,151,0.0011186982
46,151,0.000608895
47,151,0.00061862543
48,151,3.5704114e-05
49,151,0.0015944121
50,151,0.00086160284
51,151,0.00081201084
52,151,0.00039663538
53,151,0.00037168432
54,151,0.0008691801
55,151,0.00076189544
56,151,0.0004824819
57,151,0.0008743638
58,151,0.00071727857
59,151,0.0010129595
60,151,0.0007413989
61,151,0.0003103651
62,151,0.0005323598
63,151,0.00074735377
64,151,0.0011420315
65,151,0.0010445202
66,151,0.0010594837
67,151,0.0006793495
68,151,0.0009900033
69,151,0.0012060348
70,151,0.00041018147
71,151,0.00035641156
72,151,0.00074554794
73,151,0.0006378712
74,151,
75,151,
76,151,
77,151,
78,151,0.0006208969
79,151,0.00045165233
80,151,0.0010655969
81,151,0.0004714653
82,151,0.0003740769
83,151,0.00049486756
84,151,0.0008930303
85,151,0.00079844333
86,151,0.00058170874
87,151,0.00029938482
88,151,0.00035575964
89,151,0.0003466271
90,151,0.0009749504
91,151,0.00078487117
92,151,0.00063533895
93,151,0.0007415237
94,151,0.0004989067
95,151,0.0006729467
96,151,0.0007483894
97,151,0.00017583836
98,151,0.0002826592
99,151,0.0005717417
100,151,0.00056014024
101,151,0.0003359001
102,151,0.00050898734
103,151,0.00085229427
104,151,0.0004791431
105,151,0.001040359
106,151,0.0005624732
107,151,0.00066167675
108,151,0.0005182354
109,151,0.0005964227
110,151,0.00086181704
111,151,0.0005593579
112,151,0.00027907453
113,151,0.00022168458
114,151,0.0004351614
115,151,0.00025811326
116,151,0.00048349984
117,151,0.00022233836
118,151,0.00019557402
119,151,0.0003256034
120,151,0.00033551268
121,151,0.00019126479
122,151,0.0007243566
123,151,0.0002484927
124,151,0.000839673
125,151,0.00065544154
126,151,0.00063307583
127,151,0.0004685456
128,151,0.00029118545
129,151,0.0006092647
130,151,0.00026276615
131,151,
132,151,
133,151,
134,151,
135,151,
136,151,
137,151,
138,151,
139,151,
140,151,
141,151,0.000116192736
142,151,0.00042374805
143,151,0.00027744193
144,151,0.0004882924
145,151,0.0005215062
146,151,0.00024398137
147,151,0.00034324918
148,151,0.00030349754
149,151,0.00049031246
150,151,0.0007054778
151,151,0.0011524027
152,151,0.0005659852
153,151,0.0006976379
154,151,0.00048219785
155,151,0.0004817741
156,151,0.00030320883
157,151,0.0006815484
158,151,0.00027071033
159,151,0.0005536778
160,151,0.00045439135
161,151,0.0007053325
162,151,0.0006202487
163,151,0.00059460476
164,151,0.0007341234
165,151,0.00023018941
166,151,0.0008267015
167,151,0.00043949764
168,151,0.0004715724
169,151,0.0005882541
170,151,0.00050385017
171,151,0.00048887637
172,151,0.000543911
173,151,0.0004887553
174,151,0.00076899305
175,151,0.00073250756
176,151,0.00027847663
177,151,0.00020309351
178,151,9.9623576e-05
179,151,0.0006208867
180,151,0.00096843485
181,151,0.00042636786
182,151,0.00016710442
183,151,0.00031724852
184,151,0.0004741298
185,151,0.00081186276
186,151,0.00051819626
187,151,0.00045728683
188,151,0.0004965244
189,151,0.00069550425
190,151,0.0005289037
191,151,0.0010664184
192,151,0.0006474741
193,151,0.00053424016
194,151,0.0005819574
195,151,0.00038636662
196,151,0.0004753638
197,151,0.00025929697
198,151,0.0006314544
199,151,0.00065640453
200,151,0.00070834905
201,151,0.00067252014
202,151,0.00028576795
203,151,0.00065645576
204,151,0.0007958561
205,151,0.00049210526
206,151,0.0010086531
207,151,0.00023397338
208,151,0.00037910603
209,151,0.00082344934
210,151,0.0004966594
211,151,0.00017162692
212,151,0.00066127814
213,151,0.0005103694
214,151,0.00014042296
215,151,-3.0644238e-05
216,151,0.0007291194
217,151,0.00021058135
218,151,0.00074977987
219,151,0.00047722925
220,151,-0.00027393363
221,151,0.0006258013
222,151,0.0002917014
223,151,0.0005085245
224,151,0.00037579052
225,151,8.73385e-05
226,151,0.00015963987
227,151,0.00018419791
228,151,0.0011005849
229,151,0.00037269946
230,151,0.0002197884
231,151,0.0009183418
232,151,0.000534527
233,151,0.0006753821
234,151,0.0003086673
235,151,0.0004432015
236,151,0.00024552923
237,151,0.00064328965
238,151,0.0006554937
239,151,8.992292e-05
240,151,0.0008811224
241,151,0.0007855827
242,151,0.0004046103
243,151,0.0004743971
244,151,0.0010359725
245,151,0.00080582127
246,151,6.859377e-05
247,151,0.00041160826
248,151,0.0010186248
249,151,0.00088153407
250,151,0.0008505136
251,151,0.0006747134
252,151,0.00019776355
253,151,0.00063652266
254,151,0.0005103387
255,151,0.00027380325
256,151,0.00087272935
257,151,0.0008306587
258,151,0.0006359378
259,151,0.000347537
260,151,0.00063675456
261,151,-5.1597133e-05
262,151,0.0007451754
263,151,0.00043081306
264,151,0.00040286127
265,151,0.00092331786
266,151,0.00028527714
267,151,0.00023441669
268,151,0.00038542692
269,151,0.00051361695
270,151,0.00038874894
271,151,0.00079999026
272,151,0.00037717726
273,151,0.0004755091
274,151,0.0007294286
275,151,0.00045823958
276,151,0.0006152708
277,151,0.00061873905
278,151,0.0003662994
279,151,0.0007627392
280,151,0.00018231943
281,151,-0.00013480335
282,151,0.00082965754
283,151,0.0004141871
284,151,0.00039864983
285,151,0.00041777268
286,151,0.00025174953
287,151,0.00029759482
288,151,0.00077736005
289,151,0.00030535925
290,151,0.0010433765
291,151,0.0011588428
292,151,0.00064333156
293,151,0.0008457806
294,151,0.0001790924
295,151,0.00064515695
296,151,0.0004916489
297,151,0.00026062224
298,151,0.0007702699
299,151,0.00025475863
300,151,0.0006010644
301,151,0.0004235115
302,151,0.00051652826
303,151,0.00080035627
304,151,0.0006915899
305,151,4.9951486e-05
306,151,0.00080282614
307,151,0.00013089273
308,151,0.00062569417
309,151,0.0002510622
310,151,0.00079000555
311,151,0.00049167406
312,151,0.000864882
313,151,0.00074791536
314,151,0.00051109865
315,151,0.0006987043
316,151,0.00076255854
317,151,0.0005604606
318,151,0.0006019166
319,151,0.00061622355
320,151,0.0007701712
321,151,0.00042951293
322,151,0.00042979792
323,151,0.0006287908
324,151,0.0010951012
325,151,0.00091195945
326,151,
327,151,
328,151,0.0009150887
329,151,
330,151,0.00047598965
331,151,0.000942098
332,151,0.00047191978
333,151,0.0006097872
334,151,0.0005194992
335,151,0.0006238092
336,151,0.00083418284
337,151,0.00088976044
338,151,6.4302236e-05
339,151,0.0006781891
340,151,0.00039149914
341,151,0.0005158335
342,151,0.00060211495
343,151,0.0008604517
344,151,0.0002473155
345,151,0.00059935823
346,151,0.0006743623
347,151,0.000773347
348,151,0.00029585324
349,151,0.00059951097
350,151,0.00093562994
351,151,0.0002855584
352,151,0.00055006053
353,151,0.0009396691
354,151,2.2279099e-05
355,151,0.00069083273
356,151,-8.799136e-06
357,151,0.00019671582
358,151,0.00068600103
359,151,0.00047365762
360,151,0.00018682238
361,151,0.00027360301
362,151,0.0004595667
363,151,0.0009574825
364,151,0.0010088803
365,151,0.00016328227
366,151,0.0005867947
367,151,0.00040607806
368,151,0.00039647426
369,151,0.00044493098
370,151,0.00093762577
371,151,0.0003251629
372,151,0.00034191366
373,151,0.00063198525
374,151,0.000695019
375,151,9.155087e-05
376,151,0.00011087209
377,151,-2.207607e-05
378,151,0.001041986
379,151,0.00016566738
380,151,0.0009250054
381,151,0.0005964143
382,151,0.0004573986
383,151,0.000119015574
384,151,0.00025644433
385,151,0.0010006363
386,151,0.00047385134
387,151,1.6549602e-06
388,151,0.0003301073
389,151,0.00027730316
390,151,3.8692728e-05
391,151,0.00017118827
392,151,0.00032569934
393,151,1.553446e-05
394,151,0.00037960894
395,151,9.895861e-05
396,151,0.0006929925
397,151,0.00037574954
398,151,0.00045796763
399,151,0.00016922504
400,151,0.00035084132
401,151,0.00049132854
402,151,0.0010502366
403,151,0.00031436142
404,151,0.00039410405
405,151,0.0009169495
406,151,0.000723714
407,151,0.00018194318
408,151,0.000753575
409,151,0.00067891274
410,151,0.0004325118
411,151,0.00053870864
412,151,0.00061960425
413,151,-0.0001057256
414,151,0.00054039713
415,151,0.00053382386
416,151,0.00036586542
417,151,0.0007712906
418,151,-0.00011103414
419,151,-6.6673383e-06
420,151,0.0005482109
421,151,0.00016023405
422,151,0.00036293268
423,151,0.0002917759
424,151,0.00010151602
425,151,0.0005763974
426,151,0.00066781323
427,151,0.000567439
428,151,0.0011262335
429,151,0.00034464896
430,151,0.000378076
431,151,0.00039907265
432,151,0.00061477907
433,151,0.0005570967
434,151,0.00067798793
435,151,0.00038483646
436,151,5.8866106e-05
437,151,9.4827265e-05
438,151,0.00046211947
439,151,0.00083501264
440,151,0.000687046
441,151,0.0002179686
442,151,0.00024926662
443,151,0.0009838231
444,151,0.00037830602
445,151,0.00048182346
446,151,0.000118141994
447,151,0.00023703091
448,151,0.00042234268
449,151,0.0011044629
450,151,-0.0005158456
451,151,0.00026476476
452,151,0.0005029654
453,151,0.000269779
454,151,0.000515298
455,151,0.00018457416
456,151,0.0006909417
457,151,0.00036244374
458,151,0.00024707615
459,151,0.00057364255
460,151,0.00027863402
461,151,0.0007699663
462,151,0.000308034
463,151,0.0002358798
464,151,0.00022004638
465,151,0.0007490562
466,151,0.0003475668
467,151,0.00032162666
468,151,0.000482969
469,151,0.0009310134
470,151,0.00078600366
471,151,0.00042401254
472,151,0.0004532393
473,151,0.00064279605
474,151,0.00043125916
475,151,0.00044814683
476,151,0.0005226098
477,151,0.00031596608
478,151,0.0006901752
479,151,0.00048132055
480,151,0.00047623087
481,151,0.00069798157
482,151,0.0003432911
483,151,0.00080646016
484,151,0.0008371724
485,151,0.0003836369
486,151,0.0007289592
487,151,0.00051747635
488,151,0.0008700639
489,151,0.00061427336
490,151,0.00071627833
491,151,0.0007380741
492,151,0.0009353375
493,151,0.00048116595
494,151,0.00025692582
0,152,1.4793128e-05
1,152,0.00019487087
2,152,0.0003643101
3,152,0.0004398208
4,152,0.0007581357
5,152,0.0004430553
6,152,-6.134529e-05
7,152,0.0010441625
8,152,0.0002749404
9,152,0.00020114705
10,152,0.00024336763
11,152,
12,152,0.0004067039
13,152,
14,152,4.2596832e-05
15,152,
16,152,
17,152,
18,152,
19,152,
20,152,
21,152,
22,152,
23,152,0.0012849085
24,152,0.0009098267
25,152,0.0002217684
26,152,0.0006510811
27,152,0.000981628
28,152,0.0014841128
29,152,0.00053176284
30,152,0.0011957213
31,152,0.0009708991
32,152,0.00080423616
33,152,0.0015510796
34,152,0.00029286835
35,152,0.0011713626
36,152,0.0011544572
37,152,0.001048116
38,152,0.0012182649
39,152,0.00084508583
40,152,0.0006341515
41,152,0.00096915476
42,152,0.0005563069
43,152,0.00102094
44,152,0.0009239027
45,152,0.0009912252
46,152,0.0005978476
47,152,0.0010043113
48,152,0.00086572114
49,152,0.00079546496
50,152,0.0009280555
51,152,0.0010411488
52,152,0.00094377995
53,152,0.00046604127
54,152,-0.000203209
55,152,
56,152,0.001292469
57,152,0.0012032893
58,152,
59,152,
60,152,0.00077869743
61,152,
62,152,0.00094530825
63,152,0.00092712976
64,152,0.0010693269
65,152,0.00054667704
66,152,0.0007130699
67,152,0.0013738442
68,152,0.00071509276
69,152,0.0008947076
70,152,
71,152,0.00062604714
72,152,-2.4247915e-05
73,152,0.0009094458
74,152,
75,152,
76,152,
77,152,
78,152,
79,152,-0.00018479768
80,152,0.00016829837
81,152,0.0005793562
82,152,0.00074043125
83,152,0.00095729344
84,152,0.0011174874
85,152,0.00059256423
86,152,0.00038343854
87,152,0.00051469076
88,152,0.001116191
89,152,-3.186986e-05
90,152,0.0007203156
91,152,0.0008597467
92,152,0.00057970546
93,152,0.00055784266
94,152,0.00045107212
95,152,0.00032671914
96,152,0.0004659705
97,152,0.00068695843
98,152,0.0007611476
99,152,0.00056077447
100,152,0.00062726904
101,152,0.00064009614
102,152,0.00095501356
103,152,0.0006638523
104,152,0.00073739793
105,152,0.00069552474
106,152,0.00042567495
107,152,0.00038490072
108,152,0.00044321083
109,152,0.0004039863
110,152,0.00047429372
111,152,0.00016648509
112,152,0.00022406038
113,152,0.0008702306
114,152,0.00054137874
115,152,0.0003911378
116,152,0.00029177312
117,152,0.00036078785
118,152,0.0006536171
119,152,0.0002527656
120,152,0.0001931889
121,152,0.0001687929
122,152,0.00020066276
123,152,0.00025831535
124,152,0.00034667272
125,152,0.00044919178
126,152,9.270944e-05
127,152,0.0003977241
128,152,0.00071802177
129,152,0.0009090584
130,152,0.00088588335
131,152,0.00021936558
132,152,
133,152,
134,152,
135,152,
136,152,
137,152,
138,152,
139,152,
140,152,
141,152,4.187599e-05
142,152,0.0005493285
143,152,0.00048418716
144,152,0.00036306027
145,152,0.0007190984
146,152,0.000849301
147,152,7.802341e-05
148,152,0.00042100437
149,152,0.0005339077
150,152,0.0005084472
151,152,0.0010710545
152,152,0.00015751831
153,152,0.0006081546
154,152,0.0004258938
155,152,0.0006263191
156,152,0.00061252713
157,152,0.0003282996
158,152,0.00028936565
159,152,0.0007138867
160,152,0.0006878618
161,152,0.00079879165
162,152,0.00066159014
163,152,0.00074482616
164,152,0.00060680415
165,152,0.00044328813
166,152,0.00044298917
167,152,0.0006981464
168,152,0.0005371459
169,152,0.00072640926
170,152,0.0005859118
171,152,0.00093682576
172,152,0.00070258696
173,152,0.0009611519
174,152,0.00045416225
175,152,0.0004161168
176,152,0.0007968778
177,152,0.0006299559
178,152,4.4791028e-05
179,152,0.00061403867
180,152,0.0004869327
181,152,0.0010178937
182,152,0.0009166738
183,152,0.0005886918
184,152,0.00059227366
185,152,0.0006597694
186,152,0.00057604816
187,152,0.00083205476
188,152,0.00064039044
189,152,0.00091807917
190,152,0.00094994623
191,152,0.00044544972
192,152,0.0006846152
193,152,0.0005354546
194,152,0.0006827321
195,152,0.0008275928
196,152,0.0005602604
197,152,0.000629466
198,152,0.00069609936
199,152,0.00017564092
200,152,0.00045619812
201,152,0.0007640831
202,152,0.00078206323
203,152,0.0008755373
204,152,0.0007328773
205,152,0.0006238036
206,152,0.00077566877
207,152,0.0007593855
208,152,0.0007356005
209,152,0.0003335802
210,152,0.0013109753
211,152,0.00034724176
212,152,0.00056309626
213,152,0.00051391125
214,152,-0.00018621888
215,152,0.00018821191
216,152,0.0005972497
217,152,0.00043355674
218,152,0.00026200712
219,152,0.00086052716
220,152,0.00019170903
221,152,0.0002532089
222,152,0.0007428527
223,152,0.0006750021
224,152,0.00062621664
225,152,0.0006964896
226,152,0.00063065626
227,152,-1.30888075e-05
228,152,0.00033328868
229,152,0.000137439
230,152,0.00045917276
231,152,-0.00011044741
232,152,0.00014643837
233,152,5.2910298e-05
234,152,-1.15847215e-05
235,152,0.0003284393
236,152,0.00055755675
237,152,0.0005592285
238,152,0.00059822295
239,152,0.00033891667
240,152,0.0007320121
241,152,3.9822422e-05
242,152,0.00028250646
243,152,0.00032936968
244,152,0.00050425716
245,152,0.0006781081
246,152,0.00062578544
247,152,-4.995987e-05
248,152,0.00037886947
249,152,0.00079346634
250,152,0.0009704307
251,152,0.0003802227
252,152,0.00066746585
253,152,0.0004691761
254,152,0.00017553382
255,152,0.00039815996
256,152,0.0006795293
257,152,0.0006775893
258,152,-7.1645714e-05
259,152,0.000861655
260,152,0.00082177296
261,152,0.00042732246
262,152,0.00041456707
263,152,0.0005337037
264,152,0.00060907006
265,152,0.0004321104
266,152,0.0004283907
267,152,0.00068620313
268,152,0.0007182816
269,152,0.0008000424
270,152,0.00025955588
271,152,0.0008871583
272,152,0.00031397026
273,152,0.0007378273
274,152,0.0003605839
275,152,0.0003269827
276,152,0.0001769904
277,152,0.00036162138
278,152,0.0003148131
279,152,0.0007330831
280,152,-0.00040511228
281,152,0.00043289736
282,152,0.00032272376
283,152,0.0009899102
284,152,9.2757866e-05
285,152,0.00022302289
286,152,0.0009226082
287,152,0.00035443157
288,152,0.00047193468
289,152,0.0007531829
290,152,-0.00017743837
291,152,0.0009503551
292,152,0.00064392295
293,152,0.0009902194
294,152,0.00015285145
295,152,0.0006055413
296,152,0.000311316
297,152,0.0005667843
298,152,0.0002526436
299,152,0.0006001042
300,152,0.00040390436
301,152,0.0007902216
302,152,0.0007145945
303,152,0.001007867
304,152,0.0005057873
305,152,0.00079234503
306,152,0.00068624504
307,152,0.00022932421
308,152,0.00051426236
309,152,0.0007096892
310,152,0.0007638391
311,152,-3.2288954e-06
312,152,0.0011555813
313,152,0.00032970402
314,152,0.0007335432
315,152,0.00068389624
316,152,0.00054592267
317,152,1.874473e-05
318,152,0.00069492124
319,152,0.00082651526
320,152,0.000860055
321,152,0.00011409633
322,152,0.00075156894
323,152,0.0004097633
324,152,0.0009907708
325,152,0.0007144259
326,152,0.0009452766
327,152,0.0006358661
328,152,
329,152,
330,152,0.0007301839
331,152,0.0006699255
332,152,0.00022632908
333,152,0.00069011
334,152,0.00021178089
335,152,0.00062948745
336,152,0.0006411746
337,152,0.0005110856
338,152,0.00029955804
339,152,0.00085535645
340,152,0.000830994
341,152,0.0005744435
342,152,0.0007403819
343,152,-8.3603896e-05
344,152,0.00094426237
345,152,0.00048153847
346,152,0.000117198564
347,152,0.0005886927
348,152,0.0004961658
349,152,0.0010027727
350,152,0.0006508548
351,152,0.0004338352
352,152,0.0005128188
353,152,0.0009797616
354,152,0.00044636894
355,152,0.0009459369
356,152,0.0001609791
357,152,0.0011007227
358,152,0.00037965178
359,152,-5.7667494e-06
360,152,-4.746858e-05
361,152,0.0003884388
362,152,0.0004860973
363,152,0.00060081854
364,152,0.00056994427
365,152,0.0005843174
366,152,0.00031312648
367,152,-4.6485104e-05
368,152,0.00044356193
369,152,0.00036859233
370,152,0.00076259766
371,152,0.00037134252
372,152,0.0005668793
373,152,0.0007121973
374,152,0.00046239235
375,152,0.00034333114
376,152,0.0007757824
377,152,0.00058797933
378,152,0.00031179097
379,152,0.00037408154
380,152,0.00065521523
381,152,0.00048416294
382,152,0.00070748385
383,152,0.00060759485
384,152,-3.998913e-05
385,152,-7.1808696e-05
386,152,0.00032155775
387,152,0.00071921665
388,152,0.0004675109
389,152,0.0007245522
390,152,0.00051721
391,152,0.0004146807
392,152,-0.00011962559
393,152,0.00022049807
394,152,0.0003567934
395,152,0.0008876566
396,152,0.0005597789
397,152,0.00032234006
398,152,1.2754463e-05
399,152,0.00018175226
400,152,0.00017075427
401,152,0.0006520469
402,152,0.00039852876
403,152,0.0005511958
404,152,0.00046517327
405,152,0.00065221917
406,152,0.0009370437
407,152,0.0004490111
408,152,0.00042073708
409,152,0.00023232587
410,152,-0.00011666585
411,152,0.0006491961
412,152,0.00012067333
413,152,4.4209883e-06
414,152,0.0007371437
415,152,0.000111312605
416,152,0.0008366173
417,152,0.0011744974
418,152,0.0005228091
419,152,0.0001768563
420,152,0.00074219704
421,152,0.0006259531
422,152,0.00047210045
423,152,0.0007439768
424,152,-2.287887e-05
425,152,0.0002667848
426,152,0.00068021566
427,152,0.00065332
428,152,0.00029124226
429,152,0.0001738742
430,152,0.0009522131
431,152,0.0002197884
432,152,0.0010990752
433,152,0.00021262001
434,152,0.00019980967
435,152,0.00084313843
436,152,0.00028358586
437,152,0.0005120132
438,152,0.0005602194
439,152,0.00010235235
440,152,0.0002533365
441,152,0.00024109054
442,152,0.00084336754
443,152,0.000576945
444,152,0.0006086128
445,152,0.0003289627
446,152,0.00065534376
447,152,0.000114601105
448,152,-0.00017306115
449,152,0.0005477723
450,152,0.00063929334
451,152,6.007403e-05
452,152,-4.7873706e-05
453,152,0.0005235281
454,152,0.00059601665
455,152,0.00052785873
456,152,0.00027347542
457,152,0.00050925463
458,152,0.00080858823
459,152,0.00037173182
460,152,0.00015280955
461,152,-0.000121641904
462,152,0.00082060136
463,152,0.00059373304
464,152,0.00044347625
465,152,0.00041320734
466,152,0.00027400255
467,152,0.00051615015
468,152,0.00038731843
469,152,-0.00017950218
470,152,0.0005899081
471,152,0.00041211117
472,152,0.00034687202
473,152,0.0002222322
474,152,0.0010760641
475,152,0.0004707286
476,152,0.00039660558
477,152,0.00032273028
478,152,0.0012062863
479,152,0.000733586
480,152,-3.206916e-05
481,152,0.0004807301
482,152,0.0009871088
483,152,0.0005419366
484,152,0.00081719365
485,152,0.00064367056
486,152,0.0008102553
487,152,0.0004266305
488,152,0.00039405748
489,152,0.0009797588
490,152,0.00042010657
491,152,0.00079529453
492,152,0.00096294004
493,152,0.00048584118
494,152,0.0003982801
0,153,0.0005556587
1,153,0.00039762817
2,153,0.0005553039
3,153,0.00050031394
4,153,0.00010220241
5,153,0.00037657376
6,153,-0.00021547265
7,153,0.00036839023
8,153,0.0007539876
9,153,0.00031205826
10,153,0.00020395592
11,153,0.0010619042
12,153,
13,153,0.0012147268
14,153,0.0008318564
15,153,0.00050615147
16,153,
17,153,
18,153,
19,153,
20,153,
21,153,
22,153,
23,153,
24,153,0.0005728742
25,153,0.00032572076
26,153,0.00077879615
27,153,0.0004643295
28,153,0.0003466271
29,153,0.0010483274
30,153,0.00045225304
31,153,0.00093372166
32,153,0.0012436649
33,153,0.0011031833
34,153,0.0013850201
35,153,0.0010693911
36,153,0.0006873179
37,153,0.0005860245
38,153,0.0008637523
39,153,0.00082901306
40,153,0.00048603676
41,153,0.001150989
42,153,0.0012148665
43,153,0.0006241994
44,153,0.0005669631
45,153,0.00017007906
46,153,0.0007098187
47,153,0.0012567686
48,153,0.0012223674
49,153,0.0004967768
50,153,0.0009711897
51,153,0.0006685667
52,153,0.00075018127
53,153,0.0012781862
54,153,0.00077830255
55,153,0.0007636715
56,153,0.0007553203
57,153,0.0008938741
58,153,0.00085845403
59,153,0.0011362983
60,153,
61,153,
62,153,
63,153,0.0003104061
64,153,0.0006919354
65,153,0.0014943955
66,153,0.0010424871
67,153,0.00045764353
68,153,0.00088109355
69,153,0.00028573442
70,153,0.0011145631
71,153,0.0006067781
72,153,0.00030981563
73,153,0.0006756
74,153,0.0011708429
75,153,
76,153,
77,153,
78,153,
79,153,
80,153,0.00046194158
81,153,0.00014915317
82,153,0.00066165626
83,153,0.00098518
84,153,0.0013198657
85,153,0.000735119
86,153,0.00085954275
87,153,0.0006885566
88,153,0.0009430088
89,153,0.00077559706
90,153,0.00055725407
91,153,0.0009772945
92,153,0.0010135379
93,153,0.0009792969
94,153,0.0007019248
95,153,0.00089317095
96,153,0.00044523645
97,153,0.0007551396
98,153,0.0007977998
99,153,0.0009851893
100,153,0.00059190206
101,153,0.00046572182
102,153,0.0010224674
103,153,0.0006243782
104,153,0.0006936556
105,153,0.0004545804
106,153,0.0005000355
107,153,0.0005969284
108,153,
109,153,0.00045307633
110,153,0.00068409555
111,153,0.0005240934
112,153,
113,153,0.00061553065
114,153,0.0005791504
115,153,0.0008990094
116,153,0.0007424839
117,153,-1.5413389e-05
118,153,-0.0001546992
119,153,0.00020233355
120,153,0.00029738154
121,153,0.0007493207
122,153,0.00044097565
123,153,0.00032958854
124,153,0.0003848523
125,153,0.00022303779
126,153,0.0010128198
127,153,0.00059995987
128,153,0.00024247635
129,153,0.00055
130,153,-5.634781e-05
131,153,0.00062401127
132,153,-0.00010771118
133,153,
134,153,
135,153,
136,153,
137,153,
138,153,
139,153,
140,153,
141,153,
142,153,0.00025632605
143,153,0.0009264797
144,153,0.0006891452
145,153,0.00016542058
146,153,0.0007559676
147,153,0.0006252201
148,153,0.00078295264
149,153,0.00055747945
150,153,0.0007555438
151,153,0.00038332958
152,153,0.0006159423
153,153,0.000598073
154,153,0.000605477
155,153,0.00084132515
156,153,0.0008379044
157,153,0.00015854556
158,153,0.0002875626
159,153,0.000346086
160,153,5.764328e-05
161,153,0.00060465187
162,153,0.00048510823
163,153,0.00058396347
164,153,0.00057484955
165,153,0.0007789992
166,153,0.00063559506
167,153,0.00030974112
168,153,0.0005324688
169,153,0.00023113377
170,153,0.0007156115
171,153,0.00047403853
172,153,0.00020731613
173,153,0.0004073996
174,153,0.00040963758
175,153,0.0005942825
176,153,0.00067402236
177,153,0.00020690169
178,153,0.00043205172
179,153,0.00078551844
180,153,0.00044676196
181,153,0.00086613
182,153,0.0008049272
183,153,0.00046356767
184,153,0.00037690625
185,153,0.0008863583
186,153,0.0007297797
187,153,0.00070894044
188,153,0.0004844442
189,153,0.000465245
190,153,0.0006369697
191,153,0.00042790268
192,153,0.0003862884
193,153,0.00045037735
194,153,0.0007584421
195,153,0.00066191424
196,153,1.863204e-05
197,153,0.0005676588
198,153,0.0007022014
199,153,0.00053689536
200,153,0.00044952333
201,153,0.0007538656
202,153,0.00085487496
203,153,0.0005329922
204,153,0.0007285727
205,153,0.00053332
206,153,7.924996e-05
207,153,0.0007442739
208,153,0.0007295385
209,153,0.00094408076
210,153,0.00060807634
211,153,0.0007014228
212,153,0.0005731797
213,153,0.00057077035
214,153,0.0011919094
215,153,0.00085650105
216,153,0.0006618006
217,153,0.0013229717
218,153,0.0004835194
219,153,9.805616e-05
220,153,0.00047570188
221,153,0.0002899235
222,153,0.00034130458
223,153,0.0004536761
224,153,0.000892533
225,153,0.0005592853
226,153,0.00041033514
227,153,0.00075381715
228,153,3.373623e-05
229,153,0.00044261757
230,153,0.0006864108
231,153,0.000867879
232,153,0.00046614185
233,153,0.00026506186
234,153,0.00048514083
235,153,0.00010942016
236,153,0.0006620763
237,153,0.0008048536
238,153,0.00059603434
239,153,0.00019159354
240,153,0.00022979733
241,153,0.00025948416
242,153,0.00070639886
243,153,0.0008959584
244,153,0.0006822515
245,153,0.0009158021
246,153,0.00057544187
247,153,0.00080095604
248,153,0.0011652047
249,153,0.00037807226
250,153,0.0005399082
251,153,0.00036230218
252,153,0.0006048158
253,153,0.0007874295
254,153,0.0005257651
255,153,0.0006859768
256,153,0.0004389668
257,153,0.0002562832
258,153,0.00052491203
259,153,0.0005473122
260,153,0.0006054742
261,153,4.0873885e-05
262,153,0.0010684105
263,153,0.0010256106
264,153,0.00058123283
265,153,0.00030714646
266,153,0.00041437242
267,153,0.00038235914
268,153,0.00051501486
269,153,0.00050391536
270,153,0.0010448685
271,153,0.00060596503
272,153,1.270324e-06
273,153,0.0010484541
274,153,9.266753e-05
275,153,0.00012173783
276,153,0.0004441673
277,153,0.0006310195
278,153,0.0007776618
279,153,-5.7120807e-05
280,153,0.00055538863
281,153,0.000637928
282,153,0.00067000464
283,153,0.0006376235
284,153,0.0007190788
285,153,0.00011799391
286,153,0.000786636
287,153,0.00091299973
288,153,0.0006698994
289,153,0.0008468181
290,153,0.00012513623
291,153,0.0003860006
292,153,0.0004996378
293,153,0.0004981244
294,153,0.000555492
295,153,0.000132096
296,153,0.0008004783
297,153,0.0002795905
298,153,0.00054157805
299,153,0.00019640196
300,153,0.0007758038
301,153,0.0001246212
302,153,0.0004316643
303,153,0.00050032046
304,153,0.0006555319
305,153,0.00034962036
306,153,-0.0002211295
307,153,0.00031962804
308,153,0.00066795945
309,153,0.0006878609
310,153,0.00048223324
311,153,0.00085242186
312,153,0.0008713454
313,153,0.00085331686
314,153,0.00067608245
315,153,0.0010953164
316,153,0.00058476534
317,153,0.0005852841
318,153,0.00041808188
319,153,0.00045468006
320,153,0.00089745503
321,153,0.0003654193
322,153,0.00041499827
323,153,0.0006662905
324,153,0.00047589187
325,153,0.00090193376
326,153,0.000116052106
327,153,0.00070898794
328,153,0.0010303352
329,153,
330,153,0.0008029379
331,153,0.00015554577
332,153,0.00016862433
333,153,0.00045994762
334,153,0.00056957547
335,153,0.0003285734
336,153,0.0003696587
337,153,0.00065038446
338,153,0.0007716939
339,153,0.00022810325
340,153,0.00041705277
341,153,0.00018122513
342,153,0.00060377177
343,153,0.0006805593
344,153,0.0005568303
345,153,1.53929e-05
346,153,0.00091595016
347,153,0.000937324
348,153,0.00047542155
349,153,9.852927e-05
350,153,0.0005606096
351,153,0.0004815273
352,153,0.00025784504
353,153,0.00045715738
354,153,0.00067342445
355,153,0.00029360503
356,153,-0.00038664136
357,153,0.0009408146
358,153,0.000756111
359,153,0.00044918433
360,153,0.00045230053
361,153,0.0006874921
362,153,0.00051361136
363,153,0.00088971574
364,153,0.0007153116
365,153,0.00041636825
366,153,0.00036843214
367,153,0.0005010525
368,153,0.000702586
369,153,0.0007029874
370,153,0.00027137715
371,153,-9.808317e-05
372,153,0.000659558
373,153,0.00045317505
374,153,0.0005986821
375,153,0.00030124187
376,153,0.00081504975
377,153,0.00047378242
378,153,0.0011306666
379,153,0.00025510695
380,153,0.00040103588
381,153,0.00083069876
382,153,0.0003792094
383,153,-0.00011190213
384,153,1.0123476e-05
385,153,0.00032124855
386,153,0.00050517544
387,153,0.00028432626
388,153,0.0004072506
389,153,-7.971935e-05
390,153,0.0002942523
391,153,0.0001269374
392,153,0.0005128756
393,153,0.00032193866
394,153,0.00023915991
395,153,0.00055661704
396,153,0.0011349171
397,153,0.0010426007
398,153,-0.0003064461
399,153,0.00014061574
400,153,0.00063307025
401,153,0.0007087216
402,153,0.00051834993
403,153,0.00066573545
404,153,0.00074342266
405,153,0.0001701992
406,153,0.00075975433
407,153,0.0005782079
408,153,0.0009324178
409,153,0.0002286341
410,153,0.00013790838
411,153,0.00045817625
412,153,0.00038484484
413,153,0.0007908987
414,153,0.00026016403
415,153,0.00013933796
416,153,0.00058256835
417,153,0.0008064676
418,153,0.0005913647
419,153,0.00019806251
420,153,0.00041622482
421,153,0.00037018396
422,153,0.00026748702
423,153,0.0005784994
424,153,0.0005302923
425,153,0.00010127667
426,153,0.00020819996
427,153,0.00013117399
428,153,0.00013772771
429,153,0.0007160492
430,153,0.00077531394
431,153,0.000409659
432,153,0.0003412543
433,153,0.00030468684
434,153,0.0007554954
435,153,-9.8609366e-05
436,153,0.0006860187
437,153,0.00059989933
438,153,0.0002598539
439,153,-9.8939054e-05
440,153,0.00033604354
441,153,-4.2937696e-05
442,153,0.00025272276
443,153,0.00078300294
444,153,0.0003930675
445,153,-1.2804754e-05
446,153,-0.00014110748
447,153,0.00077404734
448,153,0.0003591124
449,153,0.0010211039
450,153,9.600259e-05
451,153,0.00043662824
452,153,0.00039661117
453,153,0.00075774454
454,153,0.00087078847
455,153,0.00021160115
456,153,0.0004789438
457,153,0.0005072672
458,153,9.8884106e-05
459,153,0.0009083487
460,153,0.00038366858
461,153,0.00046380237
462,153,0.000305729
463,153,0.0008961605
464,153,0.0007356778
465,153,0.00073110405
466,153,0.00068375
467,153,7.9223886e-05
468,153,0.00027845707
469,153,0.0007306468
470,153,0.0006558355
471,153,0.00030424632
472,153,0.0003418438
473,153,0.0007682219
474,153,0.0007487461
475,153,0.0005711606
476,153,9.524729e-05
477,153,0.00068503246
478,153,0.0005591642
479,153,0.0010971976
480,153,0.00029406603
481,153,0.000303844
482,153,0.0005095806
483,153,0.0005755834
484,153,0.0004098108
485,153,0.00031480566
486,153,0.0003795568
487,153,0.0007860344
488,153,0.00085318275
489,153,0.0011354554
490,153,0.00046884082
491,153,0.000637901
492,153,0.0007686876
493,153,0.00049186125
494,153,0.0004969761
0,154,0.0006714631
1,154,0.00040461868
2,154,0.0003105346
3,154,0.0008114036
4,154,0.0007310575
5,154,0.00048262905
6,154,0.0007132329
7,154,0.00038082805
8,154,0.00074137095
9,154,0.00075566117
10,154,0.00077605527
11,154,0.00013766252
12,154,0.0003579473
13,154,0.00050396845
14,154,0.0003248807
15,154,0.0007374501
16,154,
17,154,
18,154,
19,154,
20,154,
21,154,
22,154,
23,154,
24,154,0.000670515
25,154,0.0009142449
26,154,0.00078860857
27,154,
28,154,-0.00012315065
29,154,0.0012714043
30,154,0.0005648583
31,154,0.0011046547
32,154,0.0007141223
33,154,0.0011430103
34,154,0.0006368067
35,154,0.0009442605
36,154,0.0009876918
37,154,0.00050497986
38,154,0.0012151757
39,154,0.000782636
40,154,0.00069855433
41,154,0.0009895638
42,154,0.00088389963
43,154,0.0010536555
44,154,0.0007340405
45,154,0.0006616432
46,154,0.0007567033
47,154,0.0010520462
48,154,0.0006198883
49,154,0.0013249442
50,154,0.00091831014
51,154,0.00122244
52,154,0.0007732045
53,154,0.0010002917
54,154,0.00065716915
55,154,
56,154,0.00040037557
57,154,0.00045910198
58,154,
59,154,
60,154,
61,154,
62,154,0.0004497692
63,154,0.00045812782
64,154,0.0008123927
65,154,0.00034052785
66,154,0.0014097644
67,154,0.0006161416
68,154,0.00067068636
69,154,0.00045999326
70,154,0.0009676069
71,154,0.0010119062
72,154,
73,154,
74,154,0.0006297976
75,154,0.000674868
76,154,0.00088275876
77,154,
78,154,
79,154,
80,154,0.0011332314
81,154,0.00034564827
82,154,0.00059012417
83,154,0.00080762245
84,154,0.0007283315
85,154,0.00034229644
86,154,0.00073443353
87,154,0.00069047883
88,154,0.00036082976
89,154,0.00093053095
90,154,0.0007381011
91,154,0.0003036745
92,154,0.00064947363
93,154,0.0009320285
94,154,0.00021159928
95,154,0.00054323114
96,154,0.00051515456
97,154,0.00016374234
98,154,0.00080010016
99,154,0.0006343378
100,154,0.0008260133
101,154,0.0004918473
102,154,0.00062361266
103,154,0.00010055397
104,154,0.00044473074
105,154,7.2758645e-05
106,154,0.0008198833
107,154,2.4577603e-05
108,154,0.0006333459
109,154,0.0001650881
110,154,0.0008646669
111,154,0.0014012847
112,154,0.0006476026
113,154,0.0006067157
114,154,5.584117e-05
115,154,0.00048222486
116,154,-2.4009496e-06
117,154,0.0008435128
118,154,0.00101024
119,154,0.00063823815
120,154,0.0006740084
121,154,0.0012431992
122,154,0.00040027406
123,154,0.0012602666
124,154,0.0006219195
125,154,0.0005161846
126,154,0.00053204224
127,154,0.0006772103
128,154,0.0008783173
129,154,0.00026620273
130,154,-0.0004919879
131,154,0.00023919344
132,154,0.00093111116
133,154,0.0008426234
134,154,0.00024697743
135,154,
136,154,
137,154,
138,154,
139,154,
140,154,
141,154,
142,154,
143,154,0.00027711503
144,154,0.00055282936
145,154,0.00088894647
146,154,0.0002101725
147,154,0.00022502523
148,154,0.0003389381
149,154,0.0011356585
150,154,0.00068866834
151,154,0.00024960283
152,154,0.00061056204
153,154,0.0004387172
154,154,0.00014797505
155,154,-0.00024398416
156,154,0.0002939757
157,154,0.00094557926
158,154,0.0009266492
159,154,0.00017830636
160,154,0.00037214346
161,154,0.0008213138
162,154,0.00065200124
163,154,0.00017596502
164,154,0.00048391707
165,154,0.00091079995
166,154,0.00057874434
167,154,0.00092147384
168,154,0.00032474753
169,154,2.8183684e-05
170,154,0.000258483
171,154,0.0006105844
172,154,0.00046476908
173,154,0.00047077425
174,154,-5.2379444e-05
175,154,0.0002913745
176,154,0.00069982745
177,154,0.0001977766
178,154,0.0008121822
179,154,0.00061833207
180,154,0.00027933158
181,154,0.00067746174
182,154,0.00081950054
183,154,0.00078519806
184,154,0.0006829435
185,154,0.00052217767
186,154,0.0006524185
187,154,0.00033307262
188,154,0.00054072123
189,154,0.0003218921
190,154,0.0005354816
191,154,0.0005145166
192,154,0.0006775763
193,154,0.0009379471
194,154,0.0005022511
195,154,0.00050105155
196,154,0.0004377421
197,154,0.00087461807
198,154,0.00013013743
199,154,0.0007375106
200,154,0.0003947625
201,154,0.0009478694
202,154,0.00062101614
203,154,0.0005544871
204,154,0.0003372198
205,154,0.00025018677
206,154,0.000598385
207,154,0.00092988554
208,154,0.0005047964
209,154,0.0006540837
210,154,0.00019566156
211,154,0.00050781015
212,154,5.962141e-05
213,154,0.00013034698
214,154,0.0006503621
215,154,-2.2551045e-05
216,154,0.00012399908
217,154,0.0001946576
218,154,0.00025723968
219,154,0.0003311066
220,154,3.5297126e-07
221,154,-8.867774e-05
222,154,0.00084148906
223,154,0.00079821795
224,154,0.0006241966
225,154,0.0005193399
226,154,0.0002464652
227,154,0.00071820803
228,154,0.00023275986
229,154,-0.00014618225
230,154,0.00019597169
231,154,3.2728538e-05
232,154,0.00043140724
233,154,0.00013297051
234,154,0.00010490883
235,154,0.0007480923
236,154,0.00027443375
237,154,0.00025467668
238,154,0.0006438922
239,154,0.00052856654
240,154,0.00076563004
241,154,0.00038768724
242,154,0.00015117414
243,154,0.0006317934
244,154,0.00061815884
245,154,0.00030962005
246,154,0.00080351066
247,154,0.00051062275
248,154,0.0003827745
249,154,0.00021708291
250,154,0.0005451422
251,154,0.0005954532
252,154,0.0002292674
253,154,0.0008904375
254,154,0.00049526244
255,154,0.00035061222
256,154,0.0006728126
257,154,0.00093566533
258,154,0.0002280213
259,154,0.0006414987
260,154,0.00044723414
261,154,0.00043480378
262,154,0.0011942098
263,154,0.00047307275
264,154,0.00068151206
265,154,0.000716771
266,154,5.3709373e-05
267,154,0.0004789373
268,154,0.0006006276
269,154,0.00032364577
270,154,0.00074527133
271,154,0.0007473212
272,154,0.0002604751
273,154,0.0006186459
274,154,0.0005017109
275,154,0.00019741803
276,154,0.0003146315
277,154,0.00062376726
278,154,-0.00016181543
279,154,0.00010628812
280,154,0.0002743136
281,154,0.0006174855
282,154,0.00048567448
283,154,0.00078993477
284,154,0.00049035624
285,154,0.0005889693
286,154,0.0009666644
287,154,0.00016245246
288,154,0.00046737306
289,154,-0.000327711
290,154,-0.0001464719
291,154,7.660035e-05
292,154,0.0008961521
293,154,0.0007413747
294,154,0.00035671983
295,154,0.00082926266
296,154,0.0006284863
297,154,0.00049847085
298,154,0.0004936466
299,154,0.0009831889
300,154,0.0002037799
301,154,0.00082785543
302,154,0.0003851736
303,154,0.0007000882
304,154,0.0008269893
305,154,0.000438001
306,154,0.00078712124
307,154,0.00050144736
308,154,0.00058031175
309,154,0.0007851152
310,154,0.00060405396
311,154,0.0009972202
312,154,0.00047429092
313,154,0.00063305907
314,154,0.0009053461
315,154,0.00013307482
316,154,9.7841024e-05
317,154,0.00053105317
318,154,0.0006014649
319,154,0.00022780988
320,154,0.0009611035
321,154,0.00015039649
322,154,0.00022422336
323,154,0.0010451572
324,154,0.0008252952
325,154,0.00031441823
326,154,0.00058480725
327,154,0.00044435635
328,154,0.0008858852
329,154,0.00069986004
330,154,0.00032564066
331,154,0.00040687528
332,154,0.00047528278
333,154,0.0005084453
334,154,0.00040714815
335,154,0.00075063016
336,154,0.0006202236
337,154,0.0003446862
338,154,0.0011053132
339,154,0.0005532829
340,154,0.00036510173
341,154,0.00043597072
342,154,0.000470954
343,154,-9.3588606e-05
344,154,0.00018042233
345,154,6.806292e-05
346,154,0.00017955434
347,154,0.0009825444
348,154,0.00032234658
349,154,0.00050179195
350,154,0.0006106319
351,154,0.00018042605
352,154,0.0009259656
353,154,-1.6006641e-05
354,154,0.00091644935
355,154,0.0004137298
356,154,0.00053187925
357,154,0.00070214644
358,154,0.0007274989
359,154,0.00020817295
360,154,0.00014342088
361,154,0.0005344581
362,154,0.00065402593
363,154,0.00042721163
364,154,0.00070068147
365,154,0.00030492898
366,154,0.0003149286
367,154,0.0008117268
368,154,0.00012777839
369,154,0.0009358814
370,154,0.00035428628
371,154,0.00034683198
372,154,0.0011220481
373,154,0.00079667475
374,154,0.0004750155
375,154,0.0004995195
376,154,0.00091777556
377,154,0.0008121785
378,154,0.00046743732
379,154,0.0007426236
380,154,0.00071826484
381,154,0.00024802703
382,154,0.0003348468
383,154,0.00072171446
384,154,0.00069122016
385,154,2.7500093e-05
386,154,0.0005737459
387,154,0.0004946245
388,154,0.0003788378
389,154,0.00031419098
390,154,0.0002512131
391,154,0.00030090287
392,154,0.0004226435
393,154,0.00017021224
394,154,-2.6185997e-05
395,154,0.00030619092
396,154,0.0008328436
397,154,0.0004978301
398,154,0.00021335948
399,154,0.00039335713
400,154,0.000521007
401,154,0.0006986838
402,154,0.0006960258
403,154,0.00063939113
404,154,0.0008088937
405,154,0.00040039513
406,154,0.00043578632
407,154,0.00023542158
408,154,0.0005209176
409,154,0.0005813176
410,154,0.0006465232
411,154,0.00051265303
412,154,0.00042837765
413,154,0.00019860733
414,154,0.00037726108
415,154,0.00067913346
416,154,0.0013125846
417,154,0.0003696913
418,154,0.00055294763
419,154,0.00024059042
420,154,0.00073831435
421,154,0.00041548256
422,154,0.00032636337
423,154,2.6130117e-05
424,154,0.00085733365
425,154,0.0005642893
426,154,0.00019008107
427,154,0.00011377875
428,154,0.0006521661
429,154,0.0001173364
430,154,0.0007440951
431,154,0.0008614138
432,154,0.00025769416
433,154,-0.00015309826
434,154,0.00026234146
435,154,0.00032567978
436,154,0.0006186059
437,154,0.0004747603
438,154,0.00054083485
439,154,0.0007341588
440,154,0.00014613569
441,154,0.00022865366
442,154,-0.00014419854
443,154,0.00048385654
444,154,0.00055465195
445,154,0.0005330518
446,154,0.0005045496
447,154,0.0005635787
448,154,0.0005542636
449,154,0.00033769105
450,154,0.0005240226
451,154,0.0006108694
452,154,0.00039099343
453,154,0.0002678875
454,154,0.0011049826
455,154,0.0005634837
456,154,0.0006897962
457,154,0.00053459685
458,154,0.00018985197
459,154,0.00041301548
460,154,0.00038813613
461,154,0.00036200974
462,154,0.00039031077
463,154,0.00076045375
464,154,0.000494184
465,154,0.00070197135
466,154,0.00025684573
467,154,9.747129e-05
468,154,0.0008457219
469,154,0.00046802498
470,154,0.00075786654
471,154,0.00023170467
472,154,0.000567873
473,154,0.000698193
474,154,0.00059585646
475,154,0.00054371543
476,154,0.0007813871
477,154,0.00078068394
478,154,0.00060447585
479,154,0.0003380524
480,154,0.00014628563
481,154,-3.370829e-05
482,154,0.0011859024
483,154,0.0006774701
484,154,0.00023923814
485,154,0.0006116461
486,154,0.0011899611
487,154,0.0006300686
488,154,0.00037114322
489,154,0.0005977228
490,154,0.00046215113
491,154,0.00037504546
492,154,0.0006399974
493,154,0.00061637815
494,154,0.00046788622
0,155,0.0006437227
1,155,0.0007319646
2,155,0.00036765914
3,155,0.000121438876
4,155,0.0002406342
5,155,0.00079445355
6,155,0.0004191175
7,155,0.000693718
8,155,0.00079038646
9,155,0.0008111689
10,155,0.0011134846
11,155,7.921457e-05
12,155,-0.00022794306
13,155,0.00044743717
14,155,0.0004190756
15,155,0.0012139594
16,155,9.4138086e-05
17,155,
18,155,
19,155,
20,155,
21,155,
22,155,
23,155,
24,155,0.00024183746
25,155,0.00051428005
26,155,0.0013037845
27,155,0.001332324
28,155,0.00094255526
29,155,0.0009930208
30,155,0.0008193143
31,155,0.0006231917
32,155,0.0015111845
33,155,0.00029156078
34,155,0.0004771687
35,155,0.00058449246
36,155,0.00092921406
37,155,0.00042173732
38,155,0.0012539215
39,155,0.00039685704
40,155,0.00047463272
41,155,0.001168645
42,155,0.0011479948
43,155,0.0005217027
44,155,0.0008448651
45,155,0.00096436404
46,155,0.00070914906
47,155,0.0008726353
48,155,0.00090419594
49,155,0.00051843
50,155,0.0005431641
51,155,8.732453e-05
52,155,0.00061856303
53,155,0.00064701773
54,155,0.0007630009
55,155,0.00059585273
56,155,0.00040304288
57,155,
58,155,0.0005158819
59,155,
60,155,
61,155,
62,155,0.0008813208
63,155,
64,155,
65,155,0.00046239235
66,155,0.00042711385
67,155,0.0012658406
68,155,0.00079736207
69,155,0.0011779694
70,155,0.00039335527
71,155,0.0007582372
72,155,0.00048500206
73,155,
74,155,0.0004984662
75,155,0.0005479185
76,155,0.00093220733
77,155,
78,155,
79,155,
80,155,0.00083078444
81,155,0.00033949688
82,155,0.00084119104
83,155,0.0006127311
84,155,0.00036816858
85,155,0.0008683158
86,155,0.0006043911
87,155,0.0008181082
88,155,0.00085173175
89,155,0.0006382875
90,155,0.0004482232
91,155,0.0013171928
92,155,0.0010388857
93,155,0.00040580146
94,155,0.00089223124
95,155,0.00071056
96,155,0.0009865444
97,155,0.000815073
98,155,0.0005518114
99,155,0.0009689508
100,155,0.00045950245
101,155,0.0005866224
102,155,0.00037653558
103,155,0.00062360987
104,155,5.231425e-05
105,155,0.00070899166
106,155,0.0002944693
107,155,0.0009653587
108,155,0.00045330822
109,155,0.0006132433
110,155,
111,155,3.0108728e-05
112,155,0.0004152516
113,155,0.00021475367
114,155,
115,155,0.0005747443
116,155,0.0010619415
117,155,0.0012332592
118,155,-0.0002488494
119,155,0.00039653573
120,155,7.052533e-05
121,155,0.0009809192
122,155,0.0006188229
123,155,0.00048758648
124,155,0.0003095623
125,155,0.00039936416
126,155,0.0009897836
127,155,0.00053329486
128,155,0.00041933637
129,155,0.00064791366
130,155,0.00047856942
131,155,0.0005389452
132,155,0.00062751956
133,155,0.00043272227
134,155,0.0006665513
135,155,
136,155,
137,155,
138,155,
139,155,
140,155,
141,155,
142,155,
143,155,
144,155,0.0001097396
145,155,0.0009513376
146,155,0.00082551874
147,155,0.00089075137
148,155,0.0005414216
149,155,0.00064948946
150,155,0.00056556426
151,155,0.00013105571
152,155,0.0004017679
153,155,0.0005777599
154,155,0.00020900648
155,155,0.0004289113
156,155,0.0004938012
157,155,0.0007694559
158,155,0.0008599125
159,155,0.0007752562
160,155,0.0008494435
161,155,0.0006195083
162,155,0.0008059591
163,155,0.0008996269
164,155,0.0008926252
165,155,0.000531205
166,155,0.0006865924
167,155,0.0005931547
168,155,0.00055723265
169,155,0.00042727962
170,155,0.00053626765
171,155,0.0004081186
172,155,0.00024560653
173,155,0.0002910616
174,155,0.0010929517
175,155,0.00070547126
176,155,0.00029471144
177,155,0.0008206256
178,155,0.0006084107
179,155,0.00037652068
180,155,0.0005085934
181,155,0.00039975252
182,155,0.00013100263
183,155,0.0008941479
184,155,0.00050420035
185,155,0.00057756435
186,155,0.0004892051
187,155,0.0006088326
188,155,0.000530188
189,155,0.0007684622
190,155,0.0005695261
191,155,0.0003996268
192,155,0.00048150867
193,155,0.00037833583
194,155,0.0006792294
195,155,0.00041145366
196,155,0.00037671346
197,155,0.00087937526
198,155,0.00076476205
199,155,0.0008642776
200,155,0.00051533803
201,155,0.00076122116
202,155,0.00081633404
203,155,0.00064135995
204,155,0.0001130607
205,155,0.0006054146
206,155,0.00075966865
207,155,0.0008593444
208,155,0.00014347676
209,155,0.00032756012
210,155,0.00041672587
211,155,0.00040861685
212,155,0.000574586
213,155,0.00045191403
214,155,0.0009533623
215,155,0.00021974742
216,155,0.0004491266
217,155,0.0009887209
218,155,0.0010252381
219,155,0.0010408126
220,155,0.00067990925
221,155,0.0008220831
222,155,0.00039602537
223,155,0.0004989961
224,155,0.00070205703
225,155,0.00035821833
226,155,0.00011404697
227,155,0.00092390366
228,155,0.00038238056
229,155,0.00020416547
230,155,0.00022016466
231,155,0.00044856407
232,155,0.0007455023
233,155,0.00013860594
234,155,0.000102982856
235,155,0.001095904
236,155,0.00070828386
237,155,-2.1925196e-05
238,155,0.0004637111
239,155,0.00051897764
240,155,0.00068221055
241,155,0.0008369833
242,155,0.00080491044
243,155,0.000782568
244,155,0.00055279117
245,155,0.00018949714
246,155,0.00056506135
247,155,0.000529889
248,155,0.000254564
249,155,0.0005906271
250,155,0.0005020052
251,155,0.0007287804
252,155,0.00035724696
253,155,0.00044400245
254,155,0.00055254344
255,155,2.8369948e-05
256,155,0.00037273578
257,155,0.0003161924
258,155,0.00044724904
259,155,0.0005546473
260,155,0.00043307524
261,155,0.0007511489
262,155,0.0015846537
263,155,0.00054457877
264,155,-0.00013778545
265,155,0.00015205424
266,155,0.00061835535
267,155,0.00046649203
268,155,0.0003483398
269,155,0.00060020573
270,155,9.9912286e-05
271,155,0.00081091933
272,155,0.00063641835
273,155,0.0008891998
274,155,0.00067047775
275,155,0.00067761075
276,155,0.00043295138
277,155,0.00036836416
278,155,0.00019882154
279,155,0.0008002687
280,155,0.0005553784
281,155,0.00041988958
282,155,0.0008876668
283,155,0.0010730624
284,155,0.000117671676
285,155,0.0008459464
286,155,0.0005775364
287,155,0.00036903098
288,155,-0.00011525862
289,155,0.00039396714
290,155,0.0005700933
291,155,0.00016828533
292,155,0.0004017679
293,155,0.00037761685
294,155,-0.00013862923
295,155,0.00042518228
296,155,0.00070869643
297,155,0.00073846243
298,155,0.0004948685
299,155,0.00012168288
300,155,0.00033944007
301,155,0.00069801975
302,155,0.0009355247
303,155,0.00068995915
304,155,0.00033135712
305,155,0.00096969586
306,155,0.00070746057
307,155,0.0007621106
308,155,0.0008205669
309,155,0.0007363893
310,155,0.00063844677
311,155,0.0007525692
312,155,0.00054720044
313,155,0.00050865393
314,155,0.00040934607
315,155,0.0006823791
316,155,0.00080690254
317,155,0.0008986043
318,155,0.00048121158
319,155,0.00094890036
320,155,0.0010796953
321,155,0.00029118173
322,155,0.0010085236
323,155,0.00010084454
324,155,0.0005693082
325,155,0.00045078527
326,155,0.00027120952
327,155,0.00024626683
328,155,0.00026440062
329,155,0.0005985964
330,155,0.00016506389
331,155,0.00042112172
332,155,7.4179843e-06
333,155,0.00068501476
334,155,0.00046351645
335,155,0.0004967032
336,155,0.00039073266
337,155,0.0006586658
338,155,0.0011820123
339,155,0.00022109132
340,155,0.00093059614
341,155,0.000288832
342,155,0.00047778897
343,155,0.00040098187
344,155,0.00046547502
345,155,0.00051606726
346,155,0.0010235952
347,155,0.00044719595
348,155,0.00051739626
349,155,0.00055100303
350,155,0.00018806197
351,155,3.9952807e-05
352,155,0.00028891396
353,155,0.000834818
354,155,0.00057340134
355,155,0.0005399883
356,155,4.5653433e-05
357,155,0.0004600482
358,155,0.0001895465
359,155,3.4322962e-05
360,155,9.73586e-05
361,155,0.00022770464
362,155,0.00017317571
363,155,0.0007518036
364,155,0.0006593764
365,155,0.0003695963
366,155,0.00049572997
367,155,0.00040349923
368,155,0.0003554318
369,155,0.00047703274
370,155,0.0008263523
371,155,0.0007349076
372,155,-4.7332607e-05
373,155,0.00037117396
374,155,0.0005988637
375,155,0.0007019462
376,155,0.0004951302
377,155,0.00072780997
378,155,0.0006888844
379,155,0.00066009816
380,155,0.00018449314
381,155,0.00037574954
382,155,0.0004006792
383,155,0.0006684782
384,155,0.00088756904
385,155,-9.7771175e-05
386,155,0.00041672587
387,155,0.00010591652
388,155,0.00024174433
389,155,9.993091e-06
390,155,9.323098e-05
391,155,0.00042027235
392,155,0.00045205932
393,155,0.0005095182
394,155,0.00037089735
395,155,0.0006187493
396,155,0.0007712683
397,155,0.00015379675
398,155,0.0007562814
399,155,0.000103445724
400,155,0.0004610326
401,155,0.00043474324
402,155,0.00044296682
403,155,0.00088823866
404,155,0.0003486108
405,155,0.0001341831
406,155,0.0007622354
407,155,0.0005183155
408,155,0.00052508153
409,155,0.0001386758
410,155,0.0008125268
411,155,0.00027601235
412,155,0.00042284466
413,155,0.00037802476
414,155,0.00079690013
415,155,0.0008657472
416,155,-5.8449805e-05
417,155,0.00096389
418,155,0.00021441095
419,155,0.00060985144
420,155,-0.00058607943
421,155,0.00054080226
422,155,0.0004109703
423,155,0.0002926262
424,155,-1.5366822e-06
425,155,0.00016482826
426,155,0.0008663917
427,155,0.00010282267
428,155,0.00056879316
429,155,0.00041971076
430,155,0.0006997194
431,155,0.00047695916
432,155,0.0003706701
433,155,0.00039987732
434,155,0.0001249006
435,155,0.00029778015
436,155,0.00058604963
437,155,0.0004692776
438,155,6.524939e-05
439,155,0.0004110206
440,155,0.00010938011
441,155,0.0003707735
442,155,-7.9820864e-05
443,155,0.00018141326
444,155,0.00018749852
445,155,0.00077442173
446,155,0.00019017328
447,155,0.0005916357
448,155,-8.044299e-05
449,155,0.00014962722
450,155,0.000619716
451,155,0.00015593413
452,155,0.0006400421
453,155,0.00037247874
454,155,0.0003704615
455,155,0.00051166303
456,155,0.00058875605
457,155,0.00074267015
458,155,0.00012435298
459,155,0.00018597953
460,155,0.00022449903
461,155,0.0008036485
462,155,0.00045633875
463,155,0.0006029373
464,155,0.000919817
465,155,-0.000111347064
466,155,0.00041063223
467,155,-0.00015772227
468,155,0.00043756887
469,155,0.0003886111
470,155,0.00092984736
471,155,0.000456254
472,155,0.00032869354
473,155,0.0004147198
474,155,0.00082024373
475,155,0.0004827585
476,155,0.00076832436
477,155,0.00047932751
478,155,0.0006959606
479,155,0.0007524993
480,155,0.00021612179
481,155,0.00038549118
482,155,0.00038036983
483,155,0.0005085971
484,155,0.00078201294
485,155,0.0007399274
486,155,7.8201294e-05
487,155,0.00038398243
488,155,0.000826153
489,155,0.00059215166
490,155,0.00072963163
491,155,0.0004947381
492,155,0.0005149171
493,155,0.0003702324
494,155,-7.56979e-06
0,156,8.349493e-05
1,156,0.00028020144
2,156,0.00042647216
3,156,-2.1565706e-05
4,156,0.0007936014
5,156,0.0008044727
6,156,0.0004870342
7,156,0.0006335564
8,156,-0.00021499861
9,156,0.0003612358
10,156,0.0007153377
11,156,0.00054332614
12,156,
13,156,0.00058811717
14,156,0.00076878536
15,156,0.0005198987
16,156,0.00067979656
17,156,
18,156,
19,156,
20,156,
21,156,
22,156,
23,156,
24,156,
25,156,
26,156,0.00069937203
27,156,0.001050991
28,156,0.00056111254
29,156,0.0008345265
30,156,0.0003123982
31,156,0.00041417964
32,156,0.00090861134
33,156,0.0011744834
34,156,0.000502578
35,156,0.00082354806
36,156,0.0009776149
37,156,0.000875853
38,156,0.0011220956
39,156,0.0006107837
40,156,0.0008932259
41,156,0.001042759
42,156,0.0010861307
43,156,0.0006917864
44,156,0.0009023389
45,156,0.0013513817
46,156,0.0011437433
47,156,0.0012934329
48,156,0.0009619035
49,156,0.000965395
50,156,0.0002071606
51,156,0.00038565136
52,156,0.00044209696
53,156,0.0005640639
54,156,0.00081455056
55,156,0.0003568232
56,156,0.0005510282
57,156,
58,156,
59,156,
60,156,
61,156,
62,156,
63,156,
64,156,0.00094386283
65,156,0.00029602833
66,156,0.00068921875
67,156,0.0007973667
68,156,0.00044947676
69,156,0.0011209128
70,156,0.00067313574
71,156,0.0007023327
72,156,0.00056800246
73,156,
74,156,0.00026977714
75,156,0.00052237883
76,156,0.00061299093
77,156,
78,156,
79,156,
80,156,0.00087353773
81,156,0.00077543966
82,156,0.00089630485
83,156,0.000492665
84,156,0.00027485192
85,156,0.00051871594
86,156,0.0005766945
87,156,-1.6024336e-05
88,156,0.00063131005
89,156,0.0005453108
90,156,0.00033955649
91,156,0.0006898232
92,156,0.0003185533
93,156,0.00084662344
94,156,0.00057476293
95,156,0.0007893359
96,156,0.0008478388
97,156,0.0004283255
98,156,0.0003801044
99,156,0.0009990847
100,156,0.00027835649
101,156,0.00067940354
102,156,0.0007966608
103,156,0.0006444454
104,156,0.00086386595
105,156,0.0007779505
106,156,0.0002602404
107,156,0.00046144426
108,156,
109,156,0.0005417699
110,156,0.00087452587
111,156,0.00039099157
112,156,0.00040309783
113,156,0.00059036165
114,156,0.00040268153
115,156,
116,156,0.00047654845
117,156,0.00017106906
118,156,0.0003645625
119,156,0.0010571638
120,156,0.0003420394
121,156,0.000313323
122,156,0.00047251768
123,156,0.00071580335
124,156,0.00097309146
125,156,0.0004399838
126,156,0.00044713356
127,156,0.00037794374
128,156,0.0006411653
129,156,0.000116247684
130,156,0.00042507797
131,156,0.0005314527
132,156,0.0007163072
133,156,0.00055610575
134,156,0.00037067942
135,156,0.00068894215
136,156,0.0008034054
137,156,
138,156,
139,156,
140,156,
141,156,
142,156,
143,156,
144,156,
145,156,0.00036435574
146,156,0.00022955239
147,156,0.00029125717
148,156,0.00051304046
149,156,0.00054658204
150,156,0.0002518166
151,156,0.0006014593
152,156,0.0006893622
153,156,0.00066657923
154,156,0.0007997602
155,156,0.0010334998
156,156,0.000593164
157,156,0.00020016637
158,156,0.00031928532
159,156,0.0007097004
160,156,0.0007752478
161,156,0.0006272681
162,156,0.00065804087
163,156,0.0010012658
164,156,0.0004254505
165,156,0.00018857233
166,156,0.00036506262
167,156,0.0009933002
168,156,0.00050544366
169,156,0.0004679337
170,156,0.00010498427
171,156,0.00043786224
172,156,0.000549824
173,156,0.00035483204
174,156,0.0006811209
175,156,0.00043372624
176,156,0.0007019574
177,156,0.0002639871
178,156,0.00065197144
179,156,0.00038003828
180,156,0.00066513475
181,156,0.00017476454
182,156,0.0006236164
183,156,0.0010712929
184,156,0.00031838473
185,156,0.00035935827
186,156,0.000266511
187,156,-0.00020419247
188,156,0.00041354448
189,156,0.00037705153
190,156,9.59076e-05
191,156,0.00026664045
192,156,0.0008531511
193,156,0.00037136115
194,156,0.000869683
195,156,0.00019233208
196,156,0.00069956295
197,156,0.0006209733
198,156,0.00052600447
199,156,0.0007341821
200,156,0.0005062418
201,156,0.00019758008
202,156,0.0002805749
203,156,0.00045496505
204,156,0.0007514516
205,156,0.00066083204
206,156,0.0008632457
207,156,0.00049346685
208,156,0.0007024659
209,156,0.0005653063
210,156,0.00030908454
211,156,0.0004355926
212,156,0.00043476187
213,156,0.00029362924
214,156,0.0004620757
215,156,0.0003120033
216,156,0.00026520155
217,156,0.000844636
218,156,0.00038356893
219,156,0.00050933193
220,156,0.0004514493
221,156,-0.00020600203
222,156,0.00092433393
223,156,0.0007632859
224,156,0.0009153262
225,156,0.00097164605
226,156,-0.00032870844
227,156,0.00012364239
228,156,0.00077299867
229,156,0.00057287887
230,156,0.00054179225
231,156,0.0005258266
232,156,6.384682e-05
233,156,0.0003761137
234,156,0.0005774116
235,156,3.678538e-05
236,156,0.0004707249
237,156,0.0004655216
238,156,0.00020612497
239,156,0.00079994835
240,156,0.0013124766
241,156,0.00091563724
242,156,0.0001077801
243,156,0.00035221968
244,156,0.0003221752
245,156,1.2638047e-06
246,156,0.00047112163
247,156,-7.5623393e-06
248,156,0.00040304475
249,156,0.00023896247
250,156,0.0006178105
251,156,0.0010285089
252,156,0.0007880507
253,156,0.00090325903
254,156,0.0008362895
255,156,0.0011736723
256,156,0.0004999535
257,156,0.00084570237
258,156,0.00067750923
259,156,0.00040891767
260,156,0.0005227756
261,156,0.00085733645
262,156,0.0007400159
263,156,0.0004739305
264,156,0.0010533277
265,156,0.00041988492
266,156,0.0010021022
267,156,0.00041286834
268,156,0.000501805
269,156,0.00033367611
270,156,0.0004706178
271,156,0.0005465783
272,156,0.0008605486
273,156,0.00045844074
274,156,0.00086665154
275,156,0.00091077015
276,156,0.00089068804
277,156,-0.0001946371
278,156,0.00056127086
279,156,0.00059329905
280,156,0.00069777854
281,156,0.0003099311
282,156,0.00073711015
283,156,0.00024037063
284,156,0.00093057286
285,156,0.0006843377
286,156,0.00070403144
287,156,0.0005967235
288,156,-0.00035601016
289,156,0.0007996857
290,156,0.00038287975
291,156,0.000258239
292,156,0.00026478432
293,156,0.00027051196
294,156,0.00078840833
295,156,0.00041494612
296,156,0.0004967619
297,156,0.00057192985
298,156,0.0004690569
299,156,0.00087939855
300,156,0.00041473843
301,156,0.000632314
302,156,0.0006612558
303,156,0.0007415088
304,156,0.00087537523
305,156,0.0007088147
306,156,0.00041703042
307,156,0.000745086
308,156,0.00067672227
309,156,0.0008796565
310,156,0.00053837337
311,156,8.9743175e-05
312,156,-1.188647e-05
313,156,0.00040335674
314,156,0.0005769646
315,156,0.0005988991
316,156,0.0006407052
317,156,0.0007384494
318,156,0.00037171505
319,156,0.00051022135
320,156,0.00047391187
321,156,0.00044373516
322,156,0.0010494478
323,156,0.0003326116
324,156,0.00068811513
325,156,0.00036435015
326,156,0.0008222079
327,156,0.00036864355
328,156,0.00040809065
329,156,0.00029895268
330,156,0.00043381937
331,156,0.0010565575
332,156,0.0004317807
333,156,0.00044402853
334,156,0.000714737
335,156,0.00035241805
336,156,0.000151027
337,156,0.0005926788
338,156,0.0007578833
339,156,0.0003198823
340,156,0.0006628521
341,156,0.0007852223
342,156,0.00053399336
343,156,0.0007699225
344,156,0.00022397004
345,156,0.00047100335
346,156,0.0007021548
347,156,0.0005562734
348,156,0.00014793314
349,156,0.00039235968
350,156,0.0006751688
351,156,0.0008767545
352,156,0.0012369733
353,156,0.0008223932
354,156,-0.00016117282
355,156,0.00026879832
356,156,0.00040297862
357,156,0.0006747106
358,156,0.0005813716
359,156,0.00039952714
360,156,0.0008586636
361,156,0.00037327595
362,156,0.00074102543
363,156,0.00062472187
364,156,0.00051815715
365,156,0.00057835877
366,156,0.00040800776
367,156,0.000360718
368,156,0.00054290984
369,156,0.0005393401
370,156,0.0007184241
371,156,0.00036882982
372,156,0.00041704532
373,156,0.00066366233
374,156,0.00025758147
375,156,9.514764e-05
376,156,0.0004770318
377,156,0.0005373787
378,156,0.000825976
379,156,0.0005482128
380,156,0.000836133
381,156,0.0006219465
382,156,-0.00018049777
383,156,0.0005747974
384,156,0.0005008746
385,156,0.0004201429
386,156,0.00026172493
387,156,0.0005552666
388,156,0.0007301774
389,156,0.0005420521
390,156,0.0006297119
391,156,0.0006329343
392,156,0.00069847796
393,156,0.000845951
394,156,0.00014858507
395,156,-2.3844652e-05
396,156,-0.00024454203
397,156,0.00031459332
398,156,0.0004532328
399,156,0.00041732006
400,156,0.00036877673
401,156,0.00027957838
402,156,0.0003937725
403,156,0.00055272784
404,156,0.00046828948
405,156,0.0008857222
406,156,0.0003300635
407,156,0.0008107368
408,156,0.0008576503
409,156,0.00067057926
410,156,0.00051777903
411,156,0.0006919503
412,156,0.00042885542
413,156,0.0010431679
414,156,0.00051663816
415,156,0.0005782433
416,156,0.00011366792
417,156,0.00053923856
418,156,0.0005073985
419,156,0.0008785017
420,156,0.0011686869
421,156,0.0010340409
422,156,0.0005074199
423,156,0.0010725595
424,156,0.00028540567
425,156,0.0006539617
426,156,0.000682408
427,156,0.00019810256
428,156,0.0005290946
429,156,0.00038831122
430,156,0.00032233074
431,156,0.0004921388
432,156,0.00030717067
433,156,0.00022867136
434,156,0.0010587107
435,156,0.0007061707
436,156,0.00038788002
437,156,0.00014343858
438,156,0.00035326928
439,156,5.5635348e-05
440,156,0.0004757438
441,156,0.00035457965
442,156,0.00052488595
443,156,0.0008026175
444,156,0.0001693517
445,156,0.00047019217
446,156,0.000387772
447,156,0.0004975898
448,156,-0.00018602423
449,156,0.00052316766
450,156,0.0005547628
451,156,-0.00011960976
452,156,0.001030894
453,156,0.0006057145
454,156,0.0003708508
455,156,0.0005310979
456,156,0.0008714339
457,156,0.00021884404
458,156,0.0005251793
459,156,0.00035448
460,156,0.00069275964
461,156,0.0002444461
462,156,0.00049431063
463,156,0.00010621641
464,156,0.001117901
465,156,0.0003076382
466,156,0.00089400914
467,156,0.00019220915
468,156,0.00058782473
469,156,0.0005141916
470,156,0.0008947598
471,156,0.00037845038
472,156,0.000911301
473,156,0.0003439812
474,156,0.00081065856
475,156,0.000622211
476,156,0.0007442748
477,156,0.0006717872
478,156,0.0005220175
479,156,0.0010252213
480,156,0.0009537935
481,156,0.00077774096
482,156,0.0005837586
483,156,0.0005306136
484,156,0.0003317548
485,156,0.00066442136
486,156,0.00042719766
487,156,0.0004097093
488,156,0.00055020954
489,156,0.00083075464
490,156,0.0006242348
491,156,0.000753209
492,156,6.708596e-05
493,156,0.00064316206
494,156,0.0006392095
0,157,0.0005642539
1,157,0.0005207928
2,157,0.00044947304
3,157,9.4045885e-05
4,157,0.00028585084
5,157,5.116686e-06
6,157,0.00048356038
7,157,0.00043230783
8,157,-7.15293e-05
9,157,0.000812782
10,157,0.00044283457
11,157,0.00092533324
12,157,
13,157,0.00054573733
14,157,-0.00011866726
15,157,0.0002585752
16,157,-4.415773e-05
17,157,
18,157,0.0009352332
19,157,
20,157,
21,157,
22,157,
23,157,
24,157,
25,157,0.0010028612
26,157,0.00026615802
27,157,0.0012000194
28,157,0.00061522145
29,157,0.000453623
30,157,0.0008819243
31,157,0.00062607694
32,157,0.0011183452
33,157,0.0010023937
34,157,0.00069343206
35,157,0.00063933525
36,157,0.00046681426
37,157,0.0009107683
38,157,0.0007047383
39,157,0.00082485564
40,157,0.0003234381
41,157,0.00042032357
42,157,0.0006969115
43,157,0.0006530406
44,157,0.00064513553
45,157,0.00096311606
46,157,0.0004108213
47,157,0.00084694196
48,157,0.000762308
49,157,0.00068973843
50,157,0.0010947417
51,157,0.00088799
52,157,0.0008893348
53,157,
54,157,0.0010803845
55,157,
56,157,
57,157,0.00081300084
58,157,0.0007121619
59,157,
60,157,
61,157,
62,157,
63,157,0.0008741049
64,157,0.000644397
65,157,0.000631297
66,157,0.00022402033
67,157,0.0006698007
68,157,-1.0948628e-05
69,157,0.0007610023
70,157,0.00063560903
71,157,0.00043372903
72,157,0.0010771006
73,157,
74,157,0.0006659692
75,157,0.00026963372
76,157,0.00054008793
77,157,0.00047720037
78,157,
79,157,
80,157,
81,157,0.0008905791
82,157,0.00041964464
83,157,0.00046901125
84,157,0.0011451412
85,157,0.0005522538
86,157,0.00034609623
87,157,0.0007480122
88,157,0.000947563
89,157,0.0013200287
90,157,0.00063165
91,157,0.0006655967
92,157,0.0005802922
93,157,0.00094554946
94,157,0.0005387468
95,157,0.0006047385
96,157,0.0005010618
97,157,0.00015140045
98,157,0.000450084
99,157,0.0010687858
100,157,0.0002426412
101,157,0.00018174201
102,157,0.00026101433
103,157,0.00044177193
104,157,0.00047417637
105,157,0.0005322937
106,157,0.00033659115
107,157,3.006868e-05
108,157,
109,157,0.00040935166
110,157,-1.0309741e-05
111,157,0.00020386465
112,157,0.00090405624
113,157,0.00048144255
114,157,0.00035230163
115,157,
116,157,
117,157,0.00089056697
118,157,0.0010041008
119,157,0.00040696282
120,157,0.0015628841
121,157,0.00043956377
122,157,0.00041677058
123,157,0.00040843245
124,157,0.00104044
125,157,0.0006765835
126,157,0.0002880115
127,157,0.00032265484
128,157,0.0006760312
129,157,0.00037185103
130,157,0.00029961485
131,157,0.00070491806
132,157,0.001126186
133,157,0.0003016414
134,157,-2.0298176e-05
135,157,-0.00031745248
136,157,0.00095040444
137,157,
138,157,
139,157,
140,157,
141,157,
142,157,
143,157,
144,157,
145,157,0.0003481079
146,157,8.63811e-05
147,157,0.0010825461
148,157,0.00048108585
149,157,0.0007543098
150,157,0.0002609454
151,157,0.0012882994
152,157,0.00060928334
153,157,0.0006632833
154,157,0.00059730466
155,157,0.0007023774
156,157,0.00013293698
157,157,0.00048402138
158,157,0.0007091472
159,157,0.0003839489
160,157,0.0004333174
161,157,0.00046781916
162,157,0.0007331455
163,157,0.00045010354
164,157,0.000497845
165,157,0.0007015737
166,157,0.00024049357
167,157,0.00057773665
168,157,0.00021542143
169,157,0.00042024348
170,157,5.676225e-05
171,157,0.0003644172
172,157,0.00020494405
173,157,0.0006503109
174,157,0.0006364314
175,157,0.00080425944
176,157,0.0005092891
177,157,0.0010334868
178,157,0.00024586264
179,157,0.00018342584
180,157,0.0004598098
181,157,0.0008774651
182,157,9.69246e-05
183,157,0.00021430477
184,157,0.0006672479
185,157,9.6629374e-05
186,157,0.00093924254
187,157,0.00042772852
188,157,0.00040399283
189,157,0.00063264
190,157,0.0006081108
191,157,0.00048788916
192,157,0.00065503083
193,157,0.00048613455
194,157,0.00055314787
195,157,6.996654e-05
196,157,0.000998239
197,157,0.00089663826
198,157,0.00055879913
199,157,0.00068280287
200,157,0.00075408164
201,157,0.00036265515
202,157,0.000509453
203,157,0.0015247427
204,157,0.00046701264
205,157,0.0006912574
206,157,0.00018377695
207,157,0.00044458825
208,157,0.0002599787
209,157,0.00036240928
210,157,0.0006399248
211,157,4.4289045e-05
212,157,0.00010159891
213,157,0.00034246314
214,157,0.00024027843
215,157,0.00056748465
216,157,0.00042326748
217,157,0.0005823029
218,157,0.0006782012
219,157,0.00086078234
220,157,0.00011967681
221,157,0.0002922397
222,157,0.0005466072
223,157,0.000755392
224,157,0.00020344369
225,157,0.00013519917
226,157,9.74508e-05
227,157,2.6095659e-05
228,157,0.00032240804
229,157,0.00077729207
230,157,0.00047616288
231,157,0.00077981036
232,157,0.0001970809
233,157,-0.00012523867
234,157,0.00052418374
235,157,0.00065813866
236,157,0.00036319532
237,157,0.0004660627
238,157,0.0008570077
239,157,0.0006570723
240,157,0.0006346572
241,157,0.0006028637
242,157,0.0007580407
243,157,0.00028421264
244,157,8.942932e-05
245,157,0.0003142003
246,157,0.00040017348
247,157,0.00061618723
248,157,0.00015308708
249,157,0.000693731
250,157,0.00053270627
251,157,0.0005763881
252,157,0.0002608616
253,157,0.0006652586
254,157,0.0008920934
255,157,0.00062572584
256,157,0.00037249178
257,157,0.0007396946
258,157,0.0012971656
259,157,0.0009145299
260,157,-4.4535846e-06
261,157,6.430596e-05
262,157,0.0001185257
263,157,0.00090583786
264,157,6.9856644e-05
265,157,0.0008436106
266,157,0.00029319245
267,157,0.0005160561
268,157,0.00015463214
269,157,0.000735309
270,157,0.0006503435
271,157,0.0004753163
272,157,1.49337575e-05
273,157,0.00050901435
274,157,0.00063311495
275,157,0.00055822264
276,157,0.0011189207
277,157,0.00024814066
278,157,0.00066222996
279,157,0.00027152058
280,157,0.00019737054
281,157,0.00026271492
282,157,0.0005602194
283,157,0.0005076565
284,157,0.00037243403
285,157,0.0005603293
286,157,9.36985e-05
287,157,0.000564456
288,157,0.0006260555
289,157,0.0004007686
290,157,0.0006821733
291,157,0.00044649094
292,157,0.00022458564
293,157,0.0002377769
294,157,0.00069841
295,157,0.00065582525
296,157,0.00045545585
297,157,0.0005263509
298,157,0.00036315154
299,157,0.00029523205
300,157,0.0010891911
301,157,0.00071464013
302,157,0.0007061623
303,157,0.00072540157
304,157,0.0005700113
305,157,2.9171817e-05
306,157,0.0008775424
307,157,0.0011232514
308,157,0.0005965447
309,157,0.0007187836
310,157,0.0007652007
311,157,0.00026961882
312,157,0.0002526762
313,157,0.0006476445
314,157,0.00015113689
315,157,0.0012288764
316,157,0.00068419706
317,157,0.0007377006
318,157,0.0005680118
319,157,0.0001879558
320,157,0.00052763335
321,157,-0.00030954462
322,157,0.0003097374
323,157,0.00022995938
324,157,0.001003189
325,157,-0.00034928787
326,157,9.106845e-05
327,157,9.703543e-05
328,157,0.00075734407
329,157,0.00046137348
330,157,0.0007086294
331,157,0.00043008476
332,157,3.567245e-05
333,157,0.00040555093
334,157,0.00041573215
335,157,0.0005800063
336,157,0.0010309685
337,157,0.0007653283
338,157,-2.08579e-05
339,157,0.000377886
340,157,0.00059156306
341,157,0.00053236075
342,157,7.682666e-05
343,157,0.00021506846
344,157,0.0009691855
345,157,0.0006323252
346,157,0.0003251331
347,157,0.00060922373
348,157,0.0004685279
349,157,0.0003579408
350,157,-3.290642e-05
351,157,0.0002840506
352,157,0.00034249015
353,157,0.0006472077
354,157,9.91961e-05
355,157,-8.830801e-05
356,157,0.00024248194
357,157,0.00014688075
358,157,0.00019728579
359,157,0.0010725232
360,157,0.00035495684
361,157,0.0005865423
362,157,0.0004235506
363,157,0.0007300256
364,157,0.00055799447
365,157,0.00044763088
366,157,0.0005902508
367,157,0.0006589629
368,157,0.0007134583
369,157,0.00081731565
370,157,0.00030944217
371,157,0.00017880555
372,157,0.00035970844
373,157,0.0008246228
374,157,0.00077059027
375,157,0.0003121635
376,157,0.00041484833
377,157,0.0006465642
378,157,0.00073367544
379,157,0.0007992182
380,157,0.0009261565
381,157,0.00035315007
382,157,0.00049279165
383,157,0.0004803529
384,157,0.0002384223
385,157,9.708479e-05
386,157,0.0005230354
387,157,-5.305372e-05
388,157,0.0005237153
389,157,0.00016081799
390,157,0.000470493
391,157,0.00029670447
392,157,0.00023074355
393,157,0.00037609506
394,157,0.0005115578
395,157,0.0004243115
396,157,0.00041482877
397,157,0.0003849622
398,157,0.00064941496
399,157,0.00063880533
400,157,-0.00021831412
401,157,0.00055139326
402,157,0.0005686311
403,157,0.0004571285
404,157,-0.00016881153
405,157,0.0004505124
406,157,-0.000190733
407,157,0.0003001038
408,157,0.00077292696
409,157,0.00013972912
410,157,0.00104718
411,157,0.0007477887
412,157,0.00056449696
413,157,0.0006193863
414,157,0.00015657954
415,157,0.00084161665
416,157,0.00039281975
417,157,0.0004037628
418,157,0.00018395483
419,157,0.00015964732
420,157,0.00019005034
421,157,0.00041548815
422,157,0.0006067464
423,157,0.0006688116
424,157,0.0004312275
425,157,0.0005291384
426,157,0.00059274584
427,157,0.0006152205
428,157,0.00032636058
429,157,0.00018409081
430,157,0.00060063135
431,157,0.00084080826
432,157,0.00044570677
433,157,0.00044432376
434,157,0.00020141806
435,157,0.00051098224
436,157,0.0006562965
437,157,0.00022495817
438,157,0.0006363904
439,157,0.00037952792
440,157,0.00019926392
441,157,6.77919e-05
442,157,0.00075514056
443,157,0.0005608937
444,157,0.00093140546
445,157,-1.133047e-05
446,157,-0.00026128348
447,157,-0.0001454195
448,157,5.9416518e-05
449,157,0.0006683031
450,157,0.00053897593
451,157,0.0007206369
452,157,0.0005373983
453,157,8.771848e-05
454,157,0.0001593018
455,157,0.0005224105
456,157,-5.9335493e-05
457,157,0.0006744573
458,157,0.0003717877
459,157,0.0007619783
460,157,0.0006472748
461,157,0.00028319564
462,157,0.0005847793
463,157,0.00055667385
464,157,0.0002521677
465,157,0.0007302314
466,157,0.00030897
467,157,5.0880015e-05
468,157,0.000106932595
469,157,0.00055008475
470,157,0.00060979184
471,157,0.00032169186
472,157,0.0006352635
473,157,0.00087051466
474,157,0.0010439651
475,157,0.0006882837
476,157,0.00047620945
477,157,0.00074219704
478,157,0.00066231284
479,157,0.00048620254
480,157,0.0008919239
481,157,0.00044252444
482,157,0.00066948216
483,157,-0.00029624254
484,157,0.00045422185
485,157,0.0008008769
486,157,0.0007440513
487,157,0.00096529536
488,157,0.00063106697
489,157,0.0005588811
490,157,0.00058068614
491,157,0.00031616632
492,157,0.0010539927
493,157,0.0004198961
494,157,0.0004356131
0,158,0.00021042954
1,158,0.00015971716
2,158,0.0006923368
3,158,0.00049167126
4,158,0.0010706196
5,158,0.00059741456
6,158,0.0006081732
7,158,0.0007096762
8,158,0.00024740957
9,158,0.00026872195
10,158,9.489246e-05
11,158,0.0007483857
12,158,0.0009916266
13,158,0.0007285597
14,158,0.0006006984
15,158,0.0006878404
16,158,0.00021899026
17,158,0.001094494
18,158,0.00087185204
19,158,
20,158,
21,158,
22,158,0.0010954235
23,158,0.0009990185
24,158,
25,158,
26,158,
27,158,
28,158,0.00034775678
29,158,0.00023804232
30,158,0.0006563291
31,158,0.00087385625
32,158,0.00019565225
33,158,0.0005091708
34,158,0.00035501923
35,158,0.0006691478
36,158,0.0007475745
37,158,0.0013552392
38,158,0.001495312
39,158,0.0007878635
40,158,0.0012251977
41,158,0.0005283812
42,158,0.00076191034
43,158,0.0012374194
44,158,0.00057801045
45,158,0.00035723858
46,158,0.00063661207
47,158,0.00067943893
48,158,0.00061414577
49,158,0.00044503156
50,158,0.0012089908
51,158,0.000606074
52,158,0.00044098403
53,158,0.00033510197
54,158,0.00070938375
55,158,
56,158,
57,158,
58,158,
59,158,
60,158,
61,158,
62,158,0.0006529903
63,158,-6.174017e-05
64,158,
65,158,0.0007200185
66,158,0.0007082559
67,158,0.00088338926
68,158,0.00083478075
69,158,0.0005544983
70,158,0.000336661
71,158,0.000998823
72,158,0.0008118097
73,158,0.0004085321
74,158,
75,158,0.0009590462
76,158,0.00019726623
77,158,0.0007248288
78,158,
79,158,
80,158,
81,158,
82,158,0.00029804744
83,158,0.0009412421
84,158,0.00071227364
85,158,0.0008634385
86,158,0.0008664699
87,158,0.0007697223
88,158,0.00032595266
89,158,0.00050310045
90,158,0.0006060973
91,158,0.0007428322
92,158,0.0005199108
93,158,0.00096362364
94,158,0.00043344405
95,158,0.0005142642
96,158,0.0007257499
97,158,0.00013707299
98,158,0.000697447
99,158,0.00021687895
100,158,0.00082181115
101,158,0.0003992468
102,158,0.00011760555
103,158,0.00032854825
104,158,0.0008690683
105,158,0.00038407464
106,158,0.0002571512
107,158,0.00034508388
108,158,0.0005940711
109,158,0.00052270666
110,158,0.00057538226
111,158,
112,158,0.00047201756
113,158,0.00021362305
114,158,0.0008725114
115,158,
116,158,
117,158,0.0007069288
118,158,0.0012549143
119,158,0.0002970621
120,158,0.0008287141
121,158,-1.4732592e-05
122,158,0.000307885
123,158,0.00060547516
124,158,0.00059720594
125,158,3.171619e-05
126,158,0.0004387442
127,158,0.00023098942
128,158,0.0012437338
129,158,0.0009564897
130,158,0.000107094646
131,158,0.0005898224
132,158,0.00041191746
133,158,0.00063299574
134,158,0.00051261205
135,158,0.000628327
136,158,0.00018793438
137,158,0.0004756339
138,158,
139,158,
140,158,
141,158,
142,158,
143,158,
144,158,
145,158,
146,158,0.00029063225
147,158,0.0005861707
148,158,0.0009713415
149,158,0.00012422819
150,158,0.00034432113
151,158,0.0003969632
152,158,0.000981614
153,158,0.0010739118
154,158,0.0003735032
155,158,0.0005960418
156,158,0.00067571085
157,158,0.00037347898
158,158,0.0005740393
159,158,0.00045165978
160,158,0.000868286
161,158,0.00034454465
162,158,0.0008165119
163,158,0.0011490108
164,158,0.00082119834
165,158,0.0006596483
166,158,0.0007931432
167,158,0.00050085597
168,158,0.00064473506
169,158,0.0008295048
170,158,0.00052875467
171,158,0.0007971516
172,158,0.00036089495
173,158,0.0006628195
174,158,0.0004205713
175,158,0.0003147535
176,158,0.0007778341
177,158,0.0010175146
178,158,6.3259155e-05
179,158,0.00042419508
180,158,0.00078592263
181,158,0.00022945553
182,158,0.0002676379
183,158,0.00021325797
184,158,-6.184541e-05
185,158,8.6216256e-05
186,158,0.0010514641
187,158,0.00021139532
188,158,0.00017360132
189,158,0.00044490583
190,158,0.0007582363
191,158,0.0004922943
192,158,0.0005435981
193,158,0.0013573077
194,158,0.000730603
195,158,0.000737546
196,158,0.0006683674
197,158,0.00062663853
198,158,0.00045406353
199,158,0.00063301716
200,158,0.0009710407
201,158,0.00046054367
202,158,0.0006822534
203,158,0.0005159071
204,158,0.0010389835
205,158,0.00079020206
206,158,0.0009169113
207,158,0.0005673943
208,158,0.00075786095
209,158,0.0007893294
210,158,0.00068519544
211,158,5.9936196e-05
212,158,0.00059461035
213,158,0.00047387555
214,158,0.00065847486
215,158,8.273125e-05
216,158,0.0006335629
217,158,0.00020637177
218,158,0.00093466975
219,158,0.0002700705
220,158,0.0003423905
221,158,0.0006066933
222,158,0.00081185903
223,158,0.00080260634
224,158,0.00029885024
225,158,0.00067030825
226,158,0.00046688318
227,158,-9.514205e-05
228,158,1.6493723e-05
229,158,-0.00010736473
230,158,0.00072122365
231,158,0.0006242469
232,158,0.00068624876
233,158,0.00082484446
234,158,0.00045084767
235,158,0.00078172795
236,158,0.00012642983
237,158,0.00028763525
238,158,0.0005823141
239,158,0.00019547436
240,158,0.00081637036
241,158,0.00040320307
242,158,0.0004335437
243,158,0.000649143
244,158,0.00014331657
245,158,0.0005976949
246,158,0.00085505005
247,158,0.0006227279
248,158,0.0010370836
249,158,0.0010188203
250,158,0.00047346018
251,158,0.0002439022
252,158,0.00061433483
253,158,0.000437445
254,158,0.00057817716
255,158,0.00010271184
256,158,0.0003713956
257,158,0.00071068015
258,158,-1.1593103e-05
259,158,0.0009017298
260,158,0.0009773718
261,158,0.00014271494
262,158,0.0003398275
263,158,0.00073394086
264,158,0.0007947888
265,158,
266,158,0.0007682629
267,158,0.00042454805
268,158,
269,158,0.0007872321
270,158,0.0011372119
271,158,0.00068523735
272,158,0.00028335396
273,158,-9.225495e-05
274,158,0.00040906202
275,158,0.000728691
276,158,0.0008181818
277,158,0.0004821457
278,158,5.4018572e-05
279,158,0.0004773857
280,158,0.00034719892
281,158,0.00057754014
282,158,0.0004543541
283,158,0.00060184393
284,158,0.0005723927
285,158,0.0002747085
286,158,0.00073052756
287,158,0.00041783787
288,158,0.0003567962
289,158,0.0005078241
290,158,0.00038905535
291,158,2.3958273e-05
292,158,0.00056753866
293,158,0.0012308843
294,158,0.0008813217
295,158,0.00050971936
296,158,0.0006692661
297,158,0.00021093898
298,158,0.000272776
299,158,0.0006878115
300,158,0.00040146057
301,158,0.0006009694
302,158,0.0008668918
303,158,0.0007242616
304,158,0.0001504505
305,158,0.00064831413
306,158,0.0005997773
307,158,0.0009285752
308,158,0.0003021583
309,158,0.0006735446
310,158,0.0003846353
311,158,0.0007170532
312,158,0.00070811994
313,158,0.0003489405
314,158,0.0005518701
315,158,0.00079033244
316,158,0.0009649852
317,158,0.00050245505
318,158,-0.00024376437
319,158,0.00043893233
320,158,0.0005173553
321,158,0.0003298521
322,158,0.0009853756
323,158,0.0005542245
324,158,0.0007733237
325,158,0.00060370006
326,158,0.00069015473
327,158,0.0006558029
328,158,0.0008115247
329,158,0.0005215481
330,158,0.0008468842
331,158,0.00029275566
332,158,0.00032461528
333,158,0.00054241344
334,158,0.0005994914
335,158,0.00074318517
336,158,0.00093978364
337,158,0.0003786534
338,158,0.0002576625
339,158,0.00026143622
340,158,0.0007706862
341,158,0.000345245
342,158,0.0004954422
343,158,0.0005475776
344,158,0.0004579369
345,158,0.0011482537
346,158,0.0005904827
347,158,-6.48424e-05
348,158,0.00067065004
349,158,0.00072469003
350,158,0.00082031917
351,158,0.00023984164
352,158,0.00058628246
353,158,0.00063402764
354,158,0.00079602096
355,158,0.0007872274
356,158,0.0005810857
357,158,0.00043073203
358,158,0.00054198876
359,158,-3.4556724e-05
360,158,0.0005175872
361,158,-9.270199e-05
362,158,0.00057474244
363,158,0.0005475562
364,158,0.0007315567
365,158,0.0008421298
366,158,0.0004527541
367,158,0.0006102845
368,158,0.0004971335
369,158,0.0008957023
370,158,0.000947251
371,158,0.0005078707
372,158,0.0005478868
373,158,0.00043160003
374,158,0.00045314897
375,158,0.0006106626
376,158,0.0008844007
377,158,0.0005151471
378,158,0.001106008
379,158,0.00028617494
380,158,0.0008242177
381,158,0.0004289765
382,158,0.000753941
383,158,0.0006234115
384,158,0.00020770356
385,158,0.0007748613
386,158,0.0007358836
387,158,0.0004182905
388,158,0.0005819183
389,158,0.00034239702
390,158,0.00015443284
391,158,0.0009165667
392,158,0.00031884667
393,158,0.00035120267
394,158,0.00035429746
395,158,0.0004801182
396,158,0.0008896524
397,158,0.00029915292
398,158,0.0005948432
399,158,-0.00010159612
400,158,0.0006742934
401,158,5.3653494e-05
402,158,0.00020613428
403,158,-2.332218e-05
404,158,0.000481477
405,158,0.0006655641
406,158,0.0008656606
407,158,0.00041059218
408,158,0.00038403273
409,158,0.00063324533
410,158,0.0002796622
411,158,0.0014210586
412,158,-4.109647e-05
413,158,0.00058714487
414,158,0.0006130701
415,158,0.00058045797
416,158,0.00071922876
417,158,0.00028605107
418,158,0.0001988858
419,158,0.0010218769
420,158,0.00035612844
421,158,0.0002750978
422,158,0.0001807427
423,158,0.00056893844
424,158,-1.1579134e-05
425,158,0.00036142487
426,158,0.000547762
427,158,0.00072782487
428,158,0.0007547615
429,158,-6.471947e-05
430,158,0.0003097076
431,158,0.0003329506
432,158,0.000587401
433,158,0.00050220825
434,158,0.0002897922
435,158,0.00053168647
436,158,0.00021686219
437,158,0.00037580542
438,158,0.00059710536
439,158,0.00020038057
440,158,0.0001275232
441,158,0.0007380545
442,158,0.00022328645
443,158,0.00020551216
444,158,9.163469e-05
445,158,0.00011942256
446,158,0.0005157497
447,158,5.2236952e-05
448,158,0.0006086929
449,158,-0.0002126079
450,158,0.00075124763
451,158,0.0006281426
452,158,0.0006687585
453,158,0.00081352144
454,158,0.0004480062
455,158,0.0003261678
456,158,0.00049605407
457,158,0.00054910965
458,158,0.00048546307
459,158,0.0005585514
460,158,0.00076925755
461,158,0.001077286
462,158,0.0004225457
463,158,0.00071816053
464,158,0.000726114
465,158,0.00037502963
466,158,0.0010363637
467,158,0.00047448836
468,158,-7.471256e-05
469,158,0.0014283294
470,158,0.0003374964
471,158,0.0007021753
472,158,-6.668735e-05
473,158,0.00071667414
474,158,0.00042170752
475,158,0.00027026515
476,158,0.00041998737
477,158,0.00022266991
478,158,0.0004922906
479,158,0.00058413856
480,158,0.0007452443
481,158,0.00044828188
482,158,0.00066756643
483,158,0.0007900689
484,158,0.0005613519
485,158,0.0006817579
486,158,0.0004528258
487,158,0.00066212844
488,158,0.00097072683
489,158,0.0006790776
490,158,0.00065894146
491,158,0.0002870001
492,158,0.0003991956
493,158,0.00070686266
494,158,0.0005218573
0,159,0.0002693981
1,159,0.0007866798
2,159,0.0006632805
3,159,0.00077342987
4,159,0.0010801088
5,159,0.00067392737
6,159,0.0004024133
7,159,0.0003881734
8,159,0.0004765261
9,159,9.4383955e-05
10,159,0.0003738124
11,159,0.0007642126
12,159,0.0005382402
13,159,
14,159,0.00019360147
15,159,0.0004902743
16,159,0.00017692614
17,159,0.0007063849
18,159,0.00042016618
19,159,
20,159,
21,159,
22,159,
23,159,
24,159,
25,159,
26,159,
27,159,0.00040547363
28,159,0.0005749101
29,159,0.00033558533
30,159,0.00017555617
31,159,0.000406391
32,159,0.00037056394
33,159,0.0002874341
34,159,0.0003568586
35,159,0.0012531346
36,159,0.00068777427
37,159,0.0014942903
38,159,0.0013036598
39,159,0.00047821924
40,159,0.000984625
41,159,0.00097275805
42,159,0.0005052509
43,159,0.0011123326
44,159,0.0010052221
45,159,0.00024772994
46,159,0.0006347699
47,159,0.0009715073
48,159,0.0010208935
49,159,0.0006775949
50,159,0.00047556404
51,159,2.1909364e-05
52,159,0.000585923
53,159,
54,159,
55,159,
56,159,
57,159,
58,159,
59,159,
60,159,0.00064917747
61,159,
62,159,
63,159,
64,159,
65,159,9.385683e-05
66,159,0.00037624966
67,159,0.0005771341
68,159,0.00039388798
69,159,0.00077070016
70,159,0.00058681704
71,159,0.00039163698
72,159,0.001064131
73,159,0.0005682744
74,159,
75,159,0.00027872622
76,159,0.00064014643
77,159,0.0006556837
78,159,
79,159,
80,159,
81,159,
82,159,0.00059479754
83,159,0.00015811343
84,159,0.00086255744
85,159,0.00041892938
86,159,0.00084994826
87,159,0.00066728797
88,159,0.00045436155
89,159,0.0010927357
90,159,0.00097225513
91,159,0.0008907728
92,159,0.0008238703
93,159,0.0006896779
94,159,0.00051651616
95,159,0.00072518643
96,159,0.0013497937
97,159,0.00080003124
98,159,0.0006599063
99,159,0.00087076053
100,159,0.00034710206
101,159,0.00037519354
102,159,0.00034024287
103,159,0.0007064827
104,159,0.00027677137
105,159,0.0005902862
106,159,0.00061634276
107,159,0.0004925197
108,159,0.0007496793
109,159,2.3346394e-05
110,159,0.00054654945
111,159,-8.136034e-06
112,159,
113,159,0.0007316442
114,159,0.0010635192
115,159,
116,159,
117,159,
118,159,
119,159,
120,159,0.0007165689
121,159,0.00017715618
122,159,0.000879148
123,159,0.00017622579
124,159,0.0006615631
125,159,0.0005333703
126,159,0.00052868016
127,159,0.00048202462
128,159,0.0008674087
129,159,0.0009785844
130,159,0.00019256584
131,159,0.00018624496
132,159,0.0006173076
133,159,0.000612637
134,159,0.000593001
135,159,0.0001380695
136,159,0.00096515566
137,159,0.0013245065
138,159,
139,159,
140,159,
141,159,
142,159,
143,159,
144,159,
145,159,
146,159,0.0006150035
147,159,0.0004031947
148,159,-6.6716224e-05
149,159,0.00083165616
150,159,0.0004076846
151,159,0.0008107824
152,159,0.0006587943
153,159,0.00064936467
154,159,0.0006345399
155,159,0.0008996837
156,159,0.00070912484
157,159,0.00082146283
158,159,0.0002981359
159,159,0.00018934626
160,159,0.0009784764
161,159,0.0012505492
162,159,0.00032805
163,159,0.00092630833
164,159,0.0010758704
165,159,0.00056311116
166,159,0.00047287438
167,159,0.00074495655
168,159,0.00056321174
169,159,0.00024518557
170,159,0.0003760839
171,159,0.00086053275
172,159,0.00027804635
173,159,0.0007235026
174,159,0.000820389
175,159,0.0006850064
176,159,0.00079159904
177,159,7.636193e-05
178,159,0.00015095528
179,159,0.00033373013
180,159,0.00038687885
181,159,-4.327856e-05
182,159,0.00031864177
183,159,0.00049232226
184,159,0.0007260777
185,159,0.00039663166
186,159,0.0005558226
187,159,0.0004300056
188,159,0.00051968824
189,159,0.00089004356
190,159,0.0008459557
191,159,0.00084356684
192,159,0.0014550835
193,159,0.00056482945
194,159,0.0006711865
195,159,0.00080246944
196,159,0.0011669341
197,159,0.0009954246
198,159,0.0010538511
199,159,0.00035697874
200,159,0.0006229915
201,159,0.000339468
202,159,0.0006349534
203,159,0.0010453574
204,159,0.0008783918
205,159,0.00093214586
206,159,0.00014305767
207,159,
208,159,
209,159,
210,159,
211,159,9.978004e-05
212,159,0.0002748361
213,159,0.00015148334
214,159,0.0006114589
215,159,0.0009270767
216,159,0.0008162372
217,159,0.0005285563
218,159,-0.00047547184
219,159,0.000412751
220,159,0.0005343724
221,159,0.0002130242
222,159,0.00043969043
223,159,0.00025029108
224,159,0.00066289306
225,159,0.000507148
226,159,0.00023268536
227,159,0.0008542761
228,159,0.00057597086
229,159,0.0006853081
230,159,9.705406e-05
231,159,0.0005981298
232,159,0.0006769886
233,159,0.00094908196
234,159,0.0005186917
235,159,0.00066460203
236,159,0.0002351813
237,159,0.0008521434
238,159,0.000348798
239,159,0.0006172396
240,159,0.00097210053
241,159,0.00040729158
242,159,0.00037341192
243,159,0.0008297749
244,159,0.0009289691
245,159,0.00093948934
246,159,0.00048251636
247,159,0.0007750094
248,159,0.00028825738
249,159,0.000810381
250,159,0.0006368067
251,159,0.00060793664
252,159,0.00028162822
253,159,0.0006604558
254,159,0.00080809
255,159,0.0007006405
256,159,0.0007708436
257,159,0.00034932606
258,159,0.000883705
259,159,0.0011841385
260,159,0.0005526282
261,159,0.00014957227
262,159,0.00063592475
263,159,0.0006530052
264,159,0.0007968517
265,159,0.00016740523
266,159,0.00071542617
267,159,0.00024046563
268,159,0.000643366
269,159,
270,159,
271,159,
272,159,0.0007578926
273,159,0.00033142325
274,159,0.0009036381
275,159,0.00020373054
276,159,0.0008388283
277,159,4.1733496e-05
278,159,0.00040503498
279,159,0.0006448068
280,159,0.00051618274
281,159,0.00034595747
282,159,0.000617424
283,159,6.701145e-05
284,159,0.0009059971
285,159,0.0007958608
286,159,0.00044971984
287,159,0.0004399335
288,159,0.0001719268
289,159,0.00037098676
290,159,0.00022763666
291,159,0.0009792047
292,159,0.00069240574
293,159,0.0003828965
294,159,2.3880973e-05
295,159,0.0004800465
296,159,0.0007993663
297,159,0.0005429955
298,159,0.00058923475
299,159,-2.413895e-05
300,159,0.0008813031
301,159,0.00037475955
302,159,0.0005403627
303,159,0.00060195476
304,159,0.00080491044
305,159,0.0011310102
306,159,0.0007254062
307,159,0.0004960019
308,159,0.0001264289
309,159,0.00074920896
310,159,0.000797621
311,159,0.0011180528
312,159,0.000602358
313,159,0.0007817
314,159,0.00046231505
315,159,0.0004885765
316,159,0.00042047538
317,159,0.0005324129
318,159,0.00021906197
319,159,-4.2162836e-05
320,159,-0.00014352519
321,159,0.0005803667
322,159,0.00010317564
323,159,0.00038440805
324,159,0.0005743876
325,159,0.0012578592
326,159,0.00072379503
327,159,0.0009917803
328,159,0.00070675556
329,159,0.00020230748
330,159,0.0004823953
331,159,0.00055995304
332,159,0.0009888392
333,159,0.00024392735
334,159,0.00016599987
335,159,0.0006973669
336,159,0.00043922476
337,159,0.0006731376
338,159,0.0009933291
339,159,0.0008391561
340,159,0.0010836851
341,159,0.0003625974
342,159,0.0012114765
343,159,0.0002963394
344,159,0.00048107468
345,159,0.0006382661
346,159,0.0005841451
347,159,0.00077129435
348,159,0.00038979296
349,159,0.0002675373
350,159,0.00045179855
351,159,0.00075322017
352,159,0.00069371145
353,159,0.00079213455
354,159,0.0004558526
355,159,0.0010221871
356,159,0.0006627813
357,159,0.00045866426
358,159,0.0006287936
359,159,0.00061488245
360,159,0.00057768915
361,159,0.00044272933
362,159,0.00080845226
363,159,0.0007384755
364,159,0.0004589241
365,159,0.0001351051
366,159,0.0005005449
367,159,0.0007729586
368,159,0.000630755
369,159,0.0006333804
370,159,0.0009802179
371,159,0.00044968352
372,159,0.0009658672
373,159,0.00058276765
374,159,0.00038977526
375,159,0.0004603425
376,159,0.00080884807
377,159,0.0006977068
378,159,0.00066799484
379,159,0.00044917036
380,159,0.0007186588
381,159,0.0004930068
382,159,0.00066891685
383,159,0.0009399755
384,159,0.000684279
385,159,0.00094188843
386,159,0.00062525645
387,159,0.00048379228
388,159,0.00013638847
389,159,0.00017941464
390,159,0.0007959176
391,159,0.00044718757
392,159,0.0006989641
393,159,0.00012689922
394,159,0.00047873054
395,159,0.00035443716
396,159,0.00050842203
397,159,0.000724433
398,159,-0.00027540512
399,159,0.00014346838
400,159,0.00025467575
401,159,0.00023297779
402,159,0.00063781627
403,159,0.00078122504
404,159,0.0007163612
405,159,0.0007724259
406,159,0.000250604
407,159,0.00032440573
408,159,0.00044870283
409,159,0.00019260775
410,159,0.0007203268
411,159,0.0004195962
412,159,0.0009094216
413,159,9.606406e-05
414,159,0.0008320734
415,159,0.00060969405
416,159,0.00035992824
417,159,0.00037438516
418,159,0.0004661437
419,159,0.0002896972
420,159,0.00040447153
421,159,0.0005016411
422,159,0.00046123937
423,159,0.0003716098
424,159,0.00048122648
425,159,2.051238e-05
426,159,0.00058489107
427,159,-8.188188e-06
428,159,-8.1343576e-05
429,159,0.00044502132
430,159,0.00031088572
431,159,8.046627e-06
432,159,0.00013931189
433,159,0.0002254406
434,159,0.000521251
435,159,0.0008323807
436,159,0.000620842
437,159,0.00057708006
438,159,0.0002652984
439,159,0.00069250166
440,159,0.00021414086
441,159,0.00052615907
442,159,0.0002541449
443,159,0.00022537261
444,159,-3.532227e-05
445,159,0.00022188853
446,159,0.00042934064
447,159,0.0005500419
448,159,0.0005530957
449,159,0.00043648202
450,159,0.00023436733
451,159,0.00034405012
452,159,0.00073820166
453,159,0.0007408317
454,159,0.00016974378
455,159,0.0006650444
456,159,0.00058611203
457,159,0.0003271941
458,159,0.00034245197
459,159,0.0005385652
460,159,0.00016549788
461,159,0.00055944733
462,159,0.0008121263
463,159,0.00088623445
464,159,0.0007580258
465,159,0.0006387271
466,159,0.00027892087
467,159,0.00022238865
468,159,0.0005430393
469,159,9.917468e-05
470,159,0.00031840336
471,159,0.00036238506
472,159,0.0001794612
473,159,-0.00027270522
474,159,0.00029958133
475,159,0.00016548671
476,159,0.0005720295
477,159,0.0005445173
478,159,0.00035746582
479,159,0.00049322005
480,159,0.00025100727
481,159,0.0006026821
482,159,0.00016746763
483,159,0.0004891809
484,159,0.000107700005
485,159,0.00078506954
486,159,0.00070951134
487,159,0.0011206018
488,159,0.0003368128
489,159,0.00033394154
490,159,0.0004846407
491,159,0.0009818217
492,159,0.00014425255
493,159,0.0005077794
494,159,0.00061935745
0,160,0.0006848052
1,160,0.00045830198
2,160,0.00039894134
3,160,0.00081846863
4,160,0.00094746146
5,160,0.00041174144
6,160,9.9312514e-05
7,160,0.00035554077
8,160,0.0007336866
9,160,0.0005780617
10,160,0.0007209787
11,160,0.00070868153
12,160,0.00040738191
13,160,
14,160,-7.355679e-05
15,160,0.0008758716
16,160,0.00038417336
17,160,0.00015385728
18,160,0.00057188794
19,160,-0.00060926005
20,160,
21,160,
22,160,
23,160,
24,160,
25,160,0.0010877848
26,160,
27,160,
28,160,
29,160,0.0008814605
30,160,0.0006473074
31,160,0.0006920537
32,160,0.0010822918
33,160,0.0005777674
34,160,0.00046536326
35,160,0.00050283317
36,160,0.000989126
37,160,0.0013377182
38,160,0.00034867413
39,160,0.0010889089
40,160,0.00028209854
41,160,0.0009908155
42,160,0.0007448578
43,160,0.0009774799
44,160,0.00053142663
45,160,0.0001971256
46,160,0.0008332804
47,160,0.00053945556
48,160,0.0005158065
49,160,0.00057151914
50,160,0.0005505532
51,160,0.0007739756
52,160,0.0009259051
53,160,0.0004543364
54,160,0.00039184373
55,160,
56,160,
57,160,
58,160,
59,160,
60,160,
61,160,
62,160,
63,160,
64,160,
65,160,0.0011863122
66,160,0.00063083787
67,160,0.00064322166
68,160,7.04173e-05
69,160,0.0009811716
70,160,0.0010493724
71,160,0.0012501711
72,160,0.00096471794
73,160,
74,160,
75,160,0.00020900648
76,160,0.00096939877
77,160,4.4554472e-05
78,160,
79,160,
80,160,
81,160,
82,160,0.00028434768
83,160,-3.734138e-05
84,160,0.00077261124
85,160,0.00072233006
86,160,0.0010112124
87,160,-0.00035116076
88,160,0.0007747961
89,160,0.00082736183
90,160,0.00078523625
91,160,0.00037734676
92,160,0.00050234236
93,160,0.00063751265
94,160,0.0004311055
95,160,0.00061516464
96,160,0.0009676274
97,160,0.0010143733
98,160,0.00068887044
99,160,0.00019585434
100,160,0.0004153801
101,160,0.00039397553
102,160,0.00067241304
103,160,0.00012705941
104,160,0.00046479702
105,160,0.0007383907
106,160,0.0005224794
107,160,0.00063188
108,160,
109,160,0.0003512362
110,160,0.00085486844
111,160,0.00050025154
112,160,
113,160,
114,160,
115,160,
116,160,
117,160,
118,160,
119,160,
120,160,0.0008095214
121,160,0.00079402793
122,160,0.00033261627
123,160,0.00022817776
124,160,0.00086280704
125,160,0.0007163454
126,160,0.0005309023
127,160,0.0008418346
128,160,0.00092804525
129,160,0.0003955178
130,160,0.00010419078
131,160,0.0006372575
132,160,0.0003176676
133,160,0.00016798079
134,160,0.000445717
135,160,0.0009714877
136,160,-3.1727366e-05
137,160,0.00085608475
138,160,
139,160,
140,160,
141,160,
142,160,
143,160,
144,160,
145,160,
146,160,
147,160,0.00055841915
148,160,0.0007072417
149,160,0.0011216709
150,160,0.0004949756
151,160,0.0005627088
152,160,0.0004817592
153,160,0.000636518
154,160,0.00034211949
155,160,0.0009980686
156,160,0.0010740729
157,160,0.0010035848
158,160,0.0005442742
159,160,0.0006353222
160,160,0.00033206027
161,160,0.0011675376
162,160,0.00077880267
163,160,0.0008205734
164,160,0.00068571884
165,160,0.00061481167
166,160,0.00076084957
167,160,0.00029919855
168,160,0.0011559306
169,160,0.0009807069
170,160,0.0003464995
171,160,0.0006250609
172,160,0.00023902208
173,160,0.0008577984
174,160,0.0008920338
175,160,0.0003730515
176,160,0.00075608864
177,160,0.00027011055
178,160,0.000698572
179,160,0.00016182661
180,160,0.0008315183
181,160,0.0005398849
182,160,0.00082969014
183,160,7.59922e-05
184,160,0.00034583732
185,160,0.00012447964
186,160,0.00091555435
187,160,5.7391822e-05
188,160,0.00036753993
189,160,
190,160,0.0011620801
191,160,0.0012973072
192,160,0.0009151334
193,160,0.000957069
194,160,0.0005476279
195,160,0.00092298165
196,160,0.00067774113
197,160,0.0009963457
198,160,0.0009429911
199,160,0.0011350773
200,160,0.0006716363
201,160,0.00030945614
202,160,0.0005134288
203,160,0.00052966084
204,160,0.00063724257
205,160,0.00075242016
206,160,0.0006080298
207,160,0.0007888302
208,160,
209,160,
210,160,
211,160,
212,160,0.00037309248
213,160,0.00030959398
214,160,0.00043708272
215,160,0.00046621822
216,160,0.00062272605
217,160,0.00025304127
218,160,0.00030384958
219,160,0.00090182107
220,160,0.00011103321
221,160,0.0007135933
222,160,1.800526e-05
223,160,0.00044409744
224,160,0.00028587691
225,160,0.00042307936
226,160,0.0002486389
227,160,0.00016143639
228,160,0.0005223872
229,160,0.0005820114
230,160,0.0004041195
231,160,0.0003144117
232,160,0.0007810518
233,160,0.00016211811
234,160,0.00033067167
235,160,-3.810879e-05
236,160,0.0004014615
237,160,0.0007768376
238,160,0.00035063364
239,160,0.00095132366
240,160,0.0003981851
241,160,0.0004020566
242,160,0.0004780274
243,160,0.0006281296
244,160,0.0006630318
245,160,0.0006622486
246,160,0.0010588448
247,160,0.0005776966
248,160,0.0008724965
249,160,0.0001292238
250,160,0.0004909551
251,160,0.0005138656
252,160,0.0007770015
253,160,0.0007071588
254,160,0.0009767674
255,160,0.0005477611
256,160,0.00010041427
257,160,0.00067255273
258,160,-0.00042813458
259,160,0.0002086563
260,160,0.0003775796
261,160,0.00082015153
262,160,0.00044443365
263,160,0.00012722984
264,160,0.00057411194
265,160,0.001068173
266,160,-0.0004968047
267,160,0.00010105129
268,160,0.00032250118
269,160,0.00021843519
270,160,
271,160,
272,160,
273,160,0.00021159649
274,160,0.001023097
275,160,0.0004138248
276,160,0.00034657866
277,160,0.00029767305
278,160,-2.2267923e-06
279,160,0.000712499
280,160,0.00026656128
281,160,0.0004049074
282,160,0.0003647143
283,160,0.00034898613
284,160,0.0007096864
285,160,0.00049035996
286,160,0.00064246356
287,160,0.00060855225
288,160,0.00058448967
289,160,0.0005386863
290,160,0.0010442045
291,160,0.00056561176
292,160,0.00051395036
293,160,-5.5240467e-05
294,160,0.0004808968
295,160,0.0008423915
296,160,2.3353845e-05
297,160,0.00036577228
298,160,-4.876405e-05
299,160,0.00030866638
300,160,0.00029009208
301,160,0.0010625357
302,160,0.00018589292
303,160,0.00037442986
304,160,0.0005065575
305,160,0.00096506625
306,160,-0.00017077755
307,160,0.0002558641
308,160,0.0004277816
309,160,0.0004664166
310,160,0.00049123727
311,160,0.0010150019
312,160,0.0008079214
313,160,0.00070465915
314,160,0.0009212326
315,160,0.0006523123
316,160,0.00017988589
317,160,0.00018152595
318,160,0.00060938764
319,160,0.00022441708
320,160,0.00076688547
321,160,0.0004479671
322,160,0.0008562971
323,160,0.0009758733
324,160,0.0007594982
325,160,0.00041081943
326,160,0.0009976253
327,160,0.00043509156
328,160,5.365722e-05
329,160,0.00023166928
330,160,0.0003001634
331,160,0.00023883488
332,160,0.0005245032
333,160,0.0006231563
334,160,0.0004841201
335,160,0.0008338317
336,160,0.00061658584
337,160,0.00052422844
338,160,4.0386803e-05
339,160,0.000832119
340,160,0.00038538035
341,160,0.0006475691
342,160,0.00056848954
343,160,0.0008520596
344,160,0.0006563552
345,160,0.0005126437
346,160,0.00073687267
347,160,0.00053111836
348,160,0.00037692674
349,160,0.00030588638
350,160,0.0008450998
351,160,0.00052088127
352,160,0.00073560514
353,160,0.0006779153
354,160,0.00048733503
355,160,0.00046927482
356,160,0.0005260976
357,160,0.00054388493
358,160,0.00020597875
359,160,0.0006007124
360,160,0.0004855618
361,160,0.00059704855
362,160,0.0008134628
363,160,0.00025264174
364,160,0.0008324189
365,160,0.0008086404
366,160,0.00040683523
367,160,0.0005017547
368,160,0.0006734794
369,160,0.00051370636
370,160,0.0005740244
371,160,0.0006305808
372,160,0.00029454846
373,160,0.00063799694
374,160,0.0003429763
375,160,0.00062668975
376,160,0.00037749019
377,160,0.00061377883
378,160,0.00019061286
379,160,0.00044728816
380,160,0.0009186929
381,160,0.00041903462
382,160,0.0005451441
383,160,0.0009047296
384,160,0.00050048437
385,160,0.00052378234
386,160,0.0006209165
387,160,0.00066262484
388,160,0.00014566723
389,160,0.00056592096
390,160,0.000606806
391,160,0.00040280167
392,160,0.0006198399
393,160,0.00053213164
394,160,0.0006538313
395,160,-1.5757978e-06
396,160,0.0006155735
397,160,0.00042204373
398,160,0.00045272987
399,160,0.00062508974
400,160,-0.00038150605
401,160,0.00014936458
402,160,4.7336332e-05
403,160,0.00059535075
404,160,0.0006861398
405,160,0.0005404325
406,160,0.0006365236
407,160,0.00032275543
408,160,0.00024206005
409,160,0.00087982975
410,160,0.0002643522
411,160,0.0006502457
412,160,0.0008484889
413,160,8.633733e-05
414,160,0.00049596466
415,160,0.00065969117
416,160,0.0006160997
417,160,0.00018684007
418,160,0.0005587386
419,160,0.0002852222
420,160,0.00031898916
421,160,5.7676807e-05
422,160,0.0010590618
423,160,0.0002622446
424,160,0.00032516848
425,160,0.0007227836
426,160,0.00087868795
427,160,0.00023671519
428,160,0.00036784727
429,160,-0.0002072975
430,160,0.00020049233
431,160,0.0003746953
432,160,0.00041654892
433,160,0.00019487925
434,160,-5.1732175e-05
435,160,0.0005982416
436,160,-3.3662654e-05
437,160,-0.00014406815
438,160,0.0005205823
439,160,0.00033645146
440,160,0.0006215414
441,160,0.0003737267
442,160,-7.157214e-05
443,160,0.00021088216
444,160,0.00049519446
445,160,-0.00019721873
446,160,0.0006363634
447,160,0.00044776313
448,160,0.0008254638
449,160,0.00050761364
450,160,0.00052487943
451,160,0.0010687774
452,160,-0.00012129638
453,160,-0.00022420567
454,160,-8.881651e-05
455,160,0.0005667303
456,160,5.5272132e-05
457,160,0.0009385478
458,160,0.0006848825
459,160,0.00046913046
460,160,0.0007292647
461,160,-2.2804365e-05
462,160,0.00038412493
463,160,0.0005424991
464,160,0.00014944561
465,160,0.00043654162
466,160,0.00078697596
467,160,0.0008485541
468,160,0.0008388022
469,160,0.00041265972
470,160,0.00081899203
471,160,0.00036988966
472,160,0.00075585954
473,160,0.000119537115
474,160,0.00083153043
475,160,0.000563303
476,160,0.00040064845
477,160,0.00040443707
478,160,0.00028657448
479,160,0.00015350524
480,160,0.00023165159
481,160,0.00072593614
482,160,0.0010147486
483,160,0.00047115795
484,160,0.00060733035
485,160,0.000810151
486,160,0.00071593095
487,160,0.00071025826
488,160,0.000764641
489,160,0.00061213225
490,160,0.0007874118
491,160,4.340429e-05
492,160,0.00011576433
493,160,0.0006338712
494,160,0.0005764887
0,161,0.00051614176
1,161,0.000265982
2,161,0.00035098195
3,161,0.0008952338
4,161,0.0006322721
5,161,0.00048776437
6,161,0.00028607622
7,161,0.00040860474
8,161,0.0006153928
9,161,0.00078127533
10,161,0.00028272066
11,161,5.7399273e-05
12,161,0.0005464591
13,161,0.0005486831
14,161,
15,161,0.00053040124
16,161,2.3799017e-05
17,161,0.00032968633
18,161,0.0007012198
19,161,0.0005820468
20,161,
21,161,
22,161,
23,161,
24,161,
25,161,
26,161,
27,161,
28,161,
29,161,0.0008288771
30,161,0.0010434818
31,161,-2.0206906e-05
32,161,0.0010058656
33,161,0.0009449953
34,161,0.0008398015
35,161,0.0008403873
36,161,0.00047501177
37,161,0.0010152897
38,161,0.0010515414
39,161,0.0010500643
40,161,0.0002156077
41,161,0.000881128
42,161,0.0001854375
43,161,0.0003607422
44,161,0.0007743137
45,161,0.0010152617
46,161,0.00088820606
47,161,0.00019815937
48,161,0.00027114246
49,161,0.00072899554
50,161,0.0006110268
51,161,0.0006187437
52,161,0.000861763
53,161,0.0010507228
54,161,
55,161,0.00079094805
56,161,
57,161,
58,161,
59,161,
60,161,
61,161,
62,161,
63,161,0.00044630375
64,161,0.00057951454
65,161,
66,161,0.00083192904
67,161,0.0007890919
68,161,0.00095850136
69,161,-0.0002227258
70,161,-7.905252e-05
71,161,0.0006639045
72,161,0.001016763
73,161,
74,161,
75,161,0.0004802551
76,161,0.00025568902
77,161,0.0008040257
78,161,
79,161,
80,161,
81,161,
82,161,0.00026734266
83,161,0.0003336789
84,161,0.0007364005
85,161,0.0009609461
86,161,0.00092016626
87,161,0.00069607515
88,161,0.0005464768
89,161,0.0006013261
90,161,0.0003872756
91,161,0.0008354895
92,161,0.00072518084
93,161,0.00034914725
94,161,0.0008141091
95,161,0.00062460266
96,161,0.000408452
97,161,0.0007064864
98,161,0.0009462638
99,161,0.00096654706
100,161,0.00034977775
101,161,0.0006643422
102,161,0.000620503
103,161,0.0007093949
104,161,0.00027825497
105,161,0.0009716172
106,161,
107,161,5.0399452e-05
108,161,0.00034506153
109,161,0.0007531028
110,161,0.00058520027
111,161,0.00083781127
112,161,
113,161,
114,161,-8.1151724e-05
115,161,0.00048786867
116,161,
117,161,-0.00025442988
118,161,
119,161,
120,161,
121,161,0.0011806292
122,161,0.0011771573
123,161,-0.000374428
124,161,0.0003854679
125,161,0.00070384704
126,161,0.00054124556
127,161,0.00015091989
128,161,0.00052206963
129,161,0.00049638003
130,161,0.00088891294
131,161,0.00050521456
132,161,0.00046084356
133,161,-9.488966e-05
134,161,0.00014314242
135,161,6.89039e-05
136,161,0.0005627442
137,161,0.00091944076
138,161,0.00030922052
139,161,
140,161,
141,161,
142,161,
143,161,
144,161,
145,161,
146,161,
147,161,0.0004483182
148,161,0.0007174844
149,161,0.00013902877
150,161,0.0007598847
151,161,0.00077934284
152,161,-2.2391789e-05
153,161,0.0002652984
154,161,0.00079132896
155,161,0.00034621637
156,161,0.0009905752
157,161,0.00056811795
158,161,0.0006586453
159,161,0.0003805831
160,161,0.00037392788
161,161,0.0009078095
162,161,0.00078930426
163,161,0.00049224775
164,161,0.0006527025
165,161,0.00067039207
166,161,0.00079774763
167,161,0.000398946
168,161,0.000782568
169,161,0.0008474933
170,161,0.00052489433
171,161,0.00060846284
172,161,0.00020087976
173,161,0.00048683397
174,161,0.00024250243
175,161,0.0004470516
176,161,0.0009456929
177,161,0.00030957162
178,161,8.643698e-05
179,161,0.00036612432
180,161,0.00036935788
181,161,0.0007673921
182,161,0.00089453533
183,161,0.0008219443
184,161,0.00010498613
185,161,0.0005514119
186,161,0.00044586882
187,161,0.0008176444
188,161,0.00097605214
189,161,0.0009415904
190,161,0.0008194847
191,161,0.0005600443
192,161,0.0011489904
193,161,0.00057954807
194,161,0.0007819999
195,161,0.0010398747
196,161,0.00070830155
197,161,0.00080984365
198,161,0.0011685211
199,161,0.0006478559
200,161,0.0009479616
201,161,0.0010014847
202,161,0.0006673755
203,161,0.0011546528
204,161,0.000922272
205,161,0.0010870099
206,161,0.0007741973
207,161,0.00050225295
208,161,0.00035424065
209,161,
210,161,
211,161,
212,161,
213,161,0.00028414652
214,161,0.0005603507
215,161,0.00064553414
216,161,0.0003383411
217,161,0.00069683604
218,161,0.00032844208
219,161,0.0007280065
220,161,0.00060592964
221,161,0.00046329293
222,161,0.00012139231
223,161,0.000449799
224,161,0.00047927536
225,161,0.0005780887
226,161,0.0008239718
227,161,0.00028348342
228,161,0.0004154956
229,161,0.00036894716
230,161,8.4877014e-05
231,161,0.0006058458
232,161,-1.4228746e-05
233,161,0.00064538326
234,161,0.00044640154
235,161,0.00058257766
236,161,0.0006212592
237,161,0.00043336302
238,161,0.0008577984
239,161,0.00057065114
240,161,0.0008814726
241,161,0.000509046
242,161,0.00071359426
243,161,0.0004733326
244,161,0.00073776953
245,161,0.00030923728
246,161,0.0010400955
247,161,0.0008209348
248,161,0.000556645
249,161,0.00075074285
250,161,0.0008819653
251,161,0.00015437417
252,161,0.0009030597
253,161,0.00089117885
254,161,0.00019593257
255,161,0.00029542483
256,161,0.0010640621
257,161,0.000534025
258,161,0.0006099511
259,161,0.0006161565
260,161,0.0005827509
261,161,8.814223e-05
262,161,0.00024145655
263,161,0.00083302613
264,161,0.00028864946
265,161,-0.00011716783
266,161,0.00065608695
267,161,0.00019289926
268,161,0.00067133456
269,161,0.0009417003
270,161,0.00026017893
271,161,
272,161,
273,161,-0.00020638667
274,161,9.037182e-05
275,161,0.0004654536
276,161,0.00034852605
277,161,0.0005509285
278,161,0.00034365617
279,161,0.00047766045
280,161,0.00069898926
281,161,0.00067473203
282,161,0.0003299378
283,161,0.00068711024
284,161,0.00066247303
285,161,0.00018217135
286,161,0.0006189132
287,161,0.00088011194
288,161,0.0007420406
289,161,0.0005533518
290,161,0.00016028062
291,161,0.0007116953
292,161,0.000666881
293,161,0.0006120121
294,161,0.00021454226
295,161,0.00071846694
296,161,-2.1604821e-05
297,161,0.000923858
298,161,0.0002721157
299,161,0.00069253985
300,161,0.00024442282
301,161,0.00041194167
302,161,0.0013291398
303,161,0.0007686047
304,161,0.00058365334
305,161,0.00076022744
306,161,0.00041610282
307,161,0.0009867763
308,161,0.0005964963
309,161,0.0007715076
310,161,0.0006031273
311,161,0.000663694
312,161,0.0005899379
313,161,0.00041171908
314,161,0.0006074961
315,161,0.00061271247
316,161,0.00012470037
317,161,0.0007092729
318,161,0.00066741835
319,161,-0.000101058744
320,161,0.00044662785
321,161,0.0005294308
322,161,0.00035602972
323,161,0.0008819895
324,161,-0.0002709264
325,161,0.00021831132
326,161,0.00010337029
327,161,0.00044504553
328,161,0.00039655715
329,161,8.09636e-05
330,161,0.00094058085
331,161,0.00034794863
332,161,0.00058272015
333,161,0.00085062813
334,161,0.00036487915
335,161,0.00076313503
336,161,0.0004137922
337,161,0.00045238528
338,161,0.000420711
339,161,0.00023952872
340,161,0.00040134974
341,161,0.0009480342
342,161,0.00052432716
343,161,0.00030808244
344,161,0.000836852
345,161,0.0002874788
346,161,0.0005881656
347,161,0.0007322617
348,161,0.0007192893
349,161,0.000633141
350,161,0.00047152396
351,161,-4.9131922e-05
352,161,0.0011544004
353,161,0.0005099857
354,161,0.00087003503
355,161,0.00050582737
356,161,0.00066863373
357,161,0.0006464245
358,161,0.00035269652
359,161,0.0004957076
360,161,0.0011435999
361,161,0.0002871286
362,161,0.0005116295
363,161,0.00035473425
364,161,0.000526526
365,161,0.0009182403
366,161,0.00023839809
367,161,0.00078486
368,161,0.0009576399
369,161,0.00025090575
370,161,0.0009405697
371,161,0.00020682532
372,161,0.00059742853
373,161,0.00064497255
374,161,0.00025276933
375,161,0.00014091004
376,161,0.0009604832
377,161,0.0004038401
378,161,0.00034135487
379,161,0.0006686691
380,161,0.00055698864
381,161,0.00035876222
382,161,0.00039715506
383,161,0.0004741922
384,161,0.00034689996
385,161,0.00035654753
386,161,0.00059830956
387,161,0.00045425072
388,161,-3.6557205e-05
389,161,0.0009762952
390,161,0.0006774822
391,161,0.00069626514
392,161,0.00092996564
393,161,0.0002605375
394,161,0.0008820873
395,161,0.0005800091
396,161,7.208437e-05
397,161,-6.835628e-05
398,161,0.000417348
399,161,0.0005076835
400,161,0.00030767452
401,161,0.000908887
402,161,0.0005176654
403,161,0.00049175974
404,161,0.00052975304
405,161,0.00050554983
406,161,0.0006114943
407,161,0.0004299907
408,161,0.00060841255
409,161,0.0008413233
410,161,0.0006076498
411,161,0.00071966834
412,161,0.0005638534
413,161,0.0007573962
414,161,0.00076562166
415,161,0.0007447917
416,161,0.0008629011
417,161,0.0006142538
418,161,0.0007665213
419,161,0.00036694575
420,161,0.00026651286
421,161,-2.2538006e-07
422,161,0.00086941384
423,161,0.00059983507
424,161,0.00017749239
425,161,0.00028430484
426,161,0.00074763224
427,161,0.00047737826
428,161,0.00046946388
429,161,0.00037944503
430,161,0.0006333245
431,161,0.0007814616
432,161,0.0006869938
433,161,0.000267718
434,161,0.0003767321
435,161,0.00044141058
436,161,0.000545511
437,161,-0.00028926786
438,161,0.0003384333
439,161,0.00036908966
440,161,0.00046209525
441,161,0.00020152703
442,161,0.00019825622
443,161,0.00052722264
444,161,0.00027301814
445,161,0.0005072672
446,161,0.000110473484
447,161,0.0006383313
448,161,0.0004340494
449,161,0.0009090882
450,161,0.00037948415
451,161,0.00030189287
452,161,0.00027450267
453,161,0.0005290834
454,161,0.0004144013
455,161,0.00028940383
456,161,0.00035446603
457,161,0.0009011701
458,161,0.00033712294
459,161,0.0012693629
460,161,-0.00016010739
461,161,0.00022351276
462,161,0.00031142496
463,161,0.00034156628
464,161,0.00024133641
465,161,1.859665e-05
466,161,0.0006487537
467,161,0.00024072547
468,161,0.00023999996
469,161,0.0004791543
470,161,0.0006780289
471,161,0.0005194247
472,161,0.0008988846
473,161,0.00011670962
474,161,0.0010600118
475,161,0.00027875043
476,161,0.00050765276
477,161,0.00038106833
478,161,0.0006406838
479,161,0.00037303008
480,161,0.0007367395
481,161,0.00047470536
482,161,0.0002470594
483,161,0.00034287758
484,161,0.00032122247
485,161,0.00053346716
486,161,0.0005727252
487,161,0.00055391155
488,161,0.0006007869
489,161,0.00071555004
490,161,0.00055211503
491,161,0.00040122587
492,161,0.00060788356
493,161,-1.2429431e-05
494,161,-0.00027526263
0,162,0.0006648712
1,162,0.00022701733
2,162,0.001149904
3,162,8.828007e-05
4,162,0.00051961094
5,162,0.00032228418
6,162,0.00054557994
7,162,0.0008361563
8,162,0.00075051654
9,162,0.00048928894
10,162,0.0007525068
11,162,0.0007691495
12,162,0.0002718661
13,162,0.00067072734
14,162,
15,162,0.0006405171
16,162,0.0006375341
17,162,0.0002302276
18,162,-0.00018424541
19,162,0.00052412506
20,162,0.0006185677
21,162,
22,162,
23,162,
24,162,
25,162,
26,162,
27,162,
28,162,
29,162,
30,162,
31,162,0.0007209154
32,162,0.0008977568
33,162,0.001066559
34,162,0.0005481988
35,162,0.0010410026
36,162,0.00043314043
37,162,0.0009632427
38,162,0.0005096486
39,162,0.0007538842
40,162,0.0009575952
41,162,0.001103769
42,162,0.0006463239
43,162,0.00073594507
44,162,0.0013422873
45,162,0.00079496205
46,162,0.0011031954
47,162,0.00088806543
48,162,0.0009891456
49,162,0.0010073744
50,162,0.0006073443
51,162,0.0005487427
52,162,
53,162,
54,162,
55,162,
56,162,
57,162,
58,162,
59,162,
60,162,
61,162,
62,162,
63,162,0.0013230322
64,162,
65,162,0.00040429644
66,162,0.0003699027
67,162,0.0003161095
68,162,0.0006697988
69,162,0.00045548566
70,162,0.00022348855
71,162,0.001157132
72,162,0.00057518296
73,162,
74,162,
75,162,
76,162,0.0010762
77,162,0.00031122565
78,162,0.00035522506
79,162,0.00097105093
80,162,
81,162,
82,162,0.00010465179
83,162,0.00071399566
84,162,0.0007590158
85,162,0.00024278928
86,162,0.00059841573
87,162,0.0009139348
88,162,0.000944769
89,162,0.00027952902
90,162,0.00024226587
91,162,0.0012275642
92,162,0.00071599334
93,162,0.0007799491
94,162,0.00049614813
95,162,0.0009992588
96,162,0.0008100262
97,162,0.00015251338
98,162,0.000541741
99,162,0.0007937653
100,162,0.00066042505
101,162,0.000648899
102,162,0.00029840413
103,162,-0.000265643
104,162,0.00052503124
105,162,0.0004052883
106,162,0.0004790593
107,162,
108,162,0.000110622495
109,162,
110,162,0.00093111955
111,162,0.00056135
112,162,0.0007171957
113,162,0.00041885488
114,162,
115,162,
116,162,-0.00011297595
117,162,
118,162,
119,162,
120,162,
121,162,0.0006116936
122,162,0.00050467625
123,162,0.0006099362
124,162,0.00084826257
125,162,0.0007485831
126,162,4.6795234e-05
127,162,0.0009883102
128,162,0.0005635293
129,162,-4.953239e-05
130,162,0.00025475305
131,162,0.0005460791
132,162,0.00023198966
133,162,0.00030084886
134,162,0.00072317943
135,162,0.00086280424
136,162,0.00059391186
137,162,0.000685486
138,162,
139,162,
140,162,
141,162,
142,162,
143,162,
144,162,
145,162,
146,162,
147,162,0.0010588104
148,162,0.0006922381
149,162,0.000786338
150,162,0.00023677293
151,162,0.0006837463
152,162,0.00044607092
153,162,0.00015706755
154,162,0.00071207527
155,162,0.0007220218
156,162,0.0009762123
157,162,0.0008752439
158,162,0.00057652965
159,162,0.0007455917
160,162,0.0005750004
161,162,0.00060821883
162,162,0.0004961211
163,162,0.0010908619
164,162,0.0009728465
165,162,0.00027837045
166,162,0.00051099155
167,162,0.0006039478
168,162,0.00060588866
169,162,0.0006211791
170,162,0.0006899908
171,162,0.00057320204
172,162,0.0007518893
173,162,0.00049283635
174,162,0.00074777193
175,162,0.0008393647
176,162,0.0005187355
177,162,0.0005127927
178,162,0.0002994379
179,162,0.00031505525
180,162,0.00041584764
181,162,0.0011108369
182,162,0.00018685311
183,162,0.0005329102
184,162,0.00027860608
185,162,0.00039677136
186,162,0.00057580974
187,162,0.00069194566
188,162,0.00084101874
189,162,0.0010823505
190,162,0.001160088
191,162,0.0009472752
192,162,0.00080948975
193,162,0.0008267276
194,162,0.000979471
195,162,0.0010441812
196,162,0.0010171188
197,162,0.0011883099
198,162,0.00075246766
199,162,0.0012187054
200,162,0.000693921
201,162,0.0008488083
202,162,0.0008803224
203,162,0.0007362589
204,162,0.00080883224
205,162,0.0006487658
206,162,0.0007552579
207,162,0.000388355
208,162,0.0009445753
209,162,
210,162,
211,162,
212,162,
213,162,
214,162,0.000121388584
215,162,0.000515379
216,162,0.0005241139
217,162,0.0007518111
218,162,0.0007989416
219,162,0.0010906588
220,162,0.00036781747
221,162,0.00030458905
222,162,0.00055637304
223,162,0.00012371223
224,162,0.0012659393
225,162,0.00022922084
226,162,0.00040465873
227,162,0.00014257245
228,162,0.0006577261
229,162,0.0006174771
230,162,0.0003679935
231,162,0.0010949215
232,162,0.0006971471
233,162,0.00025343243
234,162,0.00042972062
235,162,0.0006027594
236,162,0.00040378328
237,162,0.00031472277
238,162,0.000647516
239,162,0.0007490227
240,162,0.00075671263
241,162,0.00026512519
242,162,0.00091013126
243,162,0.00084657036
244,162,0.00015767664
245,162,0.0006825868
246,162,0.0009547658
247,162,0.0007931106
248,162,0.00067028776
249,162,0.0012303703
250,162,0.0009922897
251,162,0.0007734336
252,162,0.0006009005
253,162,0.00073957816
254,162,0.00044647418
255,162,0.00031700544
256,162,0.0004925672
257,162,-0.00014215335
258,162,0.0006670924
259,162,0.00058517884
260,162,0.0009769676
261,162,0.00018523075
262,162,0.00044209324
263,162,0.0004784325
264,162,0.00064301956
265,162,0.00071871746
266,162,0.00067833625
267,162,0.00093274843
268,162,0.00021224469
269,162,0.0005504191
270,162,0.00077033136
271,162,0.0006188033
272,162,
273,162,0.00073643215
274,162,0.00014048908
275,162,0.00032693055
276,162,0.0003477009
277,162,0.0006379392
278,162,0.0003361227
279,162,0.00036508963
280,162,0.00027898792
281,162,0.00062466133
282,162,0.001201868
283,162,0.00038616266
284,162,0.00044089556
285,162,0.00064793415
286,162,0.00031210296
287,162,0.00021760724
288,162,0.0004577851
289,162,0.0003126366
290,162,0.0004917709
291,162,0.0006815586
292,162,0.0005584415
293,162,0.00018817373
294,162,0.0004930971
295,162,0.00019855425
296,162,0.00024299789
297,162,0.00040052645
298,162,0.00027882494
299,162,0.0007347688
300,162,0.00029909052
301,162,0.0007658638
302,162,0.0006018365
303,162,0.00040996727
304,162,0.0005398104
305,162,0.00068568904
306,162,0.0005501248
307,162,0.0005978318
308,162,0.0007234132
309,162,0.00046868436
310,162,0.000804482
311,162,0.00057632755
312,162,0.00035590213
313,162,0.00087761786
314,162,0.0010774946
315,162,8.3532184e-05
316,162,0.0010677008
317,162,0.0005561942
318,162,0.0006442219
319,162,0.0005305894
320,162,0.0006893026
321,162,-0.00020152889
322,162,0.00080740266
323,162,0.00074204523
324,162,5.139038e-06
325,162,0.00038552936
326,162,0.00049037114
327,162,0.0008598482
328,162,0.00062651094
329,162,0.00016432907
330,162,-1.9643456e-05
331,162,0.00022781175
332,162,0.00046650693
333,162,0.00064972695
334,162,0.00031049363
335,162,0.00026447512
336,162,0.0011997484
337,162,0.00031734724
338,162,0.0005787732
339,162,-0.00029646698
340,162,-5.7463534e-05
341,162,0.00020092353
342,162,0.00045487564
343,162,0.00061417185
344,162,0.000946546
345,162,9.07043e-05
346,162,0.0007636966
347,162,0.00032113865
348,162,0.0005801888
349,162,0.00057652313
350,162,0.0006598756
351,162,0.000191506
352,162,0.0006236257
353,162,0.0008736579
354,162,0.00081039686
355,162,-2.8304756e-05
356,162,0.00045681093
357,162,0.001103973
358,162,0.00043097232
359,162,0.00070008077
360,162,0.0009095967
361,162,0.00063807145
362,162,0.00014221296
363,162,0.00059453025
364,162,0.00050111767
365,162,0.000373194
366,162,0.00034567248
367,162,0.0003004726
368,162,0.0005287444
369,162,0.0010056775
370,162,0.00056069903
371,162,0.0006981334
372,162,0.00083819963
373,162,0.00073451456
374,162,0.00022785924
375,162,0.00053930376
376,162,0.0005492233
377,162,0.00082271174
378,162,0.00074484665
379,162,0.00030344818
380,162,0.00051120855
381,162,0.0007795561
382,162,0.000502429
383,162,0.00069584325
384,162,0.0011600871
385,162,0.0007214984
386,162,0.0007231161
387,162,0.000580295
388,162,0.00065624807
389,162,0.00074074883
390,162,0.0006549647
391,162,0.00043782778
392,162,0.0008571055
393,162,0.0005021617
394,162,0.00042078365
395,162,0.00022653118
396,162,0.0004248405
397,162,0.0006263908
398,162,-0.00010006875
399,162,-0.00012726244
400,162,0.000632979
401,162,0.00039853062
402,162,0.00068765227
403,162,0.0007488355
404,162,0.00016696844
405,162,0.0005783271
406,162,0.0003487859
407,162,0.0010387022
408,162,0.0004949821
409,162,0.00059039146
410,162,0.00045339763
411,162,0.0007319385
412,162,0.00038677175
413,162,0.0006327685
414,162,0.00073234644
415,162,0.00057765655
416,162,0.0006382745
417,162,0.000568185
418,162,0.00027967524
419,162,0.0003611641
420,162,0.00044550095
421,162,0.00037796795
422,162,0.0002580639
423,162,2.2994354e-06
424,162,0.0005048681
425,162,0.00039468333
426,162,0.00062213
427,162,0.0004918743
428,162,0.0005996935
429,162,0.00066094287
430,162,0.00038346276
431,162,0.00034121238
432,162,8.529425e-05
433,162,0.00038149767
434,162,0.00021465495
435,162,0.00010750629
436,162,0.00031015463
437,162,-6.2519684e-05
438,162,0.00015358161
439,162,0.00027086027
440,162,0.00015327707
441,162,0.0005612876
442,162,0.0001762826
443,162,0.0004270412
444,162,0.00055631436
445,162,-1.0559335e-05
446,162,-0.0002411753
447,162,0.0011987016
448,162,0.00041219126
449,162,0.00043047406
450,162,0.00069456454
451,162,0.0008304948
452,162,0.0004457496
453,162,0.00035612378
454,162,0.00051103346
455,162,0.00020423904
456,162,0.00020067208
457,162,0.00030329078
458,162,0.0005159993
459,162,0.0010284102
460,162,0.0005163029
461,162,0.00030736905
462,162,0.00047076214
463,162,0.00068296026
464,162,0.00018896163
465,162,0.00085864216
466,162,0.00035402644
467,162,0.00093283877
468,162,0.00063643325
469,162,0.0005160328
470,162,0.0004907036
471,162,0.00077335443
472,162,5.3535216e-05
473,162,0.0003631767
474,162,-0.00015543588
475,162,0.00053602364
476,162,0.00049079675
477,162,0.0005596783
478,162,0.00057252124
479,162,0.00027712248
480,162,0.0007492788
481,162,0.00022875331
482,162,0.00013725087
483,162,0.00018793996
484,162,0.0004361812
485,162,0.00043812115
486,162,0.0004580617
487,162,0.0006955713
488,162,0.0008546794
489,162,0.0006511202
490,162,0.00022677518
491,162,-0.00019424595
492,162,0.00043889508
493,162,0.0006488636
494,162,0.00021428429
0,163,0.00086889695
1,163,0.000854956
2,163,0.00047713984
3,163,1.6950071e-07
4,163,0.0005261339
5,163,0.000681879
6,163,0.00076392107
7,163,0.00088914856
8,163,0.0006144615
9,163,0.0005162684
10,163,0.00082381535
11,163,0.00077668484
12,163,0.00022505876
13,163,0.0004433049
14,163,0.00072041433
15,163,
16,163,0.00066541974
17,163,0.00072962977
18,163,0.00035274215
19,163,0.00021419208
20,163,0.00028058141
21,163,
22,163,
23,163,
24,163,
25,163,
26,163,
27,163,
28,163,
29,163,0.0007800115
30,163,0.0007874016
31,163,0.0006853668
32,163,
33,163,0.00037145335
34,163,0.0006153658
35,163,0.0009683855
36,163,0.001604178
37,163,0.0007223077
38,163,0.0008132877
39,163,0.00077648833
40,163,0.0009896317
41,163,0.00091416016
42,163,0.0007019425
43,163,0.0013205009
44,163,0.0008982625
45,163,0.001031002
46,163,0.0011491077
47,163,0.0006865822
48,163,0.0009640828
49,163,0.00016351789
50,163,
51,163,0.0008098101
52,163,
53,163,7.911865e-05
54,163,0.00042132847
55,163,0.00089632906
56,163,
57,163,
58,163,0.0007434888
59,163,
60,163,
61,163,
62,163,
63,163,
64,163,0.00068250205
65,163,0.0005424479
66,163,0.0006266823
67,163,0.00047117937
68,163,0.00081900414
69,163,-1.2597069e-05
70,163,0.001137971
71,163,0.0010263957
72,163,
73,163,
74,163,
75,163,
76,163,
77,163,0.00039566308
78,163,0.0010157702
79,163,0.00039631873
80,163,
81,163,
82,163,
83,163,0.000101327896
84,163,0.00016184337
85,163,0.0002168892
86,163,0.0007139575
87,163,0.00087367184
88,163,0.0003276933
89,163,0.0007753251
90,163,0.00024430174
91,163,0.00059508346
92,163,0.00058590155
93,163,0.00097187515
94,163,0.00031716842
95,163,0.0009553693
96,163,0.00068333093
97,163,0.0008325018
98,163,0.00016344339
99,163,0.0011276621
100,163,0.0011041248
101,163,0.0006301347
102,163,0.0006609475
103,163,0.00035761297
104,163,0.00031010807
105,163,0.00050175935
106,163,
107,163,0.00042641629
108,163,
109,163,0.00052690133
110,163,0.00084540155
111,163,5.7908706e-05
112,163,0.00060931966
113,163,0.0003712913
114,163,0.0003974829
115,163,
116,163,
117,163,0.0007116869
118,163,
119,163,
120,163,
121,163,0.00027180742
122,163,0.00030078273
123,163,0.0007373262
124,163,0.00048932433
125,163,0.0008832114
126,163,0.0006186506
127,163,0.00024162605
128,163,0.00039036386
129,163,3.4972094e-05
130,163,0.0011814963
131,163,0.0006439956
132,163,0.0010209111
133,163,0.00037258584
134,163,0.00018779282
135,163,0.00084059034
136,163,7.712748e-05
137,163,0.00032639224
138,163,
139,163,
140,163,
141,163,
142,163,
143,163,
144,163,
145,163,
146,163,
147,163,
148,163,0.00020416081
149,163,0.00057108235
150,163,5.3146854e-05
151,163,0.00075596105
152,163,0.0009682933
153,163,0.00032456964
154,163,0.00026029442
155,163,0.00068186317
156,163,0.00024956837
157,163,0.00037419144
158,163,0.00052015204
159,163,0.00079548545
160,163,0.00049242564
161,163,0.0006651236
162,163,0.0010032048
163,163,0.00047243945
164,163,0.00074065104
165,163,0.0007170914
166,163,0.00032483973
167,163,0.00036726426
168,163,0.0006736191
169,163,0.00089522265
170,163,0.000971145
171,163,0.000662785
172,163,0.0003938945
173,163,0.00061551295
174,163,0.00042892713
175,163,0.00089040305
176,163,0.00079528615
177,163,0.0005983198
178,163,0.00047112256
179,163,0.00034754444
180,163,0.00069942884
181,163,0.00047146156
182,163,0.0002995003
183,163,0.00053243805
184,163,0.00030817278
185,163,0.00050312746
186,163,0.00042420067
187,163,0.0007778276
188,163,0.00072598085
189,163,0.0010113008
190,163,0.0012508081
191,163,0.00059820525
192,163,0.00067184493
193,163,0.0011606002
194,163,0.0011212919
195,163,0.0009120358
196,163,0.0012490004
197,163,0.000876938
198,163,0.00062840525
199,163,0.0008747522
200,163,0.0010499517
201,163,0.0007879725
202,163,0.00094779115
203,163,0.0007933993
204,163,0.00064528733
205,163,0.0011273101
206,163,0.00047194492
207,163,0.00055212993
208,163,
209,163,
210,163,
211,163,
212,163,
213,163,0.00072314683
214,163,0.00043722615
215,163,0.0005969899
216,163,0.00039204396
217,163,0.00071241334
218,163,0.0004448425
219,163,0.00026886165
220,163,0.00011605583
221,163,0.0007666126
222,163,0.0006137928
223,163,0.0006730454
224,163,0.00026453938
225,163,0.0006560357
226,163,0.00046480168
227,163,0.00062001124
228,163,0.0008184444
229,163,0.0006514825
230,163,-0.000109980814
231,163,0.000653523
232,163,0.00093092397
233,163,0.00025608763
234,163,0.0007861592
235,163,0.0005674949
236,163,0.00078648515
237,163,0.0008238917
238,163,0.0006123474
239,163,0.00028002542
240,163,0.00055071246
241,163,0.000582641
242,163,0.0006166231
243,163,0.00031335372
244,163,0.0007921271
245,163,0.0010749418
246,163,0.0006594425
247,163,0.0002586795
248,163,0.00054464955
249,163,0.00030063838
250,163,0.0006562248
251,163,0.00055235066
252,163,0.00078164414
253,163,0.0009253677
254,163,0.00033712666
255,163,0.0004999088
256,163,0.00044842064
257,163,0.00081504416
258,163,5.5154786e-05
259,163,0.0010970198
260,163,0.00047182105
261,163,0.00013888068
262,163,0.0008343309
263,163,0.000109248795
264,163,0.00028492883
265,163,0.0004209606
266,163,0.0009956378
267,163,0.00040895585
268,163,0.00018195715
269,163,0.0004883008
270,163,0.0005802447
271,163,0.00093832985
272,163,
273,163,
274,163,0.00079346076
275,163,0.0005011847
276,163,0.0003851978
277,163,0.00071467273
278,163,0.0005752444
279,163,0.00046763849
280,163,0.00056553446
281,163,0.0006760014
282,163,0.00010121334
283,163,0.00059855916
284,163,0.00026611984
285,163,0.00075358246
286,163,0.0007157624
287,163,0.0007625632
288,163,0.0008225031
289,163,0.00075632054
290,163,0.00059329066
291,163,0.00059003197
292,163,9.656511e-05
293,163,0.00070811436
294,163,0.00022019353
295,163,0.0006029457
296,163,-0.0003658617
297,163,0.00090099685
298,163,0.00010604225
299,163,0.0006217584
300,163,0.000515352
301,163,0.00094535574
302,163,0.0005214233
303,163,0.00046738423
304,163,0.00049098395
305,163,0.00071545225
306,163,0.0004207343
307,163,0.00016318075
308,163,0.0007761754
309,163,0.0005413871
310,163,0.00032032467
311,163,0.00077573955
312,163,0.0007147603
313,163,0.0007139584
314,163,0.00021371059
315,163,0.00010841247
316,163,0.00024203211
317,163,0.0006690053
318,163,0.00078374427
319,163,0.00023012236
320,163,0.0010400154
321,163,0.00069999415
322,163,0.0007040547
323,163,0.0006989781
324,163,0.00044875406
325,163,0.0007694885
326,163,0.00038122572
327,163,0.0009035878
328,163,0.00048604235
329,163,0.0006741993
330,163,0.0002362905
331,163,0.00029635988
332,163,0.0001406949
333,163,-0.00021685194
334,163,0.00025577657
335,163,0.00018451829
336,163,-0.00015801657
337,163,0.0006415574
338,163,0.0002595922
339,163,0.00021406822
340,163,0.0004841024
341,163,0.00053514075
342,163,0.00061559305
343,163,0.0009050239
344,163,0.00068853796
345,163,0.0006882595
346,163,0.0011274032
347,163,0.00024004932
348,163,0.0008397624
349,163,0.00042190775
350,163,0.00055156555
351,163,0.0002851542
352,163,0.00079685263
353,163,0.00024926104
354,163,0.00076454785
355,163,0.0009054011
356,163,0.00028830767
357,163,0.0006339345
358,163,0.0009511057
359,163,0.00092392135
360,163,0.00056275446
361,163,0.00037977658
362,163,0.0007300889
363,163,0.00057649333
364,163,0.0007413989
365,163,0.00048645772
366,163,0.0012411866
367,163,0.00084060244
368,163,0.00085957255
369,163,0.00051075313
370,163,0.00091511663
371,163,0.0005733948
372,163,0.00040043518
373,163,0.00059274863
374,163,0.00034934282
375,163,0.00050343573
376,163,0.0005866783
377,163,0.00066391565
378,163,0.00031673536
379,163,0.0010647522
380,163,0.00079313386
381,163,0.0005417904
382,163,2.3636967e-06
383,163,0.00019195583
384,163,0.0004080981
385,163,0.0007318938
386,163,0.0006692065
387,163,0.0003408417
388,163,0.0005849637
389,163,0.00033243652
390,163,0.00013961457
391,163,0.00073796045
392,163,0.001078397
393,163,0.00042233802
394,163,0.00049830694
395,163,0.000632368
396,163,0.0009508766
397,163,0.0005493369
398,163,0.00039061345
399,163,0.0006352272
400,163,0.00084904116
401,163,0.00064154714
402,163,0.0004049139
403,163,0.0003491249
404,163,0.0006332621
405,163,0.0005492149
406,163,0.0003429493
407,163,0.0007309541
408,163,0.00035210047
409,163,0.00074239355
410,163,0.0007332461
411,163,0.0006944211
412,163,0.0008747289
413,163,0.00092411693
414,163,0.000440347
415,163,-0.00023584068
416,163,0.00048659742
417,163,0.00048119016
418,163,0.00064184703
419,163,0.0002375124
420,163,0.0005883984
421,163,0.0007887166
422,163,0.00037125032
423,163,0.0004780786
424,163,-3.8296916e-05
425,163,0.00042084977
426,163,3.523566e-05
427,163,0.0003530886
428,163,3.4481287e-05
429,163,0.00034143403
430,163,0.00042901002
431,163,9.8517165e-05
432,163,0.00072578434
433,163,0.00049219374
434,163,0.0002583675
435,163,0.00030919164
436,163,0.00015882216
437,163,3.8535334e-05
438,163,0.000997318
439,163,0.00026192982
440,163,0.000319154
441,163,0.00021468941
442,163,8.695293e-05
443,163,0.00030395668
444,163,0.00048507564
445,163,0.00021344423
446,163,0.0011421321
447,163,0.00029802322
448,163,0.0013030907
449,163,0.000488732
450,163,0.00051675644
451,163,0.00039744563
452,163,9.747222e-06
453,163,0.0009943517
454,163,0.00073970575
455,163,0.00029871613
456,163,0.00046895817
457,163,0.00076015294
458,163,0.00095150806
459,163,0.0010813279
460,163,0.00044962578
461,163,0.00027963333
462,163,0.000102031976
463,163,0.00066109933
464,163,0.0008327309
465,163,0.0007915804
466,163,0.0006388612
467,163,0.00028117932
468,163,-7.6033175e-06
469,163,0.00026764534
470,163,0.0006071767
471,163,0.00034064334
472,163,-7.376075e-05
473,163,0.0010282071
474,163,0.00035886653
475,163,0.0010589343
476,163,7.000286e-05
477,163,0.0006203493
478,163,0.00031275768
479,163,0.0003343271
480,163,0.0005757697
481,163,0.00018338207
482,163,0.00052432064
483,163,0.0005741017
484,163,0.00030837022
485,163,0.00069020875
486,163,4.8754737e-05
487,163,0.0006906325
488,163,0.00042402744
489,163,0.00051197316
490,163,0.0007756995
491,163,0.0007185731
492,163,0.0004054997
493,163,0.00088035036
494,163,6.309897e-05
0,164,0.00046288408
1,164,6.486289e-05
2,164,0.00056163874
3,164,-3.19276e-05
4,164,0.00032842718
5,164,0.00023134984
6,164,0.00076340325
7,164,0.00024436042
8,164,0.00066938065
9,164,0.0004961053
10,164,0.0007699523
11,164,0.0006053429
12,164,0.00092938077
13,164,0.0010406831
14,164,0.00037592277
15,164,0.00034978706
16,164,
17,164,0.00057084206
18,164,-0.00028550718
19,164,0.00030881818
20,164,0.0010172799
21,164,
22,164,
23,164,
24,164,
25,164,
26,164,
27,164,
28,164,
29,164,
30,164,0.00072977785
31,164,0.0004054075
32,164,0.00041653868
33,164,0.00050541013
34,164,0.00074550696
35,164,0.00026761647
36,164,0.0010174103
37,164,0.0008402569
38,164,0.00031289086
39,164,0.0005076295
40,164,0.0009436626
41,164,0.00047133677
42,164,0.00087770075
43,164,0.00051442254
44,164,0.00086399354
45,164,0.0006388854
46,164,0.0012786733
47,164,0.0004186798
48,164,0.00051961374
49,164,0.0006937599
50,164,0.00044972263
51,164,
52,164,
53,164,
54,164,
55,164,
56,164,
57,164,0.0004184097
58,164,
59,164,
60,164,
61,164,
62,164,
63,164,
64,164,0.0010381397
65,164,0.0007260926
66,164,9.506289e-05
67,164,0.00033979397
68,164,0.00015684962
69,164,0.0008545965
70,164,0.0003350228
71,164,0.0004417505
72,164,0.00083363615
73,164,
74,164,
75,164,
76,164,
77,164,0.0006185174
78,164,0.00025985856
79,164,0.0005403105
80,164,0.00039165467
81,164,
82,164,
83,164,0.0006732745
84,164,9.084679e-05
85,164,0.00022680964
86,164,0.0010330584
87,164,0.00048129447
88,164,0.00050522387
89,164,0.0009353915
90,164,0.00048553292
91,164,0.00043808762
92,164,0.00034940988
93,164,0.0009482689
94,164,3.335718e-05
95,164,0.00032518804
96,164,0.0008065179
97,164,0.00044878386
98,164,0.001225994
99,164,0.000728854
100,164,0.00052751414
101,164,0.00080366153
102,164,0.000625452
103,164,0.00039084442
104,164,0.0007819338
105,164,0.00021251198
106,164,0.00041632727
107,164,0.0004296545
108,164,0.00018090289
109,164,0.00030972995
110,164,
111,164,
112,164,
113,164,0.00056356285
114,164,
115,164,
116,164,
117,164,
118,164,
119,164,
120,164,
121,164,
122,164,
123,164,
124,164,0.0007527815
125,164,0.00087564904
126,164,0.0003284393
127,164,0.00020115077
128,164,0.00026498642
129,164,0.00043528806
130,164,0.00076810084
131,164,0.0006835982
132,164,0.0004859548
133,164,0.00039530918
134,164,0.00086134765
135,164,0.00026675593
136,164,6.041862e-05
137,164,0.0006867163
138,164,
139,164,
140,164,
141,164,
142,164,
143,164,
144,164,
145,164,
146,164,
147,164,
148,164,0.00079663936
149,164,0.00069622137
150,164,0.0003141975
151,164,0.00042178668
152,164,0.000740353
153,164,0.0006633792
154,164,0.0007479498
155,164,0.00036964566
156,164,0.00077953935
157,164,0.0007509552
158,164,0.00075543206
159,164,0.0008330522
160,164,0.0005171383
161,164,0.0008690329
162,164,0.00057562627
163,164,0.0005571153
164,164,0.0004131887
165,164,0.0009230478
166,164,0.00040736794
167,164,0.0004927488
168,164,0.0008275211
169,164,0.0005949186
170,164,0.0003512632
171,164,-1.7729588e-05
172,164,0.0006891778
173,164,0.00064119976
174,164,0.00032650493
175,164,0.00038228836
176,164,0.0004891008
177,164,0.0005019028
178,164,0.0008045174
179,164,0.00062621664
180,164,0.00041475892
181,164,0.00013309903
182,164,0.0006716559
183,164,0.0004102029
184,164,0.0005689282
185,164,0.0009292327
186,164,0.00086939335
187,164,0.0006975401
188,164,0.0011789678
189,164,0.0014070049
190,164,0.00034260377
191,164,0.00079336483
192,164,0.0011204286
193,164,0.0011631595
194,164,0.0012538442
195,164,0.0011774767
196,164,0.0008968655
197,164,0.0006175479
198,164,0.0010183593
199,164,0.0010766964
200,164,0.0009461576
201,164,0.00075851846
202,164,0.0011369698
203,164,0.0010006838
204,164,0.00068871863
205,164,0.00019337516
206,164,0.0005948376
207,164,
208,164,
209,164,
210,164,
211,164,
212,164,
213,164,0.00057925563
214,164,0.0005374262
215,164,0.0006587524
216,164,0.00076500233
217,164,-0.00024123862
218,164,0.00046686362
219,164,0.00025847834
220,164,0.00018038414
221,164,0.00058626384
222,164,0.0008292096
223,164,0.00050162897
224,164,0.00039449055
225,164,-8.5532665e-05
226,164,0.00037133507
227,164,0.0013229968
228,164,0.00037349388
229,164,0.00018644426
230,164,0.00011649635
231,164,0.0005775532
232,164,0.00052454695
233,164,0.00055511296
234,164,0.00044784322
235,164,0.0002862271
236,164,0.0003739521
237,164,0.0005499339
238,164,0.00050874334
239,164,0.00078250375
240,164,8.998439e-05
241,164,0.00042711012
242,164,0.00040399935
243,164,0.00030213688
244,164,0.00024849083
245,164,0.00095290877
246,164,0.00073985383
247,164,0.00080776867
248,164,0.000777673
249,164,0.00046963524
250,164,0.00093963835
251,164,0.00085835345
252,164,0.0005213218
253,164,0.00057335384
254,164,0.00048872735
255,164,0.00057671685
256,164,0.00054662675
257,164,0.00052223355
258,164,0.00027190708
259,164,0.0009474922
260,164,0.00044958852
261,164,0.00042026024
262,164,9.8658726e-05
263,164,-0.00011739042
264,164,0.0009836582
265,164,-0.0003159605
266,164,0.00081130303
267,164,0.00084872916
268,164,2.1642074e-05
269,164,0.00048551336
270,164,0.0008843262
271,164,
272,164,
273,164,
274,164,0.0006345408
275,164,0.00024368428
276,164,0.00025386736
277,164,0.00058560073
278,164,0.0005080877
279,164,0.00043026824
280,164,0.00059890095
281,164,0.00087477826
282,164,0.0004885886
283,164,0.0007898323
284,164,-0.00020087045
285,164,0.0007589003
286,164,0.00025152974
287,164,0.00040659402
288,164,0.0003658766
289,164,0.00071580335
290,164,0.00079776533
291,164,0.00028850976
292,164,0.00066136103
293,164,0.00014055707
294,164,0.00039956346
295,164,0.00074437074
296,164,0.0005000029
297,164,6.068498e-05
298,164,3.2614917e-06
299,164,0.0010804255
300,164,0.00032558478
301,164,0.0011958629
302,164,0.0003901366
303,164,0.00030135922
304,164,0.00047940575
305,164,0.0007050056
306,164,0.0007176306
307,164,0.00010799989
308,164,0.00071648415
309,164,0.0011480972
310,164,0.00073472783
311,164,0.0006037662
312,164,0.000510389
313,164,6.91209e-05
314,164,0.00031448528
315,164,0.00047927257
316,164,0.0003448408
317,164,-3.8318336e-05
318,164,0.0006344188
319,164,0.00063763745
320,164,0.0007961178
321,164,0.0004084725
322,164,0.0006768992
323,164,6.302446e-05
324,164,0.0005165301
325,164,0.00040004402
326,164,0.00036478136
327,164,0.00013028923
328,164,0.00077658426
329,164,0.0007824693
330,164,0.00023039151
331,164,0.0008114362
332,164,0.0008490933
333,164,2.4952926e-05
334,164,0.00015925895
335,164,-0.0003004726
336,164,0.00016840734
337,164,-0.00010249019
338,164,0.00042302813
339,164,0.00044853985
340,164,0.00015718024
341,164,0.0005601952
342,164,0.00033513177
343,164,0.00046091806
344,164,0.0007264968
345,164,0.00024914276
346,164,0.0004355712
347,164,0.0008924026
348,164,0.00027072895
349,164,0.00046452414
350,164,0.00048842
351,164,0.0010075867
352,164,0.00065250136
353,164,0.00014114566
354,164,0.0004922394
355,164,0.00034054182
356,164,0.0009893645
357,164,0.0007748902
358,164,0.00030674879
359,164,0.0009718407
360,164,0.0006066393
361,164,0.00067574065
362,164,0.0004745815
363,164,0.00048779603
364,164,0.00074601173
365,164,0.0007708203
366,164,0.00084442087
367,164,0.00065559056
368,164,0.0007733954
369,164,0.00044455845
370,164,0.00025126617
371,164,0.0007202029
372,164,0.0006556446
373,164,0.00093752425
374,164,0.00061280094
375,164,0.00056071486
376,164,0.0009786673
377,164,0.0006988533
378,164,0.0003930051
379,164,0.0007960554
380,164,0.00034151413
381,164,0.00044285692
382,164,-0.00025213696
383,164,0.0007988773
384,164,0.0004376443
385,164,8.370727e-06
386,164,0.00059462804
387,164,0.00039461907
388,164,0.00019520428
389,164,8.295011e-05
390,164,0.00028199423
391,164,0.00038984325
392,164,0.0004579313
393,164,0.00062078796
394,164,3.2008626e-05
395,164,0.00065017864
396,164,0.00073122047
397,164,-6.858725e-05
398,164,-3.6703423e-06
399,164,0.00038050022
400,164,0.00040759984
401,164,0.0003781775
402,164,-2.5391579e-05
403,164,0.00027227588
404,164,0.00047132839
405,164,0.00079380255
406,164,-8.2258135e-05
407,164,0.0004998129
408,164,0.00034744013
409,164,0.00045180507
410,164,0.00056595635
411,164,0.000650255
412,164,0.00079292525
413,164,0.0008072695
414,164,0.00044766814
415,164,0.000110819936
416,164,0.00028108153
417,164,0.00074274093
418,164,0.00039476994
419,164,0.00061507244
420,164,0.00046008267
421,164,-9.664055e-05
422,164,0.00033750664
423,164,0.00030282792
424,164,0.00049562193
425,164,0.00018058345
426,164,0.00025305338
427,164,7.016212e-05
428,164,0.00034190528
429,164,0.00015741307
430,164,2.8754584e-05
431,164,0.00037462823
432,164,0.0008640373
433,164,0.0005727438
434,164,0.00026131887
435,164,0.00010627881
436,164,0.00041317567
437,164,0.00025162287
438,164,0.0005020229
439,164,0.0006398205
440,164,0.00066953246
441,164,0.0002563307
442,164,-2.5108457e-06
443,164,0.00016675144
444,164,0.00071765203
445,164,0.00043337047
446,164,0.0003661178
447,164,0.0006728722
448,164,0.00029511563
449,164,0.00013304409
450,164,0.00022551045
451,164,0.0006880406
452,164,0.00026970636
453,164,0.00089144055
454,164,0.00083816703
455,164,0.00029183645
456,164,0.000770702
457,164,0.0005494263
458,164,0.0007256195
459,164,0.0006648861
460,164,0.0006643478
461,164,0.0010687374
462,164,0.00064431876
463,164,0.00085230824
464,164,0.0001634201
465,164,0.0010703346
466,164,0.00038990472
467,164,0.0005394593
468,164,0.0008053286
469,164,0.000652547
470,164,0.00048736855
471,164,0.0002874639
472,164,0.00031246617
473,164,-2.8464943e-05
474,164,0.0008055335
475,164,0.00087161735
476,164,0.00071500335
477,164,0.00035533495
478,164,0.0006138999
479,164,0.00049905665
480,164,0.00054042134
481,164,0.0007273117
482,164,0.0005748514
483,164,0.00044548325
484,164,0.00051369425
485,164,0.0008636955
486,164,0.00075800624
487,164,0.0004945928
488,164,0.0004001353
489,164,0.00050798524
490,164,0.0003742939
491,164,4.003942e-05
492,164,0.00035965908
493,164,0.0006864285
494,164,0.00014319178
0,165,0.0003419295
1,165,0.0004472658
2,165,0.00057999603
3,165,0.00050314143
4,165,0.00046483334
5,165,0.00013191719
6,165,0.0005926546
7,165,0.0005870946
8,165,0.0010080552
9,165,0.00071150064
10,165,0.0006779209
11,165,0.00080702174
12,165,0.00061666593
13,165,0.00045996998
14,165,0.0008597411
15,165,0.0007125968
16,165,
17,165,0.00060884375
18,165,0.00027858093
19,165,0.0006157933
20,165,0.00035478454
21,165,0.000352717
22,165,
23,165,
24,165,
25,165,
26,165,
27,165,
28,165,0.00033518113
29,165,0.0009468952
30,165,
31,165,0.00038730074
32,165,0.0010138368
33,165,0.001142811
34,165,0.00040833466
35,165,0.000610088
36,165,0.00094422325
37,165,0.0014639907
38,165,0.00096139684
39,165,0.00054047164
40,165,0.001059901
41,165,0.0006272448
42,165,0.0005256077
43,165,6.661005e-05
44,165,0.00030793808
45,165,0.00011656154
46,165,0.00043243077
47,165,0.00094362535
48,165,0.0007064147
49,165,0.00032977108
50,165,0.0007871175
51,165,-2.1268614e-05
52,165,
53,165,
54,165,
55,165,-0.00011365954
56,165,
57,165,0.00041770004
58,165,
59,165,
60,165,
61,165,
62,165,
63,165,
64,165,0.0006975718
65,165,0.0010956815
66,165,0.00067452155
67,165,0.00069897994
68,165,0.0005062269
69,165,0.0005271202
70,165,0.0004535187
71,165,0.00040739775
72,165,
73,165,
74,165,
75,165,
76,165,
77,165,0.00038041454
78,165,0.00061357487
79,165,0.00022824109
80,165,0.0008198172
81,165,
82,165,
83,165,0.00030332245
84,165,0.0004593283
85,165,0.0010975739
86,165,0.00090334564
87,165,0.0005728649
88,165,0.0010454506
89,165,0.0006033145
90,165,0.0005756179
91,165,0.00038921554
92,165,0.0005895393
93,165,0.00071863737
94,165,0.00097175874
95,165,0.00066151284
96,165,0.00090500526
97,165,0.00029178243
98,165,0.00082779396
99,165,0.000554055
100,165,0.00050246343
101,165,0.00033095572
102,165,
103,165,0.0007868381
104,165,0.00027621817
105,165,-0.00021203049
106,165,
107,165,0.00075687096
108,165,0.0005701659
109,165,0.00013129413
110,165,0.0005988786
111,165,
112,165,
113,165,
114,165,
115,165,
116,165,0.0005783038
117,165,
118,165,
119,165,
120,165,
121,165,
122,165,
123,165,
124,165,
125,165,
126,165,0.00039998908
127,165,0.00034605432
128,165,0.00014395174
129,165,0.0003267061
130,165,0.00055286754
131,165,0.00061101094
132,165,0.00014180038
133,165,0.00084585696
134,165,0.0005117217
135,165,0.00028578937
136,165,0.00061207265
137,165,
138,165,
139,165,
140,165,
141,165,
142,165,
143,165,
144,165,
145,165,
146,165,
147,165,
148,165,
149,165,0.00091258157
150,165,0.00036077946
151,165,0.0008968022
152,165,0.0005153408
153,165,0.00082574785
154,165,0.00046802033
155,165,0.0008299686
156,165,0.0007598037
157,165,0.00049382355
158,165,0.00068750884
159,165,0.0006398773
160,165,0.00055753626
161,165,0.0006114235
162,165,6.6533685e-06
163,165,0.00051480904
164,165,0.00054424256
165,165,0.00085136667
166,165,0.00090595614
167,165,0.00060358737
168,165,0.00015157089
169,165,0.0009795409
170,165,0.0003513759
171,165,0.0004215464
172,165,0.00037708506
173,165,0.0005146153
174,165,0.00068190135
175,165,0.0012615053
176,165,0.0009631468
177,165,0.00029770937
178,165,0.00052077137
179,165,0.00089600123
180,165,5.0209463e-05
181,165,0.000938002
182,165,0.00017442834
183,165,-0.00012503937
184,165,0.0003726175
185,165,0.0005995771
186,165,0.0009123152
187,165,
188,165,0.00091834366
189,165,0.0009666309
190,165,0.00015020464
191,165,0.0009361869
192,165,0.0009954032
193,165,0.0007968629
194,165,0.00096447486
195,165,0.0011828505
196,165,0.0010684654
197,165,0.0010920586
198,165,0.0013157818
199,165,0.0005686926
200,165,0.0008838335
201,165,0.00094370823
202,165,0.0011337083
203,165,0.0012002308
204,165,0.00042235758
205,165,0.0005015563
206,165,0.00075365603
207,165,
208,165,
209,165,
210,165,
211,165,0.00016376376
212,165,0.00082982145
213,165,0.0007559629
214,165,0.00075845886
215,165,0.00038914662
216,165,0.00037393812
217,165,0.0005946988
218,165,0.00057609193
219,165,0.00016684644
220,165,0.000306312
221,165,0.00060861465
222,165,0.0010194005
223,165,0.0003420543
224,165,0.0008043051
225,165,0.000573257
226,165,0.00048206747
227,165,0.00041772146
228,165,0.0004991973
229,165,0.0003021853
230,165,0.0005363412
231,165,-0.00032363925
232,165,0.00058948994
233,165,0.00030405633
234,165,0.00032134168
235,165,0.00053413585
236,165,0.00060446
237,165,0.00042002462
238,165,0.0010388782
239,165,0.0011097789
240,165,0.0006211521
241,165,0.00060800277
242,165,0.00089495257
243,165,0.0005225353
244,165,0.00059368927
245,165,0.0005852943
246,165,0.00048243627
247,165,0.00047382433
248,165,0.00078636315
249,165,0.00068604294
250,165,0.0003246041
251,165,0.0003485363
252,165,0.0006272122
253,165,0.000729762
254,165,0.00071093254
255,165,0.00042530056
256,165,0.0003625173
257,165,0.00035918504
258,165,0.0009564385
259,165,0.00091631897
260,165,0.0006369548
261,165,0.0009525679
262,165,0.0004724227
263,165,0.00064018276
264,165,0.00012632366
265,165,0.0005764598
266,165,0.00079873856
267,165,-4.472118e-05
268,165,0.0012272345
269,165,0.00055395905
270,165,0.00043099187
271,165,
272,165,
273,165,
274,165,
275,165,0.00027295016
276,165,0.00027609896
277,165,0.00045986008
278,165,0.00048813224
279,165,0.0006409865
280,165,0.00019509066
281,165,0.0005497001
282,165,0.00065185595
283,165,0.0006304756
284,165,0.00056267995
285,165,0.0008670902
286,165,0.0006060498
287,165,0.0005460344
288,165,0.00062251836
289,165,0.0007773228
290,165,0.0011220956
291,165,1.1291355e-05
292,165,0.00046103448
293,165,0.00016197935
294,165,0.00027072802
295,165,5.749706e-05
296,165,0.00058813207
297,165,0.00050929
298,165,0.0005980972
299,165,0.00038230512
300,165,0.00084403343
301,165,0.00027643424
302,165,0.0012195166
303,165,0.00039642118
304,165,0.0005814191
305,165,0.00060885306
306,165,0.0003967993
307,165,0.000654866
308,165,0.0008079931
309,165,0.0006763572
310,165,0.0008472847
311,165,0.0005872622
312,165,0.0009396225
313,165,3.3506192e-05
314,165,0.0004502749
315,165,0.00021161698
316,165,0.0006253524
317,165,0.00052919984
318,165,0.00069878343
319,165,0.0001665838
320,165,0.0010303743
321,165,-0.00012269057
322,165,9.0483576e-05
323,165,0.001175818
324,165,0.00092084147
325,165,0.0008594664
326,165,0.0003203135
327,165,0.00018752832
328,165,0.000564863
329,165,0.00048206374
330,165,0.0011992678
331,165,-0.00015372131
332,165,0.00035217404
333,165,4.6218745e-05
334,165,0.00078646466
335,165,-7.12974e-05
336,165,0.00034961104
337,165,0.00021830574
338,165,0.00049754605
339,165,0.0006183004
340,165,1.8444844e-05
341,165,0.0005530808
342,165,0.0006458815
343,165,0.00062504224
344,165,0.00091747195
345,165,0.000794054
346,165,0.00041498616
347,165,0.00030713156
348,165,0.001119162
349,165,0.00060064904
350,165,0.00063042156
351,165,0.00071139913
352,165,0.0005837083
353,165,0.00086183473
354,165,0.0010083504
355,165,0.0007995218
356,165,0.0008242922
357,165,0.0006346712
358,165,0.00060917623
359,165,0.0005626343
360,165,0.00038639084
361,165,0.0007245671
362,165,0.0008693477
363,165,0.00077286735
364,165,0.0007371567
365,165,0.00019385014
366,165,7.8567304e-05
367,165,0.00065751374
368,165,0.00068886764
369,165,0.00042870454
370,165,0.00063804444
371,165,0.00033223815
372,165,0.0003430685
373,165,0.0007084869
374,165,0.0004219385
375,165,0.00017019268
376,165,0.00038016774
377,165,0.00048785005
378,165,0.00033455342
379,165,0.0004545916
380,165,0.00019911584
381,165,0.00083228014
382,165,-2.6347116e-05
383,165,0.0010412876
384,165,0.00073338114
385,165,0.0006379392
386,165,0.0008195136
387,165,0.00036400277
388,165,0.0006196676
389,165,0.0004666848
390,165,0.00040024426
391,165,0.0003616605
392,165,0.00071667973
393,165,0.0006067166
394,165,0.00031091366
395,165,0.00022316538
396,165,0.00016991235
397,165,0.0002675932
398,165,0.00030563492
399,165,0.00021336321
400,165,0.00036647078
401,165,0.0006165067
402,165,0.00048015732
403,165,0.0004115505
404,165,0.00038117357
405,165,0.00025803596
406,165,1.7675571e-05
407,165,0.0006518578
408,165,0.00072129164
409,165,0.0006637685
410,165,0.00084306765
411,165,0.00085455645
412,165,0.00038057286
413,165,0.00017087441
414,165,0.0005390784
415,165,0.0009890217
416,165,0.00033740792
417,165,0.0003916463
418,165,0.0006791614
419,165,0.0003871536
420,165,0.00050366204
421,165,0.0005995035
422,165,5.6188554e-05
423,165,0.0006665746
424,165,0.00061723683
425,165,0.0007414166
426,165,0.00019701384
427,165,0.00045916997
428,165,0.00062022265
429,165,0.0006146142
430,165,0.0006361706
431,165,0.00066353753
432,165,0.00031122565
433,165,0.00026136637
434,165,0.0007046126
435,165,0.00022519007
436,165,0.00015926361
437,165,0.00065537076
438,165,0.0005627414
439,165,0.0004459601
440,165,0.00019942969
441,165,0.00052318536
442,165,0.000611132
443,165,0.00019867998
444,165,0.000590316
445,165,0.00050201453
446,165,0.00048143417
447,165,0.0006372975
448,165,0.00067362934
449,165,0.00054674316
450,165,-0.00014188793
451,165,0.00066855364
452,165,0.00045068096
453,165,0.000817908
454,165,0.0006295508
455,165,0.00040109828
456,165,-1.21360645e-05
457,165,0.00048714224
458,165,0.00032873452
459,165,0.00045202672
460,165,0.00062642153
461,165,0.0007436415
462,165,0.000642295
463,165,0.0006035697
464,165,0.00016592536
465,165,0.0005509043
466,165,0.00050552003
467,165,0.0005228324
468,165,0.0005723974
469,165,0.00056743063
470,165,0.000157048
471,165,0.0008627586
472,165,0.00076573715
473,165,0.00035895407
474,165,0.0008686725
475,165,0.0008057058
476,165,0.00061644986
477,165,0.0006147595
478,165,0.0003433507
479,165,8.04523e-05
480,165,0.0002729483
481,165,0.0008875225
482,165,0.00027604774
483,165,0.0009759888
484,165,0.0009070374
485,165,0.0007719854
486,165,0.00018091872
487,165,0.00025452208
488,165,0.00039178226
489,165,0.00066183787
490,165,0.00081106834
491,165,0.00022125803
492,165,0.0007837182
493,165,0.00030216947
494,165,0.00088656787
0,166,0.0002940325
1,166,0.00059475005
2,166,0.00068951864
3,166,0.0008639628
4,166,0.0003589848
5,166,0.00032580644
6,166,0.0008453224
7,166,0.0005238345
8,166,0.0008503236
9,166,0.00041849818
10,166,0.0003081644
11,166,0.00076764077
12,166,0.0002257321
13,166,0.0006044358
14,166,0.00085155386
15,166,0.00037211832
16,166,
17,166,0.0006863177
18,166,0.0010244101
19,166,0.0005584704
20,166,0.00021382794
21,166,0.00072282273
22,166,
23,166,
24,166,0.0007313192
25,166,
26,166,
27,166,
28,166,
29,166,
30,166,
31,166,
32,166,
33,166,0.000983132
34,166,0.00097218715
35,166,0.0007380722
36,166,0.0006508175
37,166,0.0016026944
38,166,0.0011412334
39,166,0.0009119641
40,166,0.0011865143
41,166,0.0008038953
42,166,0.00070977863
43,166,0.0002203267
44,166,0.0008413885
45,166,0.0006096028
46,166,0.0005667908
47,166,0.00044069532
48,166,0.0005642092
49,166,0.00019436702
50,166,-1.0078773e-05
51,166,
52,166,0.0009988649
53,166,
54,166,0.00097343046
55,166,
56,166,
57,166,
58,166,
59,166,
60,166,
61,166,
62,166,
63,166,
64,166,0.00051915087
65,166,
66,166,0.0007622605
67,166,0.0009301733
68,166,0.0010407064
69,166,
70,166,0.0003656596
71,166,0.00092890486
72,166,
73,166,
74,166,
75,166,
76,166,
77,166,
78,166,0.0011041751
79,166,-4.6241097e-05
80,166,0.0010587825
81,166,0.00035099778
82,166,
83,166,0.0005123336
84,166,0.00077604596
85,166,0.00076521933
86,166,0.00081187114
87,166,0.00054844376
88,166,0.00013002101
89,166,0.00092018675
90,166,0.00073307194
91,166,0.0004971428
92,166,0.0003711395
93,166,0.00064803846
94,166,0.000991065
95,166,0.00041832123
96,166,0.00036525633
97,166,0.0011390038
98,166,0.00062541105
99,166,0.00093328115
100,166,0.000495418
101,166,0.000834954
102,166,0.0009378614
103,166,0.0006635701
104,166,0.00048080273
105,166,0.00041763578
106,166,0.0002993038
107,166,
108,166,
109,166,0.00068815984
110,166,0.00042943377
111,166,
112,166,0.00059434306
113,166,-7.8096986e-05
114,166,-7.604994e-05
115,166,
116,166,
117,166,
118,166,
119,166,
120,166,
121,166,
122,166,
123,166,
124,166,
125,166,
126,166,
127,166,
128,166,0.0004416909
129,166,0.00056331046
130,166,0.00047622435
131,166,0.00018207543
132,166,0.00015889667
133,166,0.00033412874
134,166,0.0007158909
135,166,0.00029051118
136,166,
137,166,
138,166,
139,166,
140,166,
141,166,
142,166,
143,166,
144,166,
145,166,
146,166,
147,166,
148,166,
149,166,0.0005582655
150,166,0.00062110275
151,166,0.0004667146
152,166,0.00020779483
153,166,0.0004993966
154,166,0.0010610232
155,166,0.00075399503
156,166,0.0002760496
157,166,0.0010809805
158,166,0.0007411493
159,166,0.00045719277
160,166,0.00072310213
161,166,0.00038359314
162,166,0.0007705502
163,166,0.0011619097
164,166,0.00085183233
165,166,0.0007691765
166,166,0.0012957565
167,166,0.00069358945
168,166,0.0003751563
169,166,0.00031446107
170,166,0.00042675622
171,166,0.00034063496
172,166,0.0005685352
173,166,0.0008910075
174,166,0.00093156565
175,166,0.00030252896
176,166,-1.6847625e-06
177,166,0.0005311528
178,166,0.00036042836
179,166,0.0002864804
180,166,0.00026582833
181,166,0.00094192475
182,166,0.0005234778
183,166,0.00027847663
184,166,0.00012099929
185,166,0.0008551236
186,166,0.0006347997
187,166,
188,166,0.00060275383
189,166,0.0009543309
190,166,0.0012978911
191,166,0.0010814881
192,166,0.0008651288
193,166,0.00071470905
194,166,0.0011812095
195,166,0.0012233248
196,166,0.0011409065
197,166,0.0009003645
198,166,0.0007487051
199,166,0.0009872802
200,166,0.0012008054
201,166,0.000767977
202,166,0.00051123183
203,166,0.0008240668
204,166,0.0006019315
205,166,0.0005364241
206,166,0.00023616757
207,166,
208,166,
209,166,
210,166,
211,166,0.0007452583
212,166,0.00060091633
213,166,0.00070455205
214,166,0.00046873186
215,166,0.00049479865
216,166,0.00028423313
217,166,0.00054246094
218,166,0.00036361068
219,166,0.00029745884
220,166,0.0002170382
221,166,0.00080476515
222,166,0.0004455112
223,166,0.00021602027
224,166,0.00011371076
225,166,0.00038913265
226,166,0.00039326213
227,166,0.0007575769
228,166,0.0005212622
229,166,0.00055863895
230,166,0.00047543645
231,166,0.00067229103
232,166,0.00037929788
233,166,0.0005762521
234,166,0.00051828194
235,166,0.0005647233
236,166,0.00068544224
237,166,0.0003606705
238,166,0.00060255453
239,166,0.0008643875
240,166,0.00052303076
241,166,0.0009019589
242,166,0.00059058145
243,166,0.00041907094
244,166,0.00030987896
245,166,0.00087227207
246,166,0.00020882115
247,166,0.000699684
248,166,0.00016903598
249,166,0.00077215396
250,166,0.0003070142
251,166,0.0003139656
252,166,0.00075799413
253,166,0.0008866731
254,166,0.0005202964
255,166,0.000658717
256,166,0.00011953991
257,166,0.00021424517
258,166,0.00047788303
259,166,-9.165425e-05
260,166,0.0004183324
261,166,0.00047984906
262,166,-9.146333e-05
263,166,1.9552186e-05
264,166,0.00032831356
265,166,0.00060069375
266,166,0.00018661655
267,166,-0.00011464674
268,166,0.000380544
269,166,0.0007264726
270,166,0.0002754638
271,166,0.00070774276
272,166,
273,166,
274,166,0.0012405273
275,166,0.000611119
276,166,0.00070842355
277,166,0.00039558765
278,166,0.00034442078
279,166,0.00031362288
280,166,0.00040818565
281,166,0.00026735477
282,166,8.0786645e-05
283,166,0.0007417081
284,166,0.00059450325
285,166,0.0008320119
286,166,0.00038912147
287,166,0.00041171908
288,166,0.000582885
289,166,0.00044991914
290,166,0.00058966875
291,166,0.00093194284
292,166,0.00050029997
293,166,0.00051538274
294,166,0.00048773736
295,166,0.0007898826
296,166,0.001164536
297,166,0.00043461286
298,166,7.228833e-05
299,166,0.00073392317
300,166,0.00029414706
301,166,0.0010283245
302,166,0.0001684567
303,166,0.0013033738
304,166,0.00031917542
305,166,0.0005347086
306,166,0.0001309719
307,166,0.0007609101
308,166,0.00043507945
309,166,0.0007665446
310,166,0.00023982953
311,166,0.00071042124
312,166,0.00086235814
313,166,0.0003379183
314,166,0.00038652308
315,166,0.0007569231
316,166,0.00059526414
317,166,0.0005774442
318,166,0.00024143141
319,166,0.0007369872
320,166,0.0006911084
321,166,0.00035580434
322,166,0.00036372617
323,166,0.00044952054
324,166,0.00022293814
325,166,0.0008544866
326,166,0.0002713343
327,166,0.00048333313
328,166,0.0005878154
329,166,0.0008429112
330,166,0.00020451657
331,166,0.00026052352
332,166,0.00073701236
333,166,0.00040981267
334,166,0.00036094338
335,166,0.00012993906
336,166,0.0009877179
337,166,0.00019135885
338,166,-0.0001004776
339,166,-0.00018074177
340,166,0.0008364087
341,166,0.00012966432
342,166,0.00079206936
343,166,0.0009974977
344,166,0.00019852072
345,166,0.0007338086
346,166,0.0005908543
347,166,0.00036127958
348,166,0.0009192545
349,166,0.00053528976
350,166,7.18385e-05
351,166,0.00021427032
352,166,0.0009670649
353,166,0.00070658326
354,166,0.0006280448
355,166,0.0008790735
356,166,0.0002659494
357,166,0.0009550359
358,166,0.0008083526
359,166,0.0008770749
360,166,0.00080129784
361,166,0.0004993519
362,166,0.0005019214
363,166,0.00074922293
364,166,0.00066124275
365,166,0.001154595
366,166,0.00050218217
367,166,0.0007077446
368,166,0.00068986695
369,166,-2.342835e-05
370,166,0.0006302977
371,166,0.0006782785
372,166,0.0005872799
373,166,0.0003903024
374,166,0.0009340709
375,166,0.00081707723
376,166,0.00088219065
377,166,0.00036937185
378,166,0.0005217232
379,166,0.0003706608
380,166,0.0005004471
381,166,0.00022842642
382,166,0.00015467871
383,166,0.0010399017
384,166,0.0003811512
385,166,-0.00027545914
386,166,0.00037898868
387,166,0.00041437522
388,166,0.00042479113
389,166,0.0002661394
390,166,0.00067213364
391,166,0.0003831098
392,166,0.00045646727
393,166,0.00041720923
394,166,0.00014614873
395,166,0.0007199282
396,166,0.00059111323
397,166,0.00034495536
398,166,0.00020583719
399,166,0.0008792626
400,166,0.0007084338
401,166,0.0007297108
402,166,0.00041863602
403,166,0.00030571036
404,166,0.00048636273
405,166,0.00015594251
406,166,0.00061064307
407,166,0.0005022716
408,166,-9.528641e-05
409,166,0.00040355977
410,166,0.0004658429
411,166,0.0006143246
412,166,0.000893631
413,166,9.174552e-05
414,166,0.0008109296
415,166,0.00072133355
416,166,0.00048811268
417,166,0.00049497373
418,166,0.0008775862
419,166,6.466266e-05
420,166,0.00010965951
421,166,8.047372e-05
422,166,0.00068774447
423,166,0.00050720014
424,166,0.00046796165
425,166,0.0005110279
426,166,0.00048591755
427,166,0.00019387621
428,166,0.00044957828
429,166,0.0005017556
430,166,-6.2575564e-05
431,166,0.0007964587
432,166,0.00026543997
433,166,0.0002670046
434,166,0.0002092924
435,166,0.0002802899
436,166,0.0003186129
437,166,0.00022868626
438,166,0.00019423664
439,166,0.00050887745
440,166,0.00064628106
441,166,0.0006181458
442,166,0.0008656755
443,166,0.0004950259
444,166,0.00062158797
445,166,0.0005578073
446,166,0.00059818756
447,166,0.00036887173
448,166,0.00086090155
449,166,0.00015304517
450,166,0.0004430879
451,166,0.00020291656
452,166,0.00037804246
453,166,0.0006953208
454,166,0.0010762066
455,166,0.00041145273
456,166,0.00070291106
457,166,0.0006134743
458,166,0.00013200007
459,166,0.00021978281
460,166,0.00049353484
461,166,0.0004719058
462,166,0.00035975967
463,166,0.0002787141
464,166,0.00071787555
465,166,0.00073134433
466,166,0.000738685
467,166,0.0006731646
468,166,0.0006201528
469,166,0.00043122005
470,166,0.00031524897
471,166,0.00086581055
472,166,0.00048149936
473,166,0.00070325006
474,166,0.0005444102
475,166,0.0009158598
476,166,0.00053794123
477,166,0.00046769716
478,166,0.00063258223
479,166,0.00013297796
480,166,0.00065781176
481,166,0.00031966437
482,166,0.00026612822
483,166,0.0005661156
484,166,0.00079715066
485,166,0.00092723314
486,166,0.0010113697
487,166,0.0006160736
488,166,0.00074361917
489,166,0.00049575977
490,166,0.00064323284
491,166,0.00062481314
492,166,0.0008694222
493,166,0.00042736344
494,166,0.00076774135
0,167,0.00031332765
1,167,0.0006202264
2,167,0.0007558279
3,167,0.00014266185
4,167,-0.00034424476
5,167,0.0001278678
6,167,0.00057786517
7,167,0.000575345
8,167,0.00052731764
9,167,0.0006229682
10,167,0.0005629398
11,167,0.0004108036
12,167,0.0010089669
13,167,0.00095428526
14,167,0.0012117513
15,167,0.0005932646
16,167,0.0002942402
17,167,
18,167,0.00039413385
19,167,0.00048195105
20,167,0.00064550433
21,167,0.0011910899
22,167,
23,167,
24,167,
25,167,
26,167,
27,167,
28,167,
29,167,
30,167,
31,167,0.00086270366
32,167,0.0008418448
33,167,-0.00013162754
34,167,0.0006110957
35,167,0.0007279813
36,167,0.0011646161
37,167,0.0012406865
38,167,0.00013879314
39,167,0.0012963796
40,167,0.00090814196
41,167,-8.190051e-05
42,167,0.001118646
43,167,0.00081750937
44,167,-1.5585683e-05
45,167,0.0006461451
46,167,0.0005826466
47,167,0.00068467204
48,167,0.00081118476
49,167,0.0004949663
50,167,
51,167,0.00072499365
52,167,
53,167,
54,167,
55,167,
56,167,
57,167,
58,167,0.00034941826
59,167,
60,167,
61,167,
62,167,
63,167,0.00066079386
64,167,0.0005868897
65,167,0.00059873983
66,167,0.00051813386
67,167,0.00033945683
68,167,0.0014350796
69,167,0.000994171
70,167,0.000741113
71,167,0.00018085353
72,167,
73,167,
74,167,
75,167,
76,167,
77,167,
78,167,0.00048111472
79,167,0.00045815203
80,167,0.00048041716
81,167,0.00033123977
82,167,
83,167,
84,167,
85,167,0.00061820075
86,167,0.0010524374
87,167,-7.146038e-06
88,167,0.00017685257
89,167,0.0008204216
90,167,0.0012294278
91,167,0.000571738
92,167,0.0010874737
93,167,0.0005933866
94,167,0.0012143487
95,167,0.00044315495
96,167,0.00015626475
97,167,0.0007238388
98,167,0.0008232016
99,167,0.00052116904
100,167,0.00052448455
101,167,0.00051755924
102,167,0.00075922254
103,167,0.00045144
104,167,0.00031728204
105,167,0.00043385476
106,167,
107,167,0.00048521813
108,167,0.0006357841
109,167,
110,167,0.00045060366
111,167,
112,167,0.0010739705
113,167,
114,167,
115,167,
116,167,
117,167,
118,167,
119,167,
120,167,
121,167,
122,167,
123,167,
124,167,
125,167,
126,167,
127,167,
128,167,
129,167,
130,167,
131,167,
132,167,
133,167,
134,167,
135,167,
136,167,
137,167,
138,167,
139,167,
140,167,
141,167,
142,167,
143,167,
144,167,0.00017775781
145,167,
146,167,
147,167,
148,167,
149,167,0.00026405975
150,167,0.0012788782
151,167,0.00069488864
152,167,0.00041898713
153,167,0.00081598014
154,167,0.0004158616
155,167,0.0008434085
156,167,0.0005407231
157,167,0.0005741175
158,167,0.00073402
159,167,0.0006603608
160,167,0.00058324076
161,167,0.001202072
162,167,0.0004984131
163,167,0.0007141782
164,167,0.0009282343
165,167,0.0004942836
166,167,0.0004363954
167,167,7.379614e-05
168,167,0.00066701137
169,167,0.00065591186
170,167,0.00012891274
171,167,-0.00014672987
172,167,0.0003814362
173,167,0.00034246594
174,167,0.00010756496
175,167,0.00041732937
176,167,0.00044415705
177,167,0.0004233839
178,167,0.0005787974
179,167,0.0007768553
180,167,0.00012649968
181,167,0.00035799015
182,167,0.0011521401
183,167,0.00037459843
184,167,0.00069318525
185,167,0.00044917502
186,167,
187,167,0.00044094212
188,167,0.0007220786
189,167,0.0012404611
190,167,0.0006736247
191,167,0.0008817138
192,167,0.00083680823
193,167,0.0008682776
194,167,0.0009230571
195,167,0.00048065558
196,167,0.0009427527
197,167,0.0010532439
198,167,0.0011212658
199,167,0.000939087
200,167,0.00053936895
201,167,0.000853071
202,167,0.0008482188
203,167,0.00078542717
204,167,0.00072040036
205,167,0.00045791827
206,167,0.0008060634
207,167,0.0008336315
208,167,
209,167,
210,167,
211,167,0.0003236495
212,167,0.0010329327
213,167,0.0009250771
214,167,0.0002283249
215,167,0.0008671917
216,167,0.0008328501
217,167,0.00013012253
218,167,0.00088956207
219,167,0.00036932714
220,167,0.000652547
221,167,0.00040337816
222,167,0.0009375075
223,167,0.00048399996
224,167,0.00044684391
225,167,0.0003907252
226,167,4.771538e-05
227,167,0.0003551077
228,167,0.00043010432
229,167,0.00049727224
230,167,0.00075584464
231,167,0.0013502445
232,167,0.00010694284
233,167,0.00032274332
234,167,0.0006920006
235,167,0.0008524498
236,167,0.00045301113
237,167,0.00027419254
238,167,0.0008322792
239,167,0.00035284087
240,167,0.00060971826
241,167,0.0010122033
242,167,0.0006052712
243,167,0.00064846035
244,167,0.0005025286
245,167,0.00013471115
246,167,0.00075825583
247,167,0.00033389684
248,167,0.00022454374
249,167,0.00071496144
250,167,0.0005498808
251,167,0.00071154814
252,167,0.00062606856
253,167,0.0006351238
254,167,0.00023785979
255,167,0.0005707424
256,167,0.00054355245
257,167,0.00049566943
258,167,-8.914061e-05
259,167,0.0001488626
260,167,0.0007764511
261,167,0.00059677847
262,167,0.00072166976
263,167,0.00044112373
264,167,0.0007620482
265,167,0.0003089551
266,167,0.0008053072
267,167,0.000411571
268,167,0.0005779583
269,167,0.0006680768
270,167,0.00029969495
271,167,0.00030777045
272,167,
273,167,
274,167,
275,167,0.0002667224
276,167,0.0006301608
277,167,0.00023342296
278,167,0.00029806327
279,167,0.00030550547
280,167,0.00065772515
281,167,0.00044036657
282,167,0.0006653238
283,167,0.0008022059
284,167,0.0010484718
285,167,0.0007820213
286,167,0.0008727275
287,167,0.0004960792
288,167,0.0006768005
289,167,0.0004929919
290,167,0.0006273659
291,167,0.000248543
292,167,0.00027624425
293,167,0.00033619534
294,167,0.0006991299
295,167,0.0004003076
296,167,0.0006236322
297,167,0.0005020164
298,167,0.00047808792
299,167,0.0006070882
300,167,0.0006758459
301,167,0.00028380938
302,167,0.0006764233
303,167,-2.8330833e-06
304,167,0.00046304055
305,167,0.0005137101
306,167,0.00072486233
307,167,0.0009935247
308,167,0.00055876654
309,167,0.0004811734
310,167,0.00077278726
311,167,0.00030687544
312,167,8.7413006e-05
313,167,0.00070905685
314,167,0.0005784789
315,167,0.00044603553
316,167,0.00030480418
317,167,-0.00014820229
318,167,0.00033702515
319,167,-0.00029017124
320,167,6.967317e-05
321,167,0.0009121103
322,167,0.0005166475
323,167,0.0007100338
324,167,0.0006646104
325,167,0.0006096959
326,167,0.00094276574
327,167,0.0007459931
328,167,0.00015759096
329,167,0.0005207071
330,167,0.0003978042
331,167,0.0007374473
332,167,0.00022925902
333,167,0.00051212776
334,167,0.0007788148
335,167,0.0009953976
336,167,0.0005393205
337,167,0.00068323687
338,167,0.0002838662
339,167,0.00034281053
340,167,0.0002777502
341,167,0.0003565615
342,167,0.0008606147
343,167,0.0004111519
344,167,0.000629955
345,167,0.0005930215
346,167,-1.24797225e-05
347,167,0.0010270895
348,167,-0.00011507608
349,167,0.00039612968
350,167,0.00061780773
351,167,0.0007464178
352,167,0.00062661525
353,167,0.0004297616
354,167,0.00031792466
355,167,0.0006315904
356,167,0.0005633822
357,167,0.0009794263
358,167,0.00028235465
359,167,0.00052412786
360,167,0.00088328775
361,167,0.00062803924
362,167,0.00011237152
363,167,0.0005401885
364,167,0.0010325229
365,167,0.0003942959
366,167,0.00087091886
367,167,0.0006206203
368,167,0.00049530156
369,167,0.0006211633
370,167,0.00061421376
371,167,0.000264721
372,167,0.00080693513
373,167,8.214079e-05
374,167,0.0008915067
375,167,0.00041989423
376,167,0.00048449915
377,167,0.0008660909
378,167,0.00027048495
379,167,0.00033385493
380,167,0.00064366125
381,167,0.0005191332
382,167,0.00038912427
383,167,5.9353188e-06
384,167,0.00046933256
385,167,0.00078388024
386,167,0.00046186894
387,167,0.00025105197
388,167,0.00022289623
389,167,0.00036574714
390,167,0.00075916573
391,167,0.000490834
392,167,0.00036427844
393,167,0.0003320407
394,167,0.0005751923
395,167,0.00033949688
396,167,7.141009e-05
397,167,0.0005965326
398,167,0.00043995772
399,167,0.00050985627
400,167,0.00061999075
401,167,0.00050263293
402,167,0.00018882193
403,167,0.00050756894
404,167,-9.325612e-05
405,167,0.0006578686
406,167,0.00019412301
407,167,0.0006590318
408,167,0.000257249
409,167,0.0003592223
410,167,0.0007958822
411,167,0.00034078117
412,167,0.0007136697
413,167,0.0009085033
414,167,0.00063514337
415,167,0.0002918411
416,167,0.0005351901
417,167,0.00053903554
418,167,0.0008656634
419,167,0.00037977006
420,167,0.00031135976
421,167,0.00046538282
422,167,0.0004115943
423,167,0.0007607313
424,167,0.0005682958
425,167,0.00044524483
426,167,0.0005462365
427,167,0.0004707491
428,167,0.0006020274
429,167,0.0002492424
430,167,0.00013784133
431,167,0.00011179503
432,167,0.00027002487
433,167,0.000303993
434,167,0.0008366648
435,167,0.00019661337
436,167,0.00021603238
437,167,0.0007158816
438,167,0.0008231811
439,167,0.00012234971
440,167,2.3838133e-05
441,167,0.00031191856
442,167,0.0006045848
443,167,0.00017597154
444,167,0.0005334802
445,167,0.000627324
446,167,0.0003370829
447,167,0.00037426595
448,167,0.00076477416
449,167,0.0008195173
450,167,6.435439e-05
451,167,-8.266419e-05
452,167,0.00055745617
453,167,0.0008738432
454,167,0.00023164134
455,167,2.5703572e-05
456,167,0.000491824
457,167,0.00050896127
458,167,0.00070501864
459,167,0.0005059913
460,167,0.0004354082
461,167,0.00033409894
462,167,4.8923306e-05
463,167,0.000682367
464,167,0.00061989017
465,167,0.00035344623
466,167,0.00040594954
467,167,0.0004279539
468,167,0.00063333474
469,167,9.014271e-05
470,167,6.5048225e-05
471,167,0.00045323372
472,167,0.00053945556
473,167,0.0010679532
474,167,0.00081732124
475,167,0.0005016327
476,167,0.0008016387
477,167,0.0009710612
478,167,0.0009927982
479,167,0.0005216263
480,167,0.0005209632
481,167,0.00042885542
482,167,0.0007817894
483,167,0.00054915436
484,167,0.00023858249
485,167,0.0005191993
486,167,0.00058545824
487,167,0.00065116305
488,167,0.0004914161
489,167,0.00069566816
490,167,3.8072467e-05
491,167,0.00026940648
492,167,0.0005762605
493,167,0.00075138826
494,167,0.00019776076
0,168,0.00050162803
1,168,0.00040416792
2,168,0.00067778584
3,168,0.0009634467
4,168,0.0003380645
5,168,0.0005654292
6,168,0.0006528096
7,168,0.0010842243
8,168,0.0006031059
9,168,0.000314679
10,168,0.000906609
11,168,0.00090643764
12,168,0.00045819115
13,168,0.0006604949
14,168,0.00077825226
15,168,0.00056299474
16,168,0.000523665
17,168,0.00043302774
18,168,
19,168,0.00050278194
20,168,0.0007460229
21,168,0.000536127
22,168,0.0010089884
23,168,
24,168,
25,168,
26,168,
27,168,0.0005269451
28,168,
29,168,0.00032323878
30,168,0.00042648334
31,168,
32,168,
33,168,0.00082629453
34,168,0.0007772688
35,168,0.00062354375
36,168,0.00051914155
37,168,0.00027183257
38,168,0.00069372915
39,168,0.00026956573
40,168,0.0005196268
41,168,0.00023438502
42,168,0.0012169126
43,168,0.0010251803
44,168,0.00022913516
45,168,0.0005633319
46,168,0.0005042637
47,168,0.0010115402
48,168,0.00050682295
49,168,
50,168,0.00052710157
51,168,
52,168,
53,168,
54,168,
55,168,
56,168,
57,168,
58,168,
59,168,
60,168,
61,168,
62,168,
63,168,0.0010207985
64,168,
65,168,
66,168,-4.5308843e-05
67,168,
68,168,
69,168,
70,168,
71,168,
72,168,
73,168,
74,168,
75,168,
76,168,
77,168,
78,168,0.00053656194
79,168,0.00056302734
80,168,0.0006076172
81,168,0.0006594267
82,168,0.00031642802
83,168,
84,168,0.000469408
85,168,0.00036195666
86,168,0.00053090695
87,168,0.00045958534
88,168,0.0007862719
89,168,0.0008687638
90,168,0.0007062964
91,168,0.0007976806
92,168,0.00039658975
93,168,0.00048165768
94,168,0.0007207636
95,168,0.0011110762
96,168,0.0004799664
97,168,0.00043679774
98,168,0.00048514083
99,168,0.00071654003
100,168,0.00059236493
101,168,0.00026671216
102,168,0.00051033124
103,168,0.00045127515
104,168,0.0012615984
105,168,0.0003470853
106,168,0.00034900848
107,168,0.00043556187
108,168,0.0002611261
109,168,0.00082254317
110,168,
111,168,
112,168,
113,168,
114,168,
115,168,
116,168,
117,168,
118,168,
119,168,
120,168,
121,168,
122,168,
123,168,
124,168,
125,168,
126,168,
127,168,
128,168,
129,168,
130,168,
131,168,
132,168,
133,168,
134,168,
135,168,
136,168,
137,168,
138,168,
139,168,
140,168,
141,168,
142,168,
143,168,
144,168,
145,168,
146,168,
147,168,
148,168,
149,168,
150,168,0.00045306422
151,168,0.0006282078
152,168,0.000113122165
153,168,0.00050835405
154,168,0.0006787814
155,168,0.0006056465
156,168,0.00026493892
157,168,0.0008847974
158,168,0.00097218435
159,168,0.00087734126
160,168,0.00083743036
161,168,0.00067743286
162,168,0.00070236716
163,168,0.00077168364
164,168,0.00086009316
165,168,0.0005352022
166,168,0.00069732126
167,168,0.00056705344
168,168,0.0009883344
169,168,0.0009503383
170,168,0.00048685726
171,168,0.0006596362
172,168,0.00087403506
173,168,0.00038453564
174,168,0.00094259065
175,168,0.0005946718
176,168,0.00018877164
177,168,0.00046328828
178,168,0.0003474811
179,168,6.0060993e-06
180,168,0.00054004695
181,168,-9.0235844e-05
182,168,0.00031152368
183,168,0.000759962
184,168,0.000999881
185,168,
186,168,
187,168,0.0012049926
188,168,0.0005904054
189,168,0.00058434904
190,168,0.0012319656
191,168,0.0010355897
192,168,0.0009743199
193,168,0.0008364869
194,168,0.0012045801
195,168,0.0007030023
196,168,0.0006253319
197,168,0.00081777014
198,168,0.00066586863
199,168,0.0012051621
200,168,0.0008693654
201,168,0.0008403519
202,168,0.00074530207
203,168,0.0008681882
204,168,0.00084190164
205,168,0.00090928935
206,168,0.00079103
207,168,
208,168,
209,168,
210,168,0.0009830343
211,168,0.00074488204
212,168,0.0005077729
213,168,0.00067552086
214,168,0.00013202243
215,168,0.0006177509
216,168,0.00051123835
217,168,0.0005897498
218,168,0.00019839685
219,168,0.00019021425
220,168,0.00040176976
221,168,0.00029667653
222,168,0.00093588885
223,168,0.00052154437
224,168,0.00029072724
225,168,0.0005463846
226,168,0.00054557715
227,168,2.9261224e-05
228,168,0.0011230372
229,168,0.00082633086
230,168,0.0004517287
231,168,0.00029200874
232,168,0.0005091941
233,168,0.00039150752
234,168,0.00064343866
235,168,0.0005790852
236,168,0.00039915927
237,168,0.00048895273
238,168,0.0005919393
239,168,0.0003019441
240,168,0.0007226579
241,168,0.0005273782
242,168,0.00040948298
243,168,0.0005206065
244,168,0.00086917635
245,168,0.00030276924
246,168,0.0009875679
247,168,0.0005925298
248,168,0.0005960185
249,168,0.00078899227
250,168,0.00045238808
251,168,0.0004593674
252,168,0.00035242084
253,168,6.552134e-05
254,168,0.0004211655
255,168,0.0010418082
256,168,0.00076888595
257,168,0.0004317984
258,168,0.00051704235
259,168,0.00090118125
260,168,0.0004343912
261,168,0.00085055176
262,168,8.626282e-05
263,168,0.00018466171
264,168,0.00053710025
265,168,-0.00013665296
266,168,0.00020958204
267,168,0.00036404934
268,168,0.0004814081
269,168,0.00040077325
270,168,0.00040556677
271,168,0.00084582996
272,168,
273,168,
274,168,
275,168,
276,168,0.00031270832
277,168,0.00037444942
278,168,0.0004910929
279,168,0.00074558053
280,168,0.00050592143
281,168,0.00045999698
282,168,0.0006071497
283,168,0.00052674394
284,168,0.0006037634
285,168,0.00075254124
286,168,0.00035762414
287,168,0.0008514039
288,168,0.0007117102
289,168,0.00026710797
290,168,0.0006829025
291,168,0.00077165384
292,168,0.00049026124
293,168,0.00050936826
294,168,0.00072593987
295,168,0.00020621717
296,168,0.00024347287
297,168,0.000720188
298,168,0.0010672193
299,168,0.00032367278
300,168,0.0005864622
301,168,0.00062495377
302,168,0.00088289287
303,168,0.0004882086
304,168,0.00044248626
305,168,0.0004489338
306,168,0.0009111939
307,168,0.0006222641
308,168,0.000230968
309,168,0.0002969252
310,168,0.0006677704
311,168,0.0005315393
312,168,0.000219699
313,168,0.0005635023
314,168,0.00073274784
315,168,0.0004517138
316,168,0.00081680063
317,168,0.00068430696
318,168,0.0008950401
319,168,-0.00044936128
320,168,6.240141e-05
321,168,-2.373755e-05
322,168,0.0007620966
323,168,0.00061427895
324,168,0.00048096105
325,168,0.00034992024
326,168,0.00069884397
327,168,0.00022227969
328,168,0.0014109928
329,168,0.00036559254
330,168,0.00046172552
331,168,0.00056051835
332,168,0.0003085034
333,168,0.00041721854
334,168,0.00028668158
335,168,0.0009480007
336,168,0.00039831456
337,168,0.00082192663
338,168,0.00037082564
339,168,0.00051831454
340,168,0.00043209922
341,168,0.00090540014
342,168,0.00079226494
343,168,0.00023713522
344,168,0.00029671472
345,168,0.00020138174
346,168,0.0009399913
347,168,-0.000299233
348,168,0.00043156277
349,168,0.0002347175
350,168,0.0011875564
351,168,0.0006204806
352,168,0.00014402997
353,168,9.706244e-05
354,168,2.7844682e-05
355,168,0.00046248361
356,168,0.0003770236
357,168,0.00014536828
358,168,0.00086200703
359,168,0.00052389316
360,168,0.00030188076
361,168,0.00047277845
362,168,0.0003399225
363,168,0.00032160897
364,168,0.0006724773
365,168,0.00063071586
366,168,0.0003743181
367,168,0.0007493235
368,168,0.00031413697
369,168,0.0002952488
370,168,0.00036238134
371,168,-8.9842826e-05
372,168,0.00023792498
373,168,0.00025868881
374,168,0.00019430369
375,168,0.00026706513
376,168,0.0006315913
377,168,0.00093254633
378,168,0.0004918743
379,168,0.00068920106
380,168,0.00014097057
381,168,0.00046158955
382,168,0.0003869217
383,168,0.0010728547
384,168,0.00036526937
385,168,0.0006125998
386,168,0.00057852454
387,168,9.959936e-05
388,168,0.0004700618
389,168,0.000114474446
390,168,0.0008976888
391,168,0.0003705155
392,168,0.0004397286
393,168,0.00030509196
394,168,0.00068486854
395,168,0.0009737378
396,168,0.00027132127
397,168,0.0008100765
398,168,0.00015096087
399,168,0.0006690677
400,168,0.00048043672
401,168,0.0003263345
402,168,0.00017402042
403,168,0.00062725134
404,168,0.0004654145
405,168,0.0004986683
406,168,0.00028489437
407,168,0.0004606843
408,168,0.0006054053
409,168,0.00063636154
410,168,0.0007264968
411,168,0.000104841776
412,168,0.0003262991
413,168,0.00038071536
414,168,0.0005198773
415,168,0.00024576765
416,168,0.00039049145
417,168,-6.0028397e-05
418,168,2.5247224e-05
419,168,0.0003339313
420,168,0.0006163176
421,168,0.00014271215
422,168,0.00040307734
423,168,0.00038901158
424,168,0.0003618393
425,168,-6.4555556e-05
426,168,0.00046173204
427,168,0.00022809487
428,168,0.00024870224
429,168,0.00036173314
430,168,0.00066525396
431,168,0.0002923431
432,168,0.000639244
433,168,0.00042675436
434,168,0.0008689845
435,168,0.0003032172
436,168,0.00072390214
437,168,0.00046685617
438,168,0.00043505058
439,168,0.00024495646
440,168,0.0003834404
441,168,0.0007992219
442,168,0.00015538465
443,168,0.0006034039
444,168,0.00035399944
445,168,0.0005526971
446,168,-6.322004e-05
447,168,0.00019773282
448,168,0.00064793974
449,168,0.0004643388
450,168,0.0003905315
451,168,0.00057162996
452,168,0.00038867723
453,168,0.00046370644
454,168,0.000732407
455,168,0.00049400236
456,168,0.00034545176
457,168,0.00046637747
458,168,0.00044806208
459,168,0.00017138012
460,168,0.00013510138
461,168,0.0005797995
462,168,0.0003755223
463,168,0.00033467077
464,168,0.0006209025
465,168,0.000667098
466,168,0.000491065
467,168,-9.2728995e-05
468,168,6.365217e-05
469,168,0.00022924412
470,168,0.0006859051
471,168,0.000624557
472,168,0.00066517387
473,168,0.00023773685
474,168,0.00046331715
475,168,0.00048858114
476,168,0.0008105058
477,168,0.0010040263
478,168,0.0005515255
479,168,0.00044883322
480,168,0.0008382909
481,168,0.00084057543
482,168,0.00068290625
483,168,0.00063502975
484,168,8.569844e-05
485,168,0.001575402
486,168,0.00046610367
487,168,0.00032084994
488,168,0.0006655762
489,168,0.0007826509
490,168,0.0007787645
491,168,0.0009254776
492,168,0.00051753037
493,168,0.0007289434
494,168,0.0005785087
0,169,0.0007816395
1,169,0.0001827823
2,169,0.0005585877
3,169,0.00039571058
4,169,0.00041096378
5,169,0.0007490497
6,169,0.00053914357
7,169,0.0013571642
8,169,0.00044628978
9,169,0.0006972961
10,169,0.0004991768
11,169,0.0005908534
12,169,0.0006038258
13,169,0.0006302949
14,169,0.00044460036
15,169,0.00069316383
16,169,0.0008277511
17,169,0.00033011474
18,169,
19,169,0.00050574914
20,169,0.000905144
21,169,0.0008427873
22,169,0.00034291856
23,169,
24,169,
25,169,
26,169,
27,169,
28,169,
29,169,
30,169,
31,169,0.0009845803
32,169,
33,169,0.0008033905
34,169,
35,169,0.00030782074
36,169,0.0010387264
37,169,0.0011534104
38,169,0.00077425875
39,169,0.00074466504
40,169,0.00023221131
41,169,9.536743e-05
42,169,0.0007227864
43,169,0.00072479807
44,169,0.0007265499
45,169,0.00053663645
46,169,0.00058910716
47,169,0.0009983545
48,169,0.0005810335
49,169,0.00046702474
50,169,
51,169,
52,169,
53,169,
54,169,
55,169,
56,169,
57,169,
58,169,
59,169,
60,169,
61,169,
62,169,
63,169,
64,169,
65,169,
66,169,
67,169,0.0010429844
68,169,0.0013533654
69,169,
70,169,
71,169,
72,169,
73,169,
74,169,
75,169,
76,169,
77,169,
78,169,
79,169,0.00053459127
80,169,
81,169,0.0006398363
82,169,0.0005690791
83,169,
84,169,0.00069016963
85,169,0.00092454534
86,169,0.00092885643
87,169,0.00069127046
88,169,0.0005779583
89,169,0.0004956331
90,169,0.00036416017
91,169,0.00069956295
92,169,0.0005026199
93,169,0.0006073704
94,169,0.0006297324
95,169,0.00046427362
96,169,0.0007531764
97,169,0.0010688994
98,169,-1.4108606e-05
99,169,0.0006164713
100,169,0.0003798008
101,169,0.0002686102
102,169,0.00046402588
103,169,0.0008819187
104,169,0.00084612705
105,169,0.0009313654
106,169,0.00077943597
107,169,
108,169,
109,169,0.0006613061
110,169,
111,169,
112,169,
113,169,
114,169,
115,169,
116,169,
117,169,
118,169,
119,169,
120,169,
121,169,
122,169,
123,169,
124,169,
125,169,
126,169,
127,169,
128,169,
129,169,
130,169,
131,169,
132,169,
133,169,
134,169,
135,169,
136,169,
137,169,
138,169,
139,169,
140,169,
141,169,
142,169,
143,169,
144,169,
145,169,
146,169,
147,169,
148,169,
149,169,
150,169,
151,169,0.0002614297
152,169,0.00019092485
153,169,0.0005360944
154,169,0.00058456045
155,169,0.00089780334
156,169,0.0010128524
157,169,0.00015836116
158,169,0.0010821493
159,169,0.00033172872
160,169,0.0005152449
161,169,0.0009984924
162,169,0.0008374499
163,169,0.0005049696
164,169,0.00048091915
165,169,0.00121806
166,169,0.0008888757
167,169,0.0006596483
168,169,0.00097654015
169,169,0.0006970372
170,169,-0.00011538528
171,169,0.00028607436
172,169,0.00059983134
173,169,0.0008239746
174,169,0.00047326833
175,169,0.00013559218
176,169,0.0008779438
177,169,0.0003667837
178,169,0.00050493237
179,169,0.0005375184
180,169,0.00093431305
181,169,0.00036635902
182,169,0.00072206184
183,169,0.0009971205
184,169,0.00038393028
185,169,
186,169,
187,169,
188,169,0.0005378397
189,169,0.00082885195
190,169,0.0006468408
191,169,0.0012458637
192,169,0.00084890984
193,169,0.0013807351
194,169,0.0009433348
195,169,0.00090508256
196,169,0.0012715608
197,169,0.0009754952
198,169,0.0010023257
199,169,0.00074053835
200,169,0.0010141237
201,169,0.0007738266
202,169,0.0007753717
203,169,0.0011883182
204,169,0.00087058917
205,169,
206,169,0.0010840176
207,169,
208,169,
209,169,0.00096349977
210,169,
211,169,0.0008974755
212,169,0.00043798704
213,169,0.00075601134
214,169,0.00095422193
215,169,0.0007671695
216,169,0.0005853679
217,169,0.0005957484
218,169,0.00070255436
219,169,0.0007684743
220,169,0.0006061094
221,169,0.00094569847
222,169,0.00034854934
223,169,0.0006034449
224,169,0.00062528346
225,169,0.0005681198
226,169,0.0008575674
227,169,0.00056695566
228,169,0.0003168676
229,169,0.00027972274
230,169,0.00053779315
231,169,0.00028856378
232,169,0.0004029395
233,169,0.00023145415
234,169,0.00058822334
235,169,0.0005812356
236,169,0.00047215167
237,169,0.00070958026
238,169,0.0006658975
239,169,0.000731878
240,169,0.00055514835
241,169,0.000597517
242,169,0.00036723725
243,169,0.00079472736
244,169,0.000667125
245,169,0.00109798
246,169,0.000258659
247,169,0.00042652898
248,169,0.00045125466
249,169,0.0006518429
250,169,0.00019806437
251,169,0.00019928347
252,169,0.00048581604
253,169,0.0005769618
254,169,0.0005050376
255,169,0.000421362
256,169,0.0010862602
257,169,0.00091511104
258,169,0.0005008131
259,169,0.000481721
260,169,0.000750456
261,169,0.00028611626
262,169,0.0003023371
263,169,0.00059103966
264,169,0.0007279748
265,169,0.00091726426
266,169,0.0010115085
267,169,0.0005141692
268,169,0.00046875793
269,169,0.00038570352
270,169,0.0009610262
271,169,
272,169,
273,169,
274,169,
275,169,0.0004951805
276,169,0.0007695239
277,169,0.00043396
278,169,0.0003522355
279,169,0.00063067675
280,169,0.0007125512
281,169,0.00068536866
282,169,3.0551106e-05
283,169,0.00062911026
284,169,0.00045699533
285,169,0.00044997875
286,169,0.0002530329
287,169,0.0004238719
288,169,0.00032625068
289,169,0.00045692828
290,169,0.0006844811
291,169,0.00025811605
292,169,0.00044060964
293,169,0.0010774089
294,169,0.0010037515
295,169,0.00051200297
296,169,0.0004227534
297,169,0.00088909455
298,169,0.0003163349
299,169,0.0010501761
300,169,0.0010109246
301,169,0.0004229378
302,169,6.411504e-05
303,169,0.00021056365
304,169,0.00077526644
305,169,0.0007071607
306,169,0.0009874469
307,169,0.00056120194
308,169,0.000246495
309,169,0.00034760032
310,169,-0.0003443733
311,169,0.0009790882
312,169,0.00048541557
313,169,0.00068796054
314,169,0.0002873009
315,169,0.0006127618
316,169,0.0007406641
317,169,0.00027735718
318,169,0.0006284928
319,169,0.00056754425
320,169,0.0005051205
321,169,0.0006959457
322,169,0.0006127283
323,169,0.0005503986
324,169,0.00031856354
325,169,0.0006157607
326,169,0.00051462
327,169,0.00013885554
328,169,0.00015894882
329,169,0.00030557066
330,169,0.0004681889
331,169,0.00088030845
332,169,0.00021042582
333,169,0.0008222908
334,169,0.00048766192
335,169,0.0007879175
336,169,0.00039139856
337,169,-0.00012952834
338,169,0.00012575835
339,169,0.0005348772
340,169,0.000573379
341,169,0.0006935084
342,169,0.0006665597
343,169,0.0004977863
344,169,0.00050934684
345,169,0.00067690853
346,169,0.00034395978
347,169,0.0005539609
348,169,0.00029777735
349,169,0.0006650733
350,169,0.0010487903
351,169,0.00061191525
352,169,-0.00028975308
353,169,0.00077043753
354,169,0.00044379476
355,169,0.00020511821
356,169,0.000767895
357,169,0.001046027
358,169,0.0005302299
359,169,0.000506931
360,169,0.00055816025
361,169,0.00049076416
362,169,0.0013188897
363,169,0.0005639605
364,169,0.0002081003
365,169,0.00034794305
366,169,0.00043497328
367,169,0.0004968308
368,169,0.00042292383
369,169,0.0005872417
370,169,0.0007469151
371,169,0.00061622355
372,169,0.0005152803
373,169,0.00045672525
374,169,0.00094337016
375,169,0.00094738323
376,169,0.00049462076
377,169,0.00047845673
378,169,0.00036593247
379,169,0.0010654088
380,169,0.00015108753
381,169,0.00013477728
382,169,0.00030162185
383,169,0.00092618726
384,169,0.00014771987
385,169,0.0007522376
386,169,0.0005588364
387,169,0.0009574359
388,169,0.0005904762
389,169,-3.5254285e-05
390,169,0.0006791642
391,169,3.2080337e-05
392,169,0.0007441854
393,169,0.00036002044
394,169,0.000805513
395,169,0.0010141367
396,169,8.367561e-05
397,169,0.00044331606
398,169,0.00076751783
399,169,8.347817e-05
400,169,0.0005083019
401,169,0.0004776083
402,169,0.0007349942
403,169,0.0010562893
404,169,0.00045356154
405,169,0.0005531376
406,169,0.0003078319
407,169,0.0006318046
408,169,0.00015916675
409,169,0.00030106772
410,169,0.00037552137
411,169,0.00043167453
412,169,0.00011748914
413,169,0.00019806996
414,169,0.00056903623
415,169,0.0005516978
416,169,0.00023372378
417,169,3.6885962e-05
418,169,0.00016657263
419,169,0.00034243148
420,169,0.0004415093
421,169,0.00056251325
422,169,1.6472302e-05
423,169,0.0008289786
424,169,0.00052162446
425,169,0.00068227854
426,169,0.00012744777
427,169,0.00019946042
428,169,0.00060330424
429,169,0.0005955063
430,169,0.0005671093
431,169,0.00043119583
432,169,0.00025937892
433,169,-4.968606e-05
434,169,0.0011253534
435,169,0.00050752796
436,169,0.00039430056
437,169,0.0003578011
438,169,0.0005007172
439,169,0.00050109625
440,169,0.00029985793
441,169,0.0005261153
442,169,6.425474e-05
443,169,0.00024598092
444,169,0.00039696135
445,169,-0.00016294979
446,169,0.00025529973
447,169,0.0002148822
448,169,0.00083519984
449,169,0.0007637935
450,169,0.00068925973
451,169,0.0006126072
452,169,0.0006214129
453,169,0.00043300074
454,169,0.00038491003
455,169,0.00033382513
456,169,0.00058235973
457,169,0.0004767105
458,169,0.00094367284
459,169,0.0008341912
460,169,0.00060231145
461,169,0.00017356966
462,169,0.00054490846
463,169,0.0006595161
464,169,0.00061278977
465,169,0.00081051886
466,169,0.000691846
467,169,0.0003706012
468,169,0.00030986406
469,169,0.00064610504
470,169,0.00058841985
471,169,-0.00023224764
472,169,0.0006652791
473,169,0.000569338
474,169,0.00014743675
475,169,0.0004968513
476,169,0.00032174215
477,169,0.0014338568
478,169,0.00039105676
479,169,0.00019372348
480,169,0.0007456839
481,169,0.0005754158
482,169,0.00064717606
483,169,0.00045925193
484,169,0.00053864904
485,169,0.00029585324
486,169,0.0007422725
487,169,0.00036581047
488,169,0.0006084442
489,169,0.00046869926
490,169,0.00063643884
491,169,0.00046915747
492,169,0.001051086
493,169,0.0007649753
494,169,0.00075259805
0,170,0.0007706359
1,170,-0.000103108585
2,170,0.0006136624
3,170,0.0009891298
4,170,0.00043054577
5,170,0.00056532025
6,170,0.00051799044
7,170,0.0008857865
8,170,0.00046833232
9,170,0.00047755986
10,170,0.0004170807
11,170,0.0006885659
12,170,0.00070399884
13,170,0.0010089213
14,170,0.0007352941
15,170,0.00062195957
16,170,0.000729681
17,170,0.0003032498
18,170,0.0006082915
19,170,1.5068799e-06
20,170,0.00017395057
21,170,0.0006818082
22,170,-8.386467e-05
23,170,
24,170,
25,170,
26,170,
27,170,0.000271257
28,170,
29,170,
30,170,
31,170,
32,170,
33,170,
34,170,0.00052153505
35,170,0.00029154308
36,170,0.000881386
37,170,0.00056240894
38,170,0.00013727136
39,170,0.00036656484
40,170,0.0001525525
41,170,0.00065535586
42,170,0.00052858517
43,170,0.00083114393
44,170,0.000925513
45,170,0.00071653165
46,170,0.0010373136
47,170,
48,170,0.0005328106
49,170,
50,170,
51,170,
52,170,
53,170,
54,170,
55,170,
56,170,
57,170,
58,170,
59,170,
60,170,
61,170,
62,170,
63,170,
64,170,
65,170,0.00094845425
66,170,
67,170,
68,170,0.0005763173
69,170,
70,170,
71,170,
72,170,
73,170,
74,170,
75,170,
76,170,
77,170,
78,170,
79,170,0.0006189104
80,170,
81,170,0.0010953071
82,170,0.00082944706
83,170,
84,170,0.00060659554
85,170,0.0011209892
86,170,0.0011729533
87,170,3.7160702e-05
88,170,0.00059261825
89,170,0.00084722415
90,170,0.00045535062
91,170,0.0009842096
92,170,0.0005258331
93,170,0.0010615746
94,170,0.0008311067
95,170,0.00053282734
96,170,0.0005077012
97,170,-0.0002667969
98,170,0.00048179738
99,170,0.0004782006
100,170,-2.5530346e-05
101,170,0.0006085364
102,170,0.0005392963
103,170,0.0007879762
104,170,0.0009770384
105,170,0.0005381964
106,170,0.00021845754
107,170,0.00010273326
108,170,0.0005985927
109,170,
110,170,
111,170,
112,170,
113,170,
114,170,
115,170,
116,170,
117,170,
118,170,
119,170,
120,170,
121,170,
122,170,
123,170,
124,170,
125,170,
126,170,
127,170,
128,170,
129,170,
130,170,
131,170,
132,170,
133,170,
134,170,
135,170,
136,170,
137,170,
138,170,
139,170,
140,170,
141,170,
142,170,
143,170,
144,170,
145,170,
146,170,
147,170,0.00051786564
148,170,
149,170,
150,170,
151,170,
152,170,0.00044089835
153,170,0.00026945677
154,170,0.0007076664
155,170,0.0005260017
156,170,0.0005075028
157,170,0.0008045286
158,170,0.0006787274
159,170,0.0005150521
160,170,0.0006989697
161,170,0.0009413138
162,170,0.00054698717
163,170,0.000148274
164,170,0.00067590084
165,170,0.00040514208
166,170,0.0009566918
167,170,0.00024939142
168,170,0.00021219719
169,170,0.00065141544
170,170,0.00049560703
171,170,0.00037716515
172,170,0.0007309681
173,170,0.00083291903
174,170,0.00045456644
175,170,0.0004042331
176,170,0.0010141851
177,170,0.00039441232
178,170,0.00035872776
179,170,0.00014556479
180,170,0.0010474743
181,170,0.00016630348
182,170,0.00075260643
183,170,0.0009443965
184,170,
185,170,
186,170,
187,170,
188,170,
189,170,0.0009421762
190,170,0.0007265713
191,170,0.001166326
192,170,0.0009406535
193,170,0.00083282404
194,170,0.00097155664
195,170,0.0008761119
196,170,0.0012251306
197,170,0.0006033201
198,170,0.00060756505
199,170,0.0008867858
200,170,0.000997846
201,170,0.0007320726
202,170,0.00093899947
203,170,
204,170,0.00067730807
205,170,0.00023074262
206,170,
207,170,
208,170,0.00080750417
209,170,0.00042062066
210,170,0.0005808789
211,170,0.0004096115
212,170,0.00054079667
213,170,0.0009769378
214,170,0.00042985752
215,170,0.00012657698
216,170,0.000573935
217,170,0.000411598
218,170,0.000555736
219,170,0.000793471
220,170,0.00019194279
221,170,0.0005311994
222,170,0.00041239988
223,170,0.0006037997
224,170,0.00093428325
225,170,0.00077636074
226,170,0.0007457873
227,170,0.00039675273
228,170,0.0004520407
229,170,0.00029088277
230,170,0.0003017662
231,170,0.00063302927
232,170,0.00056704227
233,170,0.0001593139
234,170,0.00058257487
235,170,0.0005216319
236,170,0.0008922359
237,170,0.00049954094
238,170,0.00085303746
239,170,0.00082623307
240,170,1.7762184e-05
241,170,0.00089951325
242,170,0.0007745996
243,170,0.00022494327
244,170,0.00053369347
245,170,0.0007520141
246,170,0.0006277943
247,170,0.00048679113
248,170,0.00025286805
249,170,0.0005926639
250,170,0.000872137
251,170,0.0009806864
252,170,0.0008806437
253,170,0.00041140243
254,170,0.0005636858
255,170,0.00074856635
256,170,0.0007056007
257,170,0.0002549775
258,170,0.0004375996
259,170,0.00042634178
260,170,0.00028307084
261,170,0.00048495084
262,170,0.00053794775
263,170,0.0006251512
264,170,0.0011626659
265,170,0.00015278906
266,170,0.00046527945
267,170,0.0011111666
268,170,0.0003310861
269,170,0.00041314308
270,170,0.00038688537
271,170,
272,170,0.00015972182
273,170,
274,170,
275,170,
276,170,0.00029359758
277,170,-2.7222559e-05
278,170,0.00055055507
279,170,0.0005047554
280,170,0.00029015075
281,170,-0.00015749224
282,170,0.00042767823
283,170,0.00011968985
284,170,0.00065867417
285,170,0.00062341616
286,170,0.00011357386
287,170,0.000214573
288,170,0.00083253626
289,170,0.0006180294
290,170,0.00075689144
291,170,0.00023835059
292,170,0.0005910564
293,170,-2.0331703e-05
294,170,0.0008558966
295,170,0.00065176655
296,170,0.00046571624
297,170,0.00022509415
298,170,0.0010773633
299,170,0.00024576858
300,170,0.0003441684
301,170,
302,170,0.0005221013
303,170,0.0005080942
304,170,-5.2371994e-05
305,170,0.0009155432
306,170,0.00056939945
307,170,0.0005543893
308,170,0.00037315767
309,170,0.00071302615
310,170,0.0002764417
311,170,0.0009038914
312,170,0.0006016316
313,170,0.00043010432
314,170,-0.00011445116
315,170,0.0003543161
316,170,0.00026661437
317,170,0.00059526134
318,170,0.0005273083
319,170,0.0003823936
320,170,0.00023020338
321,170,0.0011058459
322,170,7.062033e-05
323,170,0.00062959455
324,170,0.00045780558
325,170,0.00039500557
326,170,0.0005470766
327,170,0.00010290649
328,170,0.0001786938
329,170,0.00014871918
330,170,0.00050197076
331,170,0.00050807
332,170,-0.00014085975
333,170,0.0002868846
334,170,0.0010035224
335,170,0.0006314777
336,170,0.0004379591
337,170,4.72283e-05
338,170,0.0011209408
339,170,0.00032825116
340,170,0.0003547063
341,170,0.0006435877
342,170,0.0005388353
343,170,0.0004188791
344,170,0.00050375145
345,170,0.0007588817
346,170,0.0008641388
347,170,0.0003317874
348,170,
349,170,
350,170,0.0008359086
351,170,0.00019906089
352,170,0.0010663196
353,170,0.00039334875
354,170,0.00034159422
355,170,0.0009855498
356,170,0.00056804717
357,170,0.0008443063
358,170,0.0003740089
359,170,0.00037839077
360,170,0.00034279842
361,170,0.00020392984
362,170,5.073473e-05
363,170,0.00023666956
364,170,0.00047095865
365,170,0.00025747344
366,170,0.00092356
367,170,0.0001600273
368,170,0.0004630899
369,170,0.00013197865
370,170,0.0005774684
371,170,0.00063824654
372,170,0.0003560502
373,170,0.0007227622
374,170,0.00031964295
375,170,0.00012579933
376,170,0.00045627914
377,170,0.0012137964
378,170,0.0008145552
379,170,0.0006766347
380,170,0.0002781339
381,170,0.00059055816
382,170,0.0004737284
383,170,0.0009208014
384,170,0.0005386537
385,170,-1.61957e-05
386,170,0.00096804276
387,170,0.00077056885
388,170,0.00052989554
389,170,0.00048028398
390,170,0.0010257699
391,170,0.00047498196
392,170,0.0006772075
393,170,0.0004334487
394,170,0.00071423035
395,170,0.0005630385
396,170,0.0009868322
397,170,0.0007261364
398,170,0.00048203114
399,170,0.0010254653
400,170,0.0013469309
401,170,0.0012524361
402,170,0.0010323683
403,170,0.00079298206
404,170,0.00022529159
405,170,0.0005859602
406,170,-2.5761314e-05
407,170,0.00055344217
408,170,0.00022471044
409,170,0.0005769357
410,170,0.00029681623
411,170,0.0009810934
412,170,0.00030680373
413,170,0.00033389032
414,170,0.000103093684
415,170,0.00040777493
416,170,0.0006931098
417,170,0.000517549
418,170,0.00064347126
419,170,0.000499133
420,170,0.0006922744
421,170,7.219054e-05
422,170,0.0004525613
423,170,-0.00012707524
424,170,2.4802983e-05
425,170,0.0004357081
426,170,0.0007250877
427,170,0.0007756166
428,170,0.0004410902
429,170,0.0005624937
430,170,0.00030296762
431,170,0.00029379036
432,170,0.00042779
433,170,-0.00019482523
434,170,0.000146701
435,170,0.00020872802
436,170,0.0007432364
437,170,0.00044703763
438,170,0.00050287787
439,170,0.00018570013
440,170,0.0005571181
441,170,0.0003032377
442,170,0.00045580138
443,170,0.00018677767
444,170,0.00041770004
445,170,0.00093607605
446,170,0.00059954356
447,170,0.00042080507
448,170,0.00016807858
449,170,0.0009253677
450,170,0.0008040136
451,170,0.0008059731
452,170,0.00027415343
453,170,0.00048618857
454,170,0.00030370895
455,170,1.3962388e-05
456,170,0.00031761266
457,170,0.0003300449
458,170,0.000568456
459,170,0.0007956177
460,170,0.00029935967
461,170,0.00032870565
462,170,0.0007085502
463,170,0.0009166524
464,170,0.0009035235
465,170,0.00020848587
466,170,0.0007150648
467,170,0.0006236546
468,170,0.0005477583
469,170,0.0007401798
470,170,0.0002849251
471,170,0.0005696835
472,170,0.00047220755
473,170,0.0006279284
474,170,0.00084129814
475,170,0.00057655293
476,170,0.00029641576
477,170,0.0005431026
478,170,0.0002632318
479,170,0.000971511
480,170,0.0003121253
481,170,0.00050846674
482,170,0.000653157
483,170,0.00049667526
484,170,0.000266877
485,170,0.00015228521
486,170,0.000836459
487,170,0.0004920326
488,170,0.00038126297
489,170,0.00036625657
490,170,0.00042749476
491,170,0.0008230442
492,170,0.00081351027
493,170,0.0006776778
494,170,0.0002678372
0,171,0.00057614315
1,171,-5.179271e-05
2,171,0.0006215945
3,171,0.0003101565
4,171,0.0002059536
5,171,0.000402404
6,171,0.00083853025
7,171,0.00085362047
8,171,0.00041941553
9,171,0.0006644856
10,171,0.0005259961
11,171,0.00055136345
12,171,0.000703224
13,171,0.0005325042
14,171,0.00086677074
15,171,0.0005909819
16,171,0.00061570294
17,171,0.00085562654
18,171,0.0005118158
19,171,
20,171,0.00050896313
21,171,0.0007728571
22,171,0.00085221045
23,171,0.00061952695
24,171,
25,171,
26,171,
27,171,0.00049715675
28,171,
29,171,
30,171,
31,171,
32,171,
33,171,
34,171,0.00051456224
35,171,
36,171,0.00068416074
37,171,0.0007458832
38,171,0.0006024046
39,171,0.00045621395
40,171,-0.00010355562
41,171,0.0009945538
42,171,0.0004853541
43,171,0.00034330785
44,171,0.00047620386
45,171,0.00087529793
46,171,0.00066535734
47,171,0.00048514456
48,171,0.0009779856
49,171,0.00043178443
50,171,
51,171,
52,171,
53,171,
54,171,
55,171,
56,171,
57,171,
58,171,
59,171,
60,171,
61,171,
62,171,
63,171,0.00027875789
64,171,
65,171,
66,171,
67,171,
68,171,
69,171,
70,171,
71,171,
72,171,
73,171,
74,171,
75,171,
76,171,
77,171,
78,171,
79,171,
80,171,
81,171,0.0001528142
82,171,0.0005659666
83,171,
84,171,0.0008842051
85,171,0.00060899183
86,171,0.0008471273
87,171,0.0005020518
88,171,0.00046715047
89,171,0.00041219313
90,171,0.0009325575
91,171,0.00024637673
92,171,-5.4962933e-05
93,171,0.00082425587
94,171,0.0006884057
95,171,0.0008586934
96,171,0.00041192025
97,171,0.00033045374
98,171,0.0006011762
99,171,5.1490963e-05
100,171,0.0007413635
101,171,0.0004873993
102,171,
103,171,0.0008569043
104,171,0.000763583
105,171,0.0012302119
106,171,0.0001908131
107,171,0.00052658096
108,171,0.0005176449
109,171,
110,171,
111,171,
112,171,
113,171,
114,171,
115,171,
116,171,
117,171,
118,171,
119,171,
120,171,
121,171,
122,171,
123,171,
124,171,
125,171,
126,171,
127,171,
128,171,
129,171,
130,171,
131,171,
132,171,
133,171,
134,171,
135,171,
136,171,
137,171,
138,171,
139,171,
140,171,
141,171,
142,171,
143,171,
144,171,
145,171,
146,171,
147,171,
148,171,
149,171,0.0005916152
150,171,
151,171,
152,171,0.0008332003
153,171,0.00043701194
154,171,0.0005093301
155,171,0.00096089486
156,171,0.00078922976
157,171,0.000736122
158,171,0.00062725786
159,171,0.00060757063
160,171,0.00064004026
161,171,0.00071856193
162,171,0.0007041218
163,171,0.0006920723
164,171,0.0007443093
165,171,0.0009230608
166,171,0.00035781506
167,171,0.00068261474
168,171,0.0006953776
169,171,0.00024353247
170,171,0.0007473184
171,171,0.00024001393
172,171,0.0007826807
173,171,0.0005416991
174,171,0.0005624229
175,171,0.000531761
176,171,0.00037465245
177,171,-0.00046973862
178,171,0.00079597905
179,171,2.8443523e-05
180,171,0.0006022779
181,171,0.0005841302
182,171,0.0007301066
183,171,0.00044241454
184,171,
185,171,
186,171,
187,171,
188,171,
189,171,
190,171,0.00067210384
191,171,0.00084271934
192,171,0.0007242765
193,171,0.00127781
194,171,0.0011134716
195,171,0.000681133
196,171,0.00071139354
197,171,0.0009193169
198,171,0.00070505496
199,171,0.0007780008
200,171,0.0010682149
201,171,0.00079582445
202,171,0.00068295
203,171,0.000661795
204,171,0.00073805824
205,171,0.00077829696
206,171,
207,171,
208,171,
209,171,
210,171,
211,171,0.00045564026
212,171,0.00041922834
213,171,0.00041260198
214,171,0.00079891924
215,171,0.0007257387
216,171,0.0005130023
217,171,0.0004251534
218,171,0.00065553
219,171,0.0007387772
220,171,0.0006026868
221,171,0.00074403547
222,171,0.0011926116
223,171,0.0007332377
224,171,1.9546598e-05
225,171,0.00066715945
226,171,0.0007829545
227,171,4.4030137e-05
228,171,0.00096040964
229,171,0.00056328345
230,171,0.000796468
231,171,0.00012330711
232,171,0.00068576075
233,171,6.6272914e-05
234,171,0.00084709935
235,171,1.1073425e-05
236,171,0.0007262081
237,171,0.0006203512
238,171,0.00034294464
239,171,0.00094032194
240,171,0.0006259503
241,171,0.00043802336
242,171,0.0005415436
243,171,0.0005211942
244,171,0.00076752156
245,171,0.00094040204
246,171,0.0009154789
247,171,0.00082143303
248,171,0.0006808387
249,171,0.00022830162
250,171,5.039107e-05
251,171,0.00029440224
252,171,0.0008238964
253,171,0.00061848667
254,171,0.0011618845
255,171,0.0010093879
256,171,0.0002221344
257,171,0.0009073857
258,171,0.0007617092
259,171,0.00096910633
260,171,0.0004889611
261,171,0.00035219267
262,171,0.00046272296
263,171,0.0010044025
264,171,0.0005532522
265,171,0.00029619783
266,171,0.0009991433
267,171,0.00037490856
268,171,0.0003683446
269,171,0.0008947039
270,171,0.00034231506
271,171,0.0013000555
272,171,
273,171,0.0007016547
274,171,
275,171,
276,171,0.0004911376
277,171,0.00046597235
278,171,0.00019650534
279,171,0.0007970985
280,171,0.00027845055
281,171,0.00053437985
282,171,0.00035370328
283,171,0.00059704296
284,171,0.00062905066
285,171,0.0002725646
286,171,0.0005122423
287,171,0.0007838262
288,171,0.0008467315
289,171,0.00066920463
290,171,0.0006220564
291,171,0.0003151279
292,171,0.00028917193
293,171,0.00032454915
294,171,0.00044904463
295,171,0.00047136284
296,171,0.0003730543
297,171,0.0008840179
298,171,0.00071128644
299,171,0.0008319076
300,171,0.0008830093
301,171,0.0011690538
302,171,
303,171,-7.562898e-05
304,171,0.00060834736
305,171,6.997958e-06
306,171,0.00029690098
307,171,0.00065430347
308,171,0.00058082305
309,171,0.0005619563
310,171,0.00064175576
311,171,0.00064125657
312,171,0.00049973093
313,171,0.0005457597
314,171,0.0006180629
315,171,0.000589652
316,171,0.0007045381
317,171,0.00047679245
318,171,0.0006068088
319,171,0.00030919164
320,171,0.0009102784
321,171,0.00082856975
322,171,0.00033935718
323,171,0.0008578468
324,171,0.00020270236
325,171,0.0009230729
326,171,0.000533117
327,171,0.0003196355
328,171,0.00040873233
329,171,0.0006130431
330,171,0.0009279661
331,171,0.0006696405
332,171,0.0006039571
333,171,0.000470886
334,171,0.00039934367
335,171,0.0003708573
336,171,0.00111188
337,171,-2.2911467e-05
338,171,0.0009920439
339,171,0.00021267869
340,171,0.00031812675
341,171,0.0006355038
342,171,1.992099e-05
343,171,0.0010076175
344,171,0.000304522
345,171,0.00058021955
346,171,0.0005192766
347,171,
348,171,0.00023347512
349,171,9.769108e-05
350,171,0.00040137023
351,171,0.0001797406
352,171,2.5326386e-05
353,171,0.0007150406
354,171,0.00061671436
355,171,-0.00010802783
356,171,0.0003431812
357,171,0.00038654543
358,171,0.0007799072
359,171,0.00060045905
360,171,0.000857966
361,171,0.0004932564
362,171,0.00016689114
363,171,0.00045214966
364,171,0.0007674396
365,171,0.0004895702
366,171,0.00040119514
367,171,0.000120226294
368,171,0.00044565834
369,171,0.0006350707
370,171,0.00040102098
371,171,0.001173648
372,171,4.4400804e-05
373,171,0.00055546314
374,171,0.0008148672
375,171,0.0004837308
376,171,0.0001960583
377,171,0.000491404
378,171,0.00042316504
379,171,0.0004547285
380,171,3.556721e-06
381,171,0.0004528286
382,171,0.00069567934
383,171,0.0006318195
384,171,0.00082396157
385,171,0.0008563446
386,171,0.00038741622
387,171,0.0001910897
388,171,0.00067953113
389,171,0.0004771622
390,171,9.016879e-05
391,171,0.00055212155
392,171,0.000681052
393,171,0.00050669536
394,171,0.0005550245
395,171,0.00038021524
396,171,0.0001561474
397,171,0.00083456375
398,171,0.00028510205
399,171,0.00016756821
400,171,0.00030987337
401,171,-0.00020960532
402,171,0.00021553226
403,171,5.5574812e-05
404,171,0.0006074477
405,171,0.0004238775
406,171,0.000109093264
407,171,0.0003712587
408,171,0.00050596334
409,171,0.0010708766
410,171,0.0008483799
411,171,0.0006496068
412,171,0.0002809912
413,171,0.0003021499
414,171,0.00051835366
415,171,0.00056743436
416,171,0.0005030362
417,171,0.00011269003
418,171,0.00064746384
419,171,0.0006068023
420,171,0.0006672796
421,171,0.0005630823
422,171,0.00042084698
423,171,5.0797127e-05
424,171,0.00040915143
425,171,0.00022687111
426,171,0.00094861817
427,171,0.0005957149
428,171,0.0005552992
429,171,0.00062152185
430,171,2.1936372e-05
431,171,0.00048236642
432,171,1.776684e-05
433,171,0.00082429126
434,171,0.00032550655
435,171,0.00016126502
436,171,0.0010220632
437,171,0.00037149806
438,171,0.00022129714
439,171,0.00019568484
440,171,-0.00018053502
441,171,0.00018558651
442,171,0.0004883632
443,171,0.0005405117
444,171,0.0002830932
445,171,7.4603595e-05
446,171,0.00088230893
447,171,0.001007216
448,171,0.0008647144
449,171,0.00049863476
450,171,0.00040567107
451,171,0.0004397761
452,171,0.00024983287
453,171,0.00066529866
454,171,0.0005693948
455,171,0.0007666433
456,171,0.00043070316
457,171,0.0008419575
458,171,0.0004175566
459,171,9.948481e-05
460,171,0.00022492744
461,171,0.0007609818
462,171,0.00041451864
463,171,0.0013350612
464,171,0.0009177746
465,171,0.00039731525
466,171,0.00078411866
467,171,0.00050363503
468,171,0.00044330396
469,171,0.0009512706
470,171,0.00055929273
471,171,0.00042134337
472,171,0.00057209656
473,171,0.00057412125
474,171,0.00067636184
475,171,0.0006116191
476,171,0.00033730362
477,171,0.00018722564
478,171,0.00062938593
479,171,0.0006310446
480,171,0.00093279127
481,171,0.00034652185
482,171,0.00036016572
483,171,0.0007949872
484,171,0.0005002031
485,171,0.00064076297
486,171,0.0007762462
487,171,0.00081062876
488,171,0.0006273361
489,171,0.00035016518
490,171,0.00082724914
491,171,0.00012481771
492,171,0.0010039974
493,171,0.0006357003
494,171,0.00060602836
0,172,0.0009977221
1,172,0.00031736866
2,172,0.0005168207
3,172,0.00043264497
4,172,0.0004103873
5,172,0.0011089481
6,172,0.00045384932
7,172,0.00074013416
8,172,0.0004415512
9,172,0.00038474984
10,172,0.0006060479
11,172,0.00077840965
12,172,0.0008126218
13,172,0.00069207326
14,172,0.0007763859
15,172,0.0011603525
16,172,0.0006189551
17,172,0.0008000871
18,172,0.0006288765
19,172,2.1300279e-05
20,172,0.0005859276
21,172,0.00065694563
22,172,0.0006406484
23,172,0.0011028377
24,172,
25,172,
26,172,
27,172,
28,172,0.0012450786
29,172,0.0009846771
30,172,
31,172,0.0012720386
32,172,
33,172,
34,172,
35,172,
36,172,0.0005138349
37,172,0.00066886935
38,172,0.0007385034
39,172,0.00032630377
40,172,0.0009869607
41,172,0.00064426847
42,172,0.000623608
43,172,0.00015649665
44,172,0.0007872237
45,172,0.0010563517
46,172,
47,172,
48,172,0.0004768772
49,172,
50,172,
51,172,
52,172,
53,172,
54,172,
55,172,
56,172,
57,172,
58,172,
59,172,
60,172,
61,172,
62,172,
63,172,
64,172,
65,172,
66,172,
67,172,
68,172,
69,172,
70,172,
71,172,
72,172,
73,172,
74,172,
75,172,
76,172,
77,172,
78,172,
79,172,
80,172,
81,172,
82,172,
83,172,
84,172,0.0003104005
85,172,0.00048050378
86,172,0.0006360868
87,172,0.00045920815
88,172,0.00055748504
89,172,0.0004094839
90,172,0.00073517114
91,172,0.0003498383
92,172,0.00082930643
93,172,0.00072080456
94,172,0.00069427025
95,172,0.0010934183
96,172,0.00032351539
97,172,0.00032168906
98,172,0.0005031647
99,172,0.0006328784
100,172,0.0003867168
101,172,0.0004115831
102,172,0.0007922007
103,172,7.656403e-05
104,172,0.00060149655
105,172,0.0008606799
106,172,0.00039175246
107,172,0.00028677657
108,172,
109,172,
110,172,
111,172,
112,172,
113,172,
114,172,
115,172,
116,172,
117,172,
118,172,
119,172,
120,172,
121,172,
122,172,
123,172,
124,172,
125,172,
126,172,
127,172,
128,172,
129,172,
130,172,
131,172,
132,172,
133,172,
134,172,
135,172,
136,172,
137,172,
138,172,
139,172,
140,172,
141,172,
142,172,
143,172,
144,172,
145,172,
146,172,
147,172,
148,172,
149,172,
150,172,
151,172,
152,172,0.00017155614
153,172,0.0007716082
154,172,0.0008649146
155,172,0.00032501854
156,172,0.00067783426
157,172,0.00043531042
158,172,0.0005643079
159,172,0.00054042414
160,172,0.00075743254
161,172,0.00069454685
162,172,0.00064747967
163,172,0.00076443795
164,172,0.00028303266
165,172,0.0010116827
166,172,0.00054235477
167,172,0.0005263118
168,172,0.0010608565
169,172,0.00027646497
170,172,0.0008847853
171,172,0.0004661493
172,172,0.00030482374
173,172,0.00056884997
174,172,0.00053454656
175,172,0.0005582748
176,172,0.0005425634
177,172,0.00063618924
178,172,0.00073718466
179,172,0.00037390366
180,172,0.0005835863
181,172,0.00039040856
182,172,0.0004344117
183,172,0.0008952739
184,172,0.0012116423
185,172,
186,172,
187,172,
188,172,0.00061268173
189,172,
190,172,
191,172,0.0010617394
192,172,0.0010304842
193,172,0.0010923725
194,172,0.0009514289
195,172,0.00072309375
196,172,0.00095411297
197,172,0.001277565
198,172,0.0009808447
199,172,0.0005207015
200,172,0.00084380805
201,172,0.0007431479
202,172,0.0006410312
203,172,
204,172,
205,172,
206,172,0.0009533679
207,172,0.00069501996
208,172,0.0003717048
209,172,
210,172,
211,172,0.0006716801
212,172,0.00066905934
213,172,0.0004611276
214,172,0.00018039718
215,172,0.0007392522
216,172,0.00046928413
217,172,0.00028300565
218,172,0.00056654494
219,172,0.0004356755
220,172,0.00033569615
221,172,0.0004179664
222,172,0.00089362916
223,172,0.00066362694
224,172,0.00014485791
225,172,0.00020212121
226,172,0.00084588584
227,172,0.0003457982
228,172,0.00030744728
229,172,0.0002770871
230,172,0.00048722234
231,172,0.0010283617
232,172,0.00024441537
233,172,0.00076975115
234,172,0.0006173942
235,172,0.00020887982
236,172,0.00047697313
237,172,0.0008001365
238,172,0.0006308947
239,172,0.00055845454
240,172,0.0007291613
241,172,0.0005430123
242,172,0.0009407131
243,172,0.00025777146
244,172,0.0008845022
245,172,0.0007832749
246,172,0.00068280473
247,172,0.0006367732
248,172,0.0006745532
249,172,0.0006548166
250,172,0.000382388
251,172,0.0009859232
252,172,-3.4196302e-05
253,172,0.00070162397
254,172,0.0007977169
255,172,0.0010682931
256,172,0.0010959227
257,172,0.00046775863
258,172,0.00078883953
259,172,0.00073965546
260,172,0.0005658213
261,172,0.0005675368
262,172,0.0005718861
263,172,0.00023227837
264,172,0.0005140919
265,172,0.0010662191
266,172,0.00046217907
267,172,2.4504028e-05
268,172,0.0008178679
269,172,-0.00024596415
270,172,0.0010773037
271,172,-6.485451e-05
272,172,0.000506931
273,172,0.0003691297
274,172,-0.0006211456
275,172,0.00054563675
276,172,0.00037722196
277,172,0.00031148735
278,172,0.00041225925
279,172,0.0008047689
280,172,0.0003589373
281,172,0.00051637925
282,172,0.0006344309
283,172,0.0006818017
284,172,0.00067071524
285,172,0.00046873465
286,172,0.00066842977
287,172,0.00053989794
288,172,0.0009748433
289,172,0.00059370045
290,172,-8.319318e-05
291,172,0.00044108555
292,172,0.0011246745
293,172,0.00043633487
294,172,0.00097238924
295,172,0.0007858975
296,172,0.0004793154
297,172,0.0011248402
298,172,0.0004475508
299,172,0.0014558528
300,172,0.00043438934
301,172,0.001285078
302,172,0.00073304493
303,172,0.0006663101
304,172,0.0007084701
305,172,0.0010333313
306,172,0.00049312226
307,172,0.0005562026
308,172,0.00077558495
309,172,0.0004331665
310,172,0.00032126345
311,172,0.00041211303
312,172,0.00029399805
313,172,0.00072081946
314,172,0.00043660216
315,172,0.00038713496
316,172,0.00020648073
317,172,0.00074622594
318,172,0.0004948238
319,172,0.0006096959
320,172,0.0002717469
321,172,0.00025148503
322,172,0.00150593
323,172,0.0002402924
324,172,0.0007373281
325,172,0.0006554397
326,172,0.00019684806
327,172,0.001116829
328,172,0.00028596725
329,172,0.00030405447
330,172,0.00034360215
331,172,0.00043655932
332,172,0.0004254831
333,172,0.0005195094
334,172,0.00061873347
335,172,0.00040345825
336,172,0.0005404018
337,172,0.00015733205
338,172,-0.00021770131
339,172,0.0007157363
340,172,0.00058809854
341,172,0.00044558663
342,172,0.0003627455
343,172,0.0005276222
344,172,0.0009247083
345,172,0.00035227928
346,172,0.00057582743
347,172,0.0005959142
348,172,0.00090968516
349,172,0.00029318966
350,172,0.0006842017
351,172,0.00018057134
352,172,0.000181349
353,172,0.00041418336
354,172,0.00077295117
355,172,9.47183e-05
356,172,0.00067432877
357,172,0.0006541163
358,172,0.0006037811
359,172,0.0005656807
360,172,0.00082619675
361,172,0.0005946858
362,172,6.843731e-05
363,172,0.000519244
364,172,0.00036584307
365,172,-0.00012996234
366,172,0.00053838454
367,172,0.0002395846
368,172,0.0007674461
369,172,0.00021621771
370,172,0.0004607523
371,172,0.00040249154
372,172,0.00033588428
373,172,0.00019323919
374,172,0.00062208716
375,172,0.0008226689
376,172,0.00049184076
377,172,0.00078785606
378,172,0.0003402345
379,172,0.0005952958
380,172,0.00017405488
381,172,0.0004206188
382,172,0.00019294955
383,172,0.0006343145
384,172,0.0007786192
385,172,4.6712346e-05
386,172,0.0007664012
387,172,0.0006489493
388,172,0.0002025934
389,172,0.001170204
390,172,0.00083397795
391,172,0.00056020357
392,172,0.00062371604
393,172,0.0004732972
394,172,0.0007545911
395,172,0.00049821194
396,172,0.000478738
397,172,0.00074491557
398,172,0.00024382304
399,172,-3.3119693e-05
400,172,0.000117558055
401,172,0.0001686709
402,172,0.00082433224
403,172,0.00063611194
404,172,0.00078843907
405,172,0.0001445543
406,172,0.0006291196
407,172,0.0009119194
408,172,0.00024163909
409,172,0.0002184445
410,172,0.00045542326
411,172,0.00068059284
412,172,0.00062469114
413,172,0.0008326955
414,172,0.0005268194
415,172,0.00046898518
416,172,0.0007107444
417,172,0.00011509098
418,172,0.00078310724
419,172,0.00062552467
420,172,0.0010123001
421,172,9.0152025e-06
422,172,-0.00017448701
423,172,0.00030810386
424,172,0.0004187394
425,172,0.00016327016
426,172,0.00022163242
427,172,0.00045260042
428,172,0.00035291258
429,172,0.0001757266
430,172,0.00062867627
431,172,0.0004813578
432,172,0.00039549172
433,172,-0.00010658428
434,172,7.717684e-05
435,172,0.00020561274
436,172,0.0003811326
437,172,0.0003653299
438,172,0.0003788788
439,172,-0.000112833455
440,172,0.0006012982
441,172,0.00044089928
442,172,-1.9493513e-05
443,172,0.00030803867
444,172,0.0005590385
445,172,0.00055389386
446,172,0.00038375147
447,172,0.00048858766
448,172,0.0003758669
449,172,0.00047501456
450,172,0.00016109273
451,172,0.00056873076
452,172,0.00027785078
453,172,0.0006148135
454,172,0.00042849407
455,172,0.0005779881
456,172,0.0008725561
457,172,-0.00011446234
458,172,0.0008572098
459,172,0.0005707368
460,172,0.00046173483
461,172,0.0008427426
462,172,0.00079027656
463,172,0.00064518023
464,172,0.00056999177
465,172,0.0006774524
466,172,0.00034059957
467,172,0.00037143845
468,172,0.00040443894
469,172,0.0005827937
470,172,0.00039921608
471,172,0.0006178627
472,172,0.00064025354
473,172,0.000551885
474,172,0.0003883615
475,172,0.00049174484
476,172,0.0005093599
477,172,0.0013502678
478,172,0.00069338456
479,172,0.00039222743
480,172,0.0010097548
481,172,0.0006518271
482,172,0.00064883754
483,172,0.001336202
484,172,0.00049611554
485,172,0.0009135809
486,172,0.0003639795
487,172,0.00079543795
488,172,0.0006810855
489,172,0.00083343964
490,172,0.0007983139
491,172,0.00070280023
492,172,0.00083041564
493,172,0.0007241843
494,172,0.00031023566
0,173,0.0002738228
1,173,0.00019387994
2,173,0.0008639172
3,173,0.0003893217
4,173,0.0006145239
5,173,0.00090377126
6,173,0.00067116134
7,173,0.0003875289
8,173,0.000752083
9,173,0.0012071058
10,173,0.00073338486
11,173,0.0005031619
12,173,0.000662989
13,173,0.0009406833
14,173,0.00066232774
15,173,0.00081527606
16,173,0.0006382717
17,173,0.0009012446
18,173,0.0009827726
19,173,0.00025329553
20,173,
21,173,0.0004131766
22,173,0.00052139256
23,173,-8.243788e-05
24,173,0.0008223811
25,173,0.0005045319
26,173,
27,173,
28,173,0.0011526104
29,173,
30,173,0.00046188757
31,173,
32,173,
33,173,
34,173,
35,173,0.00030530058
36,173,0.00047917757
37,173,0.0010131132
38,173,0.00055444427
39,173,0.0011449112
40,173,0.0005306769
41,173,0.00040347874
42,173,0.0010809861
43,173,0.0007157512
44,173,
45,173,0.00050160754
46,173,0.0009548161
47,173,0.0006519249
48,173,0.0006981734
49,173,
50,173,
51,173,
52,173,
53,173,
54,173,
55,173,
56,173,
57,173,
58,173,
59,173,
60,173,
61,173,
62,173,
63,173,
64,173,
65,173,
66,173,
67,173,
68,173,
69,173,
70,173,
71,173,
72,173,
73,173,
74,173,
75,173,
76,173,
77,173,
78,173,
79,173,
80,173,
81,173,
82,173,
83,173,
84,173,
85,173,0.0007586684
86,173,0.0007951688
87,173,0.00027227215
88,173,0.0009127334
89,173,0.0004448183
90,173,0.0011899043
91,173,0.0010278001
92,173,0.00051298365
93,173,0.00080831256
94,173,0.00029844232
95,173,0.00080122985
96,173,0.00094661955
97,173,0.00049398467
98,173,0.00057486165
99,173,0.0007238854
100,173,0.00068388414
101,173,0.0007189056
102,173,0.0011601876
103,173,0.0007665353
104,173,0.00038361177
105,173,0.00035703927
106,173,
107,173,0.00090387
108,173,
109,173,
110,173,
111,173,
112,173,
113,173,
114,173,
115,173,
116,173,
117,173,
118,173,
119,173,
120,173,
121,173,
122,173,
123,173,
124,173,
125,173,
126,173,
127,173,
128,173,
129,173,
130,173,
131,173,
132,173,
133,173,
134,173,
135,173,
136,173,
137,173,
138,173,
139,173,
140,173,
141,173,
142,173,
143,173,
144,173,
145,173,
146,173,
147,173,
148,173,
149,173,
150,173,
151,173,
152,173,
153,173,0.0005765157
154,173,9.328965e-05
155,173,0.00046462566
156,173,0.0005546054
157,173,0.0008640187
158,173,0.0007221708
159,173,0.0007668892
160,173,0.00018647965
161,173,0.00042168144
162,173,0.00014608353
163,173,0.0008430574
164,173,0.0010182131
165,173,0.0008550137
166,173,0.0006122254
167,173,0.0001720041
168,173,0.00042971782
169,173,0.0006989343
170,173,0.0004990883
171,173,0.00037916098
172,173,0.00086196605
173,173,0.00055731647
174,173,0.00079376344
175,173,0.0003427416
176,173,-0.00028049573
177,173,0.0005673412
178,173,0.00015330501
179,173,0.0010080673
180,173,0.00074515864
181,173,0.00092252064
182,173,0.00074442476
183,173,0.00060299784
184,173,
185,173,
186,173,
187,173,
188,173,
189,173,
190,173,
191,173,0.00055718794
192,173,0.0011129752
193,173,0.00069957133
194,173,0.0010782955
195,173,0.0008838698
196,173,0.0010471782
197,173,0.0009276755
198,173,0.00089370087
199,173,0.0008017756
200,173,0.0007903632
201,173,0.0007201694
202,173,0.00090069976
203,173,
204,173,
205,173,
206,173,
207,173,
208,173,0.0005397396
209,173,0.0008799229
210,173,0.00046581775
211,173,0.0005280785
212,173,0.0005037254
213,173,0.0006563598
214,173,0.00045167562
215,173,0.00079627335
216,173,0.00044509303
217,173,0.0005256012
218,173,0.0009771567
219,173,0.00041717011
220,173,0.0005109655
221,173,0.00036712363
222,173,0.00084007997
223,173,9.510014e-05
224,173,0.0007168595
225,173,0.00091374386
226,173,0.00042546168
227,173,0.0003079679
228,173,0.000121078454
229,173,0.00054969545
230,173,5.7134777e-05
231,173,0.00070976
232,173,0.0006662756
233,173,0.0006260406
234,173,0.00066146255
235,173,0.00042283814
236,173,0.00075448677
237,173,0.00026103389
238,173,0.00046841893
239,173,0.0006205868
240,173,0.00047298428
241,173,0.0006102966
242,173,0.000118925236
243,173,0.0006671548
244,173,0.00047267042
245,173,0.0009785164
246,173,0.000516003
247,173,0.00033505913
248,173,0.000628626
249,173,0.0005556159
250,173,0.00044525973
251,173,0.00028282683
252,173,0.0011590067
253,173,0.00044252072
254,173,0.0009325836
255,173,0.0010821056
256,173,0.0006447714
257,173,0.0002043685
258,173,0.00053739734
259,173,0.00088515505
260,173,0.0009694733
261,173,0.000364054
262,173,0.00059637334
263,173,0.00058195274
264,173,0.0005444316
265,173,0.00039819628
266,173,0.0010760678
267,173,0.00028382335
268,173,0.0005862396
269,173,0.00032175984
270,173,0.00033126306
271,173,-9.264797e-05
272,173,0.00031782594
273,173,0.0007037837
274,173,0.00073850807
275,173,0.0009433357
276,173,-6.1709434e-05
277,173,0.0008665221
278,173,0.0007703416
279,173,0.00047853962
280,173,0.00070416555
281,173,0.00036053546
282,173,0.0006122561
283,173,0.0007382445
284,173,0.00046824664
285,173,0.00035471004
286,173,0.0009803912
287,173,0.00049188174
288,173,0.0004752446
289,173,-1.8672086e-05
290,173,0.0008755326
291,173,0.0010393439
292,173,0.0005233716
293,173,0.0005477937
294,173,0.00015965011
295,173,0.0006854739
296,173,0.0011088103
297,173,0.00046815723
298,173,0.00035040732
299,173,5.329773e-05
300,173,0.0012999754
301,173,0.0007210858
302,173,0.00078140665
303,173,0.00083148107
304,173,0.00015156437
305,173,0.00094474014
306,173,0.00056048296
307,173,0.0010050284
308,173,0.00041531958
309,173,0.00010562409
310,173,0.0008314485
311,173,0.000596961
312,173,0.00053626206
313,173,0.00065699685
314,173,0.0010171551
315,173,0.00065881293
316,173,0.00047642738
317,173,0.0010841452
318,173,0.0006359769
319,173,0.0002214415
320,173,0.00036964752
321,173,0.0006645676
322,173,0.0012024883
323,173,0.00042648148
324,173,0.00048393942
325,173,5.22295e-05
326,173,-0.00019676518
327,173,0.00015324447
328,173,0.00022764318
329,173,2.9359013e-05
330,173,0.00048915297
331,173,0.00047924928
332,173,2.0291656e-05
333,173,0.0002816785
334,173,0.0008346997
335,173,0.00015544333
336,173,0.0008057486
337,173,0.00095895026
338,173,0.00040803663
339,173,0.00095180236
340,173,0.000800631
341,173,0.00051326025
342,173,3.8571656e-05
343,173,0.0008046562
344,173,0.0006235745
345,173,0.00028536282
346,173,0.00026108045
347,173,-7.091649e-05
348,173,0.00042067096
349,173,0.00026349165
350,173,0.0010355134
351,173,0.00026605744
352,173,0.00050057843
353,173,0.00065938476
354,173,9.758398e-05
355,173,
356,173,0.00094182044
357,173,0.00075800996
358,173,0.000523597
359,173,0.0008168919
360,173,0.000969179
361,173,0.00027260557
362,173,0.00051893946
363,173,0.00061963685
364,173,0.00034878217
365,173,0.00046708435
366,173,0.00038061012
367,173,0.0007794108
368,173,0.00057674386
369,173,0.00048669055
370,173,0.0005781958
371,173,0.0005592322
372,173,0.00063407235
373,173,0.00070399325
374,173,0.00045173243
375,173,0.0007131407
376,173,0.00030574668
377,173,0.00044615567
378,173,0.00084781274
379,173,0.0004946254
380,173,0.00026889332
381,173,0.0005485369
382,173,0.00041079894
383,173,0.00070189685
384,173,-0.00013895053
385,173,4.0428713e-05
386,173,0.00024330989
387,173,0.00061741937
388,173,0.00076975673
389,173,0.00051691197
390,173,0.0009783264
391,173,0.00024449918
392,173,0.00087970495
393,173,0.00045818277
394,173,0.00014575571
395,173,0.0006369781
396,173,0.00017321482
397,173,0.00073528476
398,173,0.00057351124
399,173,-7.2736293e-07
400,173,0.0004354352
401,173,0.0005765427
402,173,0.00012648199
403,173,0.0010516588
404,173,0.0005110819
405,173,0.00069443136
406,173,0.00052371155
407,173,0.00031042565
408,173,0.00062414445
409,173,0.00030578766
410,173,0.00053886697
411,173,0.00033932552
412,173,0.00058603194
413,173,0.00020502415
414,173,0.00047361758
415,173,0.0004630657
416,173,0.0006683916
417,173,0.0002678316
418,173,0.00040514488
419,173,0.0005478598
420,173,0.0005317284
421,173,0.0005609933
422,173,0.00053945
423,173,0.00032046344
424,173,0.0004573865
425,173,0.00032360107
426,173,0.00085820165
427,173,0.00013580732
428,173,0.00047504064
429,173,0.0007176399
430,173,0.0008973647
431,173,0.00021694228
432,173,0.00070379674
433,173,0.0006355252
434,173,0.0003011208
435,173,0.0004311744
436,173,0.0005028751
437,173,0.000117663294
438,173,0.00016658753
439,173,9.766873e-05
440,173,0.0005135406
441,173,0.00057074986
442,173,0.00049394835
443,173,0.0008605756
444,173,0.00040871184
445,173,0.00076749176
446,173,0.0002688449
447,173,0.0006173495
448,173,0.00065463874
449,173,0.0005896585
450,173,-5.895272e-07
451,173,0.00070289243
452,173,0.00030803774
453,173,0.00014815666
454,173,0.00095092785
455,173,0.00046973117
456,173,0.00092171226
457,173,0.0004239101
458,173,0.00046156812
459,173,0.00028714072
460,173,0.00066500437
461,173,0.00062811095
462,173,0.00049983896
463,173,-0.00010482129
464,173,0.00037470367
465,173,0.0003945185
466,173,0.00027491152
467,173,0.0007377863
468,173,0.00081040245
469,173,6.7463145e-05
470,173,0.0004916126
471,173,0.0010198932
472,173,0.00068814214
473,173,0.00073634554
474,173,9.480398e-05
475,173,3.841333e-05
476,173,0.00086944737
477,173,0.00022823457
478,173,0.00054836646
479,173,0.0005121408
480,173,0.00052339584
481,173,0.000688592
482,173,4.6009198e-05
483,173,0.0006985618
484,173,0.0006768517
485,173,0.0004335856
486,173,0.0005889479
487,173,0.0006352328
488,173,0.000659748
489,173,0.0005884776
490,173,0.00025817752
491,173,0.00088804495
492,173,0.00037455373
493,173,0.0004959069
494,173,0.0007759873
0,174,7.636007e-05
1,174,0.0009889584
2,174,0.0002722731
3,174,0.0008533858
4,174,0.00021753181
5,174,0.0008854689
6,174,0.00077091716
7,174,0.0004750667
8,174,0.0007661041
9,174,0.0009838808
10,174,0.0005175229
11,174,0.0009429185
12,174,0.0005647335
13,174,0.00084283017
14,174,0.0003811149
15,174,0.0005667694
16,174,0.00084955245
17,174,0.0004151361
18,174,-9.6468255e-05
19,174,0.0009058537
20,174,0.0005247332
21,174,0.00026303343
22,174,0.00024139322
23,174,0.0005933037
24,174,0.00018957537
25,174,
26,174,
27,174,
28,174,
29,174,0.0005514249
30,174,0.00033809245
31,174,0.0007915972
32,174,0.0004253192
33,174,
34,174,
35,174,0.0008797087
36,174,
37,174,
38,174,0.0014249701
39,174,0.00093843974
40,174,0.0007387642
41,174,0.0006884504
42,174,-0.00022062752
43,174,0.0005810689
44,174,-9.090919e-05
45,174,0.0003176462
46,174,0.00026721228
47,174,0.0005199611
48,174,
49,174,
50,174,
51,174,
52,174,
53,174,
54,174,
55,174,
56,174,
57,174,
58,174,
59,174,
60,174,
61,174,
62,174,
63,174,
64,174,
65,174,
66,174,
67,174,
68,174,
69,174,
70,174,
71,174,
72,174,
73,174,
74,174,
75,174,
76,174,
77,174,
78,174,
79,174,
80,174,
81,174,
82,174,
83,174,
84,174,
85,174,0.00029810145
86,174,
87,174,0.00067255273
88,174,0.0011151684
89,174,0.0009226389
90,174,0.00035250373
91,174,0.00085576717
92,174,0.000824769
93,174,0.0007179212
94,174,0.00029378384
95,174,0.0005705282
96,174,0.00069229025
97,174,0.00017588586
98,174,0.0010367259
99,174,0.00031845085
100,174,0.0006161304
101,174,0.0008674022
102,174,0.00037052017
103,174,0.00046465546
104,174,0.00022044778
105,174,
106,174,
107,174,
108,174,
109,174,
110,174,
111,174,
112,174,
113,174,
114,174,
115,174,
116,174,
117,174,
118,174,
119,174,
120,174,
121,174,
122,174,
123,174,
124,174,
125,174,
126,174,
127,174,
128,174,
129,174,
130,174,
131,174,
132,174,
133,174,
134,174,
135,174,
136,174,
137,174,
138,174,
139,174,
140,174,
141,174,
142,174,
143,174,
144,174,
145,174,9.5136464e-05
146,174,
147,174,
148,174,
149,174,
150,174,
151,174,
152,174,
153,174,
154,174,0.0005468987
155,174,0.00023826864
156,174,0.00054311194
157,174,0.00063534826
158,174,0.0007032985
159,174,0.000758416
160,174,0.00040655583
161,174,0.00056570023
162,174,0.00092371274
163,174,0.0007133102
164,174,0.00069153775
165,174,0.0010481514
166,174,0.00037466362
167,174,0.00067025237
168,174,7.546134e-05
169,174,0.00071573444
170,174,0.00028959103
171,174,0.00036050845
172,174,0.00055345986
173,174,0.0004908461
174,174,0.00017578248
175,174,0.0009943433
176,174,0.0007141791
177,174,0.0008049039
178,174,0.0007329639
179,174,0.0007523056
180,174,0.0005435711
181,174,0.00033588894
182,174,0.00021411385
183,174,0.00076407194
184,174,
185,174,
186,174,
187,174,
188,174,
189,174,
190,174,
191,174,0.0009684507
192,174,0.0006930195
193,174,0.0011196053
194,174,0.00072851405
195,174,0.0011159591
196,174,0.0007522246
197,174,0.00050686114
198,174,0.0010627294
199,174,0.000579427
200,174,0.0006627627
201,174,0.00067359395
202,174,0.0010035988
203,174,0.0003441386
204,174,
205,174,0.00079152174
206,174,0.0006327098
207,174,0.0004895227
208,174,0.00054695643
209,174,
210,174,0.00057777576
211,174,0.00069501065
212,174,0.00025134254
213,174,0.0005260091
214,174,0.00058522634
215,174,0.00037056673
216,174,0.0006063776
217,174,0.00056385715
218,174,0.0002919007
219,174,8.61343e-05
220,174,0.0003905855
221,174,0.00064967386
222,174,9.318255e-05
223,174,0.00023138896
224,174,0.00069581997
225,174,0.00039737765
226,174,0.00066494755
227,174,-0.000118155964
228,174,5.9287995e-06
229,174,
230,174,
231,174,
232,174,0.0002388116
233,174,
234,174,0.0009973012
235,174,0.0001718644
236,174,0.0005253833
237,174,0.0005192384
238,174,0.00044423435
239,174,0.00023321435
240,174,0.000712974
241,174,0.00086039025
242,174,0.00035928562
243,174,0.0010619499
244,174,0.0012801206
245,174,0.000749358
246,174,0.0003371872
247,174,0.00021545682
248,174,0.00035533868
249,174,0.0008136537
250,174,0.0004326012
251,174,0.0008535208
252,174,0.000624205
253,174,0.0008016918
254,174,0.0005247388
255,174,0.0005669268
256,174,0.0006828336
257,174,0.0011597453
258,174,0.00069208536
259,174,0.0006209081
260,174,0.0005271733
261,174,0.00071877707
262,174,0.0005027186
263,174,0.00059078634
264,174,0.0011462923
265,174,0.00074769463
266,174,0.00040749833
267,174,0.00057790335
268,174,0.0009495653
269,174,0.0007298207
270,174,0.00052056555
271,174,0.00041887723
272,174,0.00041159336
273,174,9.617675e-05
274,174,0.0012048408
275,174,
276,174,0.00041543413
277,174,0.00027674064
278,174,0.000373533
279,174,0.0011307932
280,174,0.0007510893
281,174,0.00020408724
282,174,0.00062176585
283,174,0.00050690584
284,174,0.00062950514
285,174,0.00063844956
286,174,0.00018961169
287,174,0.00071159285
288,174,0.0005693091
289,174,0.00090947375
290,174,0.0004172288
291,174,0.0005349526
292,174,0.00068142544
293,174,0.0003307741
294,174,0.00078321714
295,174,0.00055691134
296,174,0.00083586667
297,174,0.0005862471
298,174,0.0004913397
299,174,0.0012173168
300,174,0.0011945507
301,174,0.00022121053
302,174,0.0006170869
303,174,0.0008364711
304,174,0.00090384297
305,174,0.00036237296
306,174,0.00048316922
307,174,0.00086549297
308,174,0.0005436754
309,174,0.0009591114
310,174,0.00048018247
311,174,0.00092285685
312,174,0.00043952186
313,174,0.0006811246
314,174,0.00078861695
315,174,0.00022515282
316,174,0.00072577223
317,174,0.0005128123
318,174,0.0005319873
319,174,0.0009149844
320,174,0.000573623
321,174,0.0010269852
322,174,0.0005400507
323,174,0.00047770515
324,174,0.0002178289
325,174,0.00082383305
326,174,0.0003247913
327,174,0.0001494009
328,174,0.00084307604
329,174,0.00020312984
330,174,0.00074434467
331,174,0.00018041488
332,174,0.0005815737
333,174,-0.00016585272
334,174,-3.8146973e-06
335,174,0.0004392732
336,174,0.00092898775
337,174,0.00012055226
338,174,-4.86793e-05
339,174,8.27061e-05
340,174,0.00021165237
341,174,0.0005382644
342,174,0.0003917953
343,174,0.0006775353
344,174,0.00058623496
345,174,0.000467496
346,174,0.0006245086
347,174,0.00062772166
348,174,0.00086937007
349,174,0.00072367303
350,174,0.00045681372
351,174,0.00033477228
352,174,0.0008600354
353,174,0.00013753772
354,174,0.00014007464
355,174,0.00013626646
356,174,0.00015799236
357,174,0.00043483544
358,174,0.000641766
359,174,0.00050256867
360,174,0.000115508214
361,174,0.00044569746
362,174,0.0005871942
363,174,0.00030032732
364,174,-9.001605e-05
365,174,-8.8665634e-05
366,174,-3.2072887e-05
367,174,0.00046389643
368,174,0.00044225622
369,174,0.00013770908
370,174,0.00064436626
371,174,0.00022697356
372,174,0.0006856648
373,174,0.0003324384
374,174,0.0006611338
375,174,0.0003417218
376,174,0.000909457
377,174,0.0006779209
378,174,0.00072021317
379,174,0.00034320075
380,174,0.00028913748
381,174,0.00071287714
382,174,0.00033131428
383,174,0.00053656567
384,174,0.0005856715
385,174,0.0006084675
386,174,0.00072984863
387,174,0.0006550355
388,174,0.00041868724
389,174,0.0006881794
390,174,0.0011702003
391,174,-7.509161e-05
392,174,0.0007507978
393,174,-0.00022510439
394,174,0.0006270129
395,174,0.00091776904
396,174,0.00024136622
397,174,3.118906e-05
398,174,0.00032774452
399,174,0.0006784927
400,174,0.00016459357
401,174,0.00088494085
402,174,-4.214607e-05
403,174,0.0005970374
404,174,0.00042448472
405,174,0.00072674174
406,174,0.0003236495
407,174,0.0007002158
408,174,0.0006655706
409,174,0.0010469873
410,174,-0.00013373792
411,174,0.000105081126
412,174,0.0004519513
413,174,0.0008140439
414,174,0.00039975066
415,174,0.00010548346
416,174,0.0005602259
417,174,0.00048913155
418,174,0.0005894769
419,174,0.00021279138
420,174,0.00025685504
421,174,0.0008716807
422,174,0.00053057447
423,174,8.695293e-05
424,174,0.0005315896
425,174,0.00043071248
426,174,0.00022705551
427,174,0.0007778909
428,174,0.0007066652
429,174,0.0008184742
430,174,-0.00022915006
431,174,0.0005375501
432,174,0.00012104772
433,174,0.00053210836
434,174,0.0009959629
435,174,0.00019352138
436,174,0.00042805262
437,174,0.00069822185
438,174,0.000400031
439,174,0.0004893197
440,174,0.00022128876
441,174,0.00054808613
442,174,0.0005681431
443,174,-7.4299984e-05
444,174,0.00020860229
445,174,0.00042267703
446,174,0.0005039163
447,174,0.0006975867
448,174,0.00026732497
449,174,0.00048055127
450,174,0.00024961494
451,174,0.0003983006
452,174,0.00039766636
453,174,0.0005996693
454,174,0.0001923535
455,174,0.0004831385
456,174,0.0005636625
457,174,0.00030246563
458,174,0.0006464636
459,174,0.0005943468
460,174,0.00045681745
461,174,0.00080092624
462,174,0.0004191324
463,174,0.0008885693
464,174,0.0003767889
465,174,0.00065631606
466,174,0.00040737633
467,174,0.0004037274
468,174,0.00029297452
469,174,0.0007745577
470,174,0.0003789831
471,174,0.00054635387
472,174,0.00018115621
473,174,0.00029704347
474,174,0.00050214306
475,174,0.0002817046
476,174,0.00025111157
477,174,0.0003273161
478,174,0.00038548093
479,174,0.00014172774
480,174,0.00040953048
481,174,0.00040261913
482,174,0.0010017194
483,174,0.0012394488
484,174,0.0006723227
485,174,0.0005807951
486,174,0.0014147134
487,174,0.0007460043
488,174,0.0007010782
489,174,0.000987622
490,174,0.00046819914
491,174,0.0011386434
492,174,0.0008207699
493,174,0.00076178275
494,174,0.0004369868
0,175,0.00031474885
1,175,0.0003959462
2,175,0.00057150424
3,175,0.00040429644
4,175,0.00037625618
5,175,0.00038476475
6,175,0.00070870295
7,175,0.0011258936
8,175,0.0006501656
9,175,0.0011773529
10,175,0.00064080115
11,175,0.00091474876
12,175,0.00081150606
13,175,0.00068771094
14,175,0.0001717601
15,175,0.0010942305
16,175,0.0005528284
17,175,0.0012635253
18,175,0.00073222537
19,175,0.00015132129
20,175,0.00028530508
21,175,0.00032375846
22,175,0.0009753341
23,175,0.00017539132
24,175,0.00011075009
25,175,0.0002515614
26,175,-8.1264414e-05
27,175,0.00071696006
28,175,0.0007706629
29,175,0.0005378667
30,175,0.0008914033
31,175,0.00023581088
32,175,0.00081829727
33,175,
34,175,0.00048289727
35,175,
36,175,
37,175,0.0009979326
38,175,0.00092443824
39,175,0.0008100867
40,175,0.00091192033
41,175,0.00093795825
42,175,0.00017019548
43,175,0.00029794686
44,175,0.0009121401
45,175,0.0007531857
46,175,0.0006205607
47,175,0.00019073766
48,175,0.00018173177
49,175,
50,175,
51,175,
52,175,
53,175,
54,175,
55,175,
56,175,
57,175,
58,175,
59,175,
60,175,
61,175,
62,175,
63,175,
64,175,
65,175,
66,175,
67,175,
68,175,
69,175,
70,175,
71,175,
72,175,
73,175,
74,175,
75,175,
76,175,
77,175,
78,175,
79,175,
80,175,
81,175,
82,175,
83,175,
84,175,
85,175,0.00051919
86,175,0.0008916734
87,175,0.00024343655
88,175,0.0006511975
89,175,0.00059825554
90,175,0.00057287514
91,175,0.0008127736
92,175,0.00010153651
93,175,0.00041317008
94,175,0.00061230175
95,175,0.0007535666
96,175,0.00072580203
97,175,0.0008164607
98,175,0.00056274794
99,175,0.00072280876
100,175,0.0005823178
101,175,0.00069204066
102,175,0.00073261745
103,175,0.0005086437
104,175,
105,175,
106,175,
107,175,
108,175,0.00045120064
109,175,
110,175,
111,175,
112,175,
113,175,
114,175,
115,175,
116,175,
117,175,
118,175,
119,175,
120,175,
121,175,
122,175,
123,175,
124,175,
125,175,
126,175,
127,175,
128,175,
129,175,
130,175,
131,175,
132,175,
133,175,
134,175,
135,175,
136,175,
137,175,
138,175,
139,175,
140,175,
141,175,
142,175,
143,175,
144,175,
145,175,
146,175,
147,175,
148,175,
149,175,0.00055343844
150,175,
151,175,
152,175,
153,175,
154,175,0.00070943683
155,175,0.00045846216
156,175,0.00059856195
157,175,0.00031763595
158,175,0.00033174548
159,175,0.00038048066
160,175,0.0008863136
161,175,0.00086399354
162,175,0.0006730249
163,175,0.0011056643
164,175,0.0008505825
165,175,0.0009485241
166,175,0.00059480406
167,175,0.000368122
168,175,0.0008803867
169,175,0.00065213256
170,175,0.00057096966
171,175,0.0005004471
172,175,0.00035787188
173,175,0.0008798577
174,175,0.0004857434
175,175,0.00040195882
176,175,0.0005717864
177,175,0.00074502453
178,175,0.00026091933
179,175,0.00023196917
180,175,0.0008331891
181,175,0.0006376244
182,175,0.0011458686
183,175,0.0008959165
184,175,
185,175,
186,175,
187,175,
188,175,
189,175,
190,175,
191,175,
192,175,0.00071614794
193,175,0.0008817306
194,175,0.0010295594
195,175,0.0011854675
196,175,0.0007986473
197,175,0.0008931486
198,175,0.0010042293
199,175,
200,175,0.00049843825
201,175,
202,175,0.0010124668
203,175,
204,175,
205,175,
206,175,
207,175,
208,175,
209,175,0.000913769
210,175,0.000735946
211,175,0.00075119734
212,175,0.0005890615
213,175,0.0004141936
214,175,0.0007273657
215,175,0.000593381
216,175,0.0004001651
217,175,0.00013058912
218,175,0.0010887403
219,175,0.0006392002
220,175,0.0002654018
221,175,0.00035457313
222,175,0.00087966677
223,175,0.00018509198
224,175,0.00023918506
225,175,0.00030500535
226,175,0.00093995966
227,175,
228,175,
229,175,
230,175,
231,175,
232,175,
233,175,
234,175,
235,175,0.0002960842
236,175,0.0003744308
237,175,0.0008581858
238,175,0.0008434281
239,175,0.00053669326
240,175,0.00059107784
241,175,0.00035279058
242,175,0.0007819077
243,175,0.00057372544
244,175,0.00024667662
245,175,0.00076946244
246,175,0.0004760623
247,175,0.00022570696
248,175,0.0005059391
249,175,0.0009072842
250,175,0.00060800184
251,175,0.00033459626
252,175,0.00028674304
253,175,0.00075970497
254,175,0.00042633805
255,175,9.5756724e-05
256,175,0.0003541084
257,175,0.0003379602
258,175,0.000766119
259,175,0.00039070938
260,175,0.00044943672
261,175,0.000648262
262,175,0.000712513
263,175,0.00040402077
264,175,0.0005133711
265,175,4.430022e-05
266,175,0.00038775057
267,175,0.000939562
268,175,0.00073840003
269,175,9.887107e-05
270,175,4.3916516e-05
271,175,0.0008434411
272,175,0.00084089674
273,175,0.00029933453
274,175,0.0005079657
275,175,
276,175,0.00024283025
277,175,0.00068801455
278,175,0.0007945383
279,175,0.00068987627
280,175,0.00056497566
281,175,0.00047427043
282,175,0.0007245643
283,175,0.0002080379
284,175,0.0003538467
285,175,0.0008140262
286,175,0.0006643608
287,175,0.00066289864
288,175,0.0008110441
289,175,0.0004961863
290,175,0.0004998557
291,175,0.00023622438
292,175,0.000508911
293,175,0.0010885932
294,175,0.0010333173
295,175,0.0010964954
296,175,0.00035725534
297,175,0.00057722535
298,175,3.2531098e-05
299,175,0.000119837
300,175,0.0003131628
301,175,-0.00020844396
302,175,6.846432e-05
303,175,0.00089756306
304,175,0.00069446117
305,175,-0.00021086168
306,175,0.00020461995
307,175,0.0004730355
308,175,0.0006316323
309,175,0.00020265579
310,175,0.0007099109
311,175,0.00031960942
312,175,0.0003803093
313,175,0.0007865764
314,175,0.00065669976
315,175,0.0005423892
316,175,0.00047507975
317,175,0.0008326527
318,175,0.00078320596
319,175,0.0003419891
320,175,0.00064320955
321,175,0.00066054333
322,175,-0.00028302893
323,175,0.0003124131
324,175,0.00066454336
325,175,0.00084474403
326,175,0.00019448623
327,175,-0.0001477832
328,175,0.00013384037
329,175,0.00019087736
330,175,0.00033700373
331,175,0.0010791561
332,175,0.00080169644
333,175,0.00019235257
334,175,0.00094725844
335,175,0.0005830508
336,175,0.00029932242
337,175,0.00017701741
338,175,-3.9262697e-05
339,175,0.0003441861
340,175,0.00040604826
341,175,0.00019690488
342,175,0.00030957162
343,175,0.0009932676
344,175,0.0010404158
345,175,
346,175,0.00083016884
347,175,0.00076765195
348,175,0.00039473828
349,175,0.00023679901
350,175,0.0007201303
351,175,0.00087835826
352,175,0.0008982159
353,175,0.00029793475
354,175,0.00081575476
355,175,0.0007123416
356,175,0.00094005466
357,175,0.0005670097
358,175,0.0005001249
359,175,0.00057339855
360,175,0.000757101
361,175,0.00065479893
362,175,0.00019485038
363,175,0.0007785857
364,175,0.00057712384
365,175,1.42436475e-05
366,175,0.0004905369
367,175,0.00051200483
368,175,0.00079906173
369,175,0.0008660229
370,175,0.000766065
371,175,0.0002820948
372,175,-0.00022728369
373,175,0.00085350685
374,175,0.00046912953
375,175,0.0007608868
376,175,0.00042501837
377,175,0.0004163189
378,175,0.00032090023
379,175,0.00054705143
380,175,0.0007927418
381,175,0.00076454785
382,175,0.0004675053
383,175,0.0007666182
384,175,0.000918366
385,175,0.00076646917
386,175,0.00066442974
387,175,0.0003922945
388,175,0.0007688273
389,175,0.0006662784
390,175,3.6693178e-05
391,175,0.0010772254
392,175,0.000536697
393,175,0.0007958999
394,175,0.00047657266
395,175,0.00023040362
396,175,0.0004902249
397,175,0.0008400297
398,175,0.00070730224
399,175,4.9019232e-05
400,175,0.0006017769
401,175,0.00014993269
402,175,0.001255814
403,175,0.0005554566
404,175,0.0007309001
405,175,0.00045716483
406,175,0.0004286226
407,175,0.00018120557
408,175,-5.894527e-05
409,175,0.00044524297
410,175,0.0008065626
411,175,0.00037006754
412,175,0.00050087925
413,175,3.3648685e-05
414,175,0.00041141734
415,175,0.000975335
416,175,-0.00020279177
417,175,0.00056616776
418,175,0.00060485397
419,175,0.00030698627
420,175,0.0005075289
421,175,0.00056228694
422,175,0.00051194057
423,175,-0.00015549455
424,175,0.00028604176
425,175,0.00019922294
426,175,8.991081e-05
427,175,0.00043403823
428,175,0.0007751649
429,175,0.0006665429
430,175,0.00046235882
431,175,0.000440659
432,175,7.474795e-06
433,175,0.0007688375
434,175,0.00031641684
435,175,0.00022556819
436,175,0.00048971735
437,175,0.00044141896
438,175,0.00045541115
439,175,0.00043554138
440,175,0.0004985053
441,175,0.00067119114
442,175,0.0007525552
443,175,-0.00016389973
444,175,0.0005643312
445,175,0.0004105866
446,175,0.00084712915
447,175,0.00028419588
448,175,0.00014939718
449,175,0.0012207143
450,175,0.0007037008
451,175,0.00043493044
452,175,0.00096400175
453,175,0.00022073183
454,175,0.000563954
455,175,0.0004706299
456,175,0.00049798563
457,175,0.0008675996
458,175,0.00064820703
459,175,2.5946647e-06
460,175,0.0005111834
461,175,0.00017522089
462,175,0.000631148
463,175,0.00012490433
464,175,0.00044956524
465,175,0.0005959552
466,175,0.00044141803
467,175,0.00026407838
468,175,0.00051586237
469,175,0.00085344724
470,175,0.00058116205
471,175,0.0008513555
472,175,0.000425186
473,175,0.00043379888
474,175,0.0004050769
475,175,0.0005378807
476,175,7.989351e-05
477,175,0.00068054255
478,175,0.00048305653
479,175,0.0010084482
480,175,0.000610603
481,175,-3.92301e-05
482,175,0.0005204128
483,175,0.0004615672
484,175,0.00092494395
485,175,0.0006617643
486,175,0.0003938591
487,175,0.0005070474
488,175,0.0007222276
489,175,0.00073829666
490,175,0.0007862253
491,175,0.0010063555
492,175,0.0009039594
493,175,0.00052863173
494,175,0.0004813699
0,176,0.00057198294
1,176,0.00039878674
2,176,0.0006789062
3,176,0.00067412574
4,176,0.0005215015
5,176,0.0006156247
6,176,0.00047169998
7,176,0.0005270317
8,176,0.00045818277
9,176,0.00053017214
10,176,0.0006493516
11,176,0.00045864005
12,176,0.0005384432
13,176,0.00095264334
14,176,0.0005203374
15,176,0.00073642284
16,176,0.0005511865
17,176,0.0006275112
18,176,0.0006729672
19,176,0.0011772327
20,176,0.0006518131
21,176,0.0005244175
22,176,0.00011057593
23,176,0.00016203988
24,176,0.0006574895
25,176,0.00036409032
26,176,
27,176,0.00041160267
28,176,0.0009079911
29,176,0.00046109967
30,176,0.00058614556
31,176,
32,176,
33,176,0.00030283537
34,176,
35,176,0.00018972903
36,176,0.00058448967
37,176,0.00068851374
38,176,0.00058543775
39,176,0.0008846745
40,176,0.0007610461
41,176,0.00085985754
42,176,0.00038406253
43,176,0.00076178834
44,176,0.00021302886
45,176,
46,176,0.0009193048
47,176,0.00032056682
48,176,
49,176,
50,176,
51,176,
52,176,
53,176,0.00066898856
54,176,0.00069798157
55,176,
56,176,
57,176,
58,176,
59,176,
60,176,
61,176,
62,176,
63,176,
64,176,
65,176,
66,176,0.00037661195
67,176,
68,176,
69,176,
70,176,
71,176,
72,176,
73,176,
74,176,
75,176,
76,176,
77,176,
78,176,
79,176,
80,176,
81,176,
82,176,
83,176,
84,176,
85,176,0.0004299935
86,176,0.0004816968
87,176,0.00075225625
88,176,0.0011388166
89,176,0.0006154012
90,176,0.00043021515
91,176,0.0006833151
92,176,0.0008773906
93,176,0.00091730244
94,176,0.000495838
95,176,0.0010840893
96,176,0.00016724318
97,176,0.000547681
98,176,0.00083175115
99,176,0.0007177871
100,176,0.0010171272
101,176,0.0008044541
102,176,0.0007397495
103,176,
104,176,0.00035088137
105,176,0.0007413868
106,176,
107,176,0.0006034281
108,176,
109,176,
110,176,
111,176,
112,176,
113,176,
114,176,
115,176,
116,176,
117,176,
118,176,
119,176,
120,176,
121,176,
122,176,
123,176,
124,176,
125,176,
126,176,
127,176,
128,176,
129,176,
130,176,
131,176,
132,176,
133,176,
134,176,
135,176,
136,176,
137,176,
138,176,
139,176,
140,176,
141,176,
142,176,
143,176,
144,176,
145,176,
146,176,
147,176,
148,176,
149,176,
150,176,
151,176,
152,176,
153,176,
154,176,
155,176,0.00059726834
156,176,0.00087855477
157,176,0.00070135295
158,176,0.00031225383
159,176,0.00090137124
160,176,0.00060459133
161,176,0.0005446393
162,176,0.0012451708
163,176,0.0006563598
164,176,0.0006879959
165,176,0.0007313052
166,176,0.0010146946
167,176,0.0005035009
168,176,0.00084294565
169,176,0.0009532813
170,176,0.00011584256
171,176,0.00028801896
172,176,0.00042042788
173,176,0.0009966632
174,176,0.00019407365
175,176,0.000580742
176,176,0.0001419792
177,176,0.00068373233
178,176,0.0004251711
179,176,0.0008346541
180,176,0.00050668325
181,176,0.00032296963
182,176,0.0009592697
183,176,0.0008010743
184,176,
185,176,
186,176,
187,176,0.00064929295
188,176,0.0007120846
189,176,
190,176,0.0013023242
191,176,
192,176,0.0008697957
193,176,0.00043708272
194,176,0.0006546909
195,176,0.0009539863
196,176,0.0008513378
197,176,0.0010876162
198,176,0.000768017
199,176,0.0007685805
200,176,0.0008799117
201,176,0.00071488414
202,176,0.0010421304
203,176,
204,176,
205,176,
206,176,
207,176,
208,176,
209,176,
210,176,0.00063438993
211,176,0.000423979
212,176,0.00047085714
213,176,0.00032497197
214,176,0.00062310137
215,176,0.0008350564
216,176,0.0010080785
217,176,0.00063714385
218,176,0.00095477235
219,176,0.00024197437
220,176,0.00068934914
221,176,0.001085043
222,176,0.00014779717
223,176,0.0011664908
224,176,0.00037496723
225,176,0.00041409768
226,176,0.00072187465
227,176,
228,176,
229,176,
230,176,
231,176,
232,176,
233,176,
234,176,
235,176,
236,176,0.00017938484
237,176,0.00044259243
238,176,0.0006380668
239,176,0.0010692142
240,176,0.00075769797
241,176,0.0008548554
242,176,0.00047581177
243,176,0.0009820731
244,176,0.0005381992
245,176,0.00028686412
246,176,0.000303166
247,176,0.000677607
248,176,0.0004384378
249,176,0.00063840766
250,176,0.0005973466
251,176,0.00044110045
252,176,0.0010282658
253,176,0.00047838688
254,176,0.00035876967
255,176,0.00053733215
256,176,0.00043702498
257,176,0.0008166544
258,176,0.0009942073
259,176,0.00080360845
260,176,0.000696348
261,176,0.00028350204
262,176,0.0008150134
263,176,0.0006680805
264,176,0.0006375173
265,176,0.00062355585
266,176,0.00041824672
267,176,0.0005960027
268,176,0.00030293316
269,176,0.0007601669
270,176,0.0006334698
271,176,0.0012180572
272,176,0.00024094153
273,176,0.0014483966
274,176,9.471178e-05
275,176,
276,176,0.00076888315
277,176,0.0003245566
278,176,0.00035440084
279,176,0.0004014941
280,176,0.0005936567
281,176,0.0005378695
282,176,0.0009138016
283,176,0.0007786779
284,176,0.0005273614
285,176,0.00027775578
286,176,0.0005274061
287,176,0.0009461902
288,176,0.000594507
289,176,0.00069282297
290,176,0.0009377524
291,176,0.0006958172
292,176,0.0010587545
293,176,0.00087873545
294,176,0.00050580874
295,176,0.00086398143
296,176,0.0005733343
297,176,0.00065830164
298,176,0.00052813906
299,176,0.00032164436
300,176,0.00080210995
301,176,0.000588296
302,176,0.00035724044
303,176,0.00096593425
304,176,0.0006827591
305,176,0.0003228765
306,176,0.00052479
307,176,0.00059007853
308,176,0.00065104757
309,176,0.0004825499
310,176,0.00035284087
311,176,0.00079172757
312,176,0.0009331852
313,176,0.0007323446
314,176,0.0009547807
315,176,0.00076461677
316,176,0.00062939804
317,176,0.00079726055
318,176,0.00023589004
319,176,0.00048465095
320,176,0.00024387799
321,176,0.00072007254
322,176,0.0009951778
323,176,0.00066144485
324,176,0.000799777
325,176,0.000374523
326,176,0.00048626028
327,176,0.0005065985
328,176,0.00028095767
329,176,0.00056016445
330,176,0.00039328076
331,176,0.00047135074
332,176,0.00047900528
333,176,0.0002454752
334,176,0.0003627697
335,176,0.0010292269
336,176,0.00029137544
337,176,0.00060006883
338,176,0.00022610463
339,176,0.00022102892
340,176,0.0005034823
341,176,7.175654e-05
342,176,0.00041685533
343,176,0.00066651404
344,176,0.00036591943
345,176,
346,176,0.00033866148
347,176,0.00041794404
348,176,0.00010099914
349,176,0.0007194802
350,176,0.00020152982
351,176,0.00032400806
352,176,0.00047069136
353,176,0.000740733
354,176,0.00041625556
355,176,0.0010541007
356,176,0.00068548694
357,176,0.00026367325
358,176,0.0005650725
359,176,0.00025381148
360,176,0.0006008446
361,176,0.00076211523
362,176,0.00041326322
363,176,0.00045528263
364,176,0.0008497825
365,176,0.00048251357
366,176,0.000724541
367,176,0.00055086426
368,176,0.00050970353
369,176,0.0006212825
370,176,-0.00017884374
371,176,0.0005102465
372,176,0.00066573825
373,176,0.00048293918
374,176,0.00036750268
375,176,0.0006191423
376,176,0.00056661107
377,176,0.0005416507
378,176,0.0009833518
379,176,0.00096576475
380,176,0.00075462274
381,176,0.00058270246
382,176,0.000747337
383,176,0.00070438907
384,176,0.00074580684
385,176,0.00084453914
386,176,0.00035532843
387,176,0.0006322013
388,176,0.0010208758
389,176,0.0003088247
390,176,0.0005128253
391,176,0.0005415175
392,176,0.0005310066
393,176,0.00017860252
394,176,0.0006713737
395,176,0.0005652476
396,176,0.0005630208
397,176,0.00043548364
398,176,0.00094360113
399,176,0.0005349573
400,176,0.0006939918
401,176,-2.3698434e-05
402,176,0.00031033903
403,176,8.584373e-05
404,176,0.00056518894
405,176,0.00023436546
406,176,-0.00023925211
407,176,-1.9199215e-05
408,176,0.0008351458
409,176,0.0006977087
410,176,0.0011620848
411,176,0.00018886384
412,176,0.00015746988
413,176,-4.053116e-05
414,176,0.00047222245
415,176,0.00033762027
416,176,0.0010016318
417,176,0.00028951187
418,176,0.0011575045
419,176,0.00037947763
420,176,-0.00019787718
421,176,0.0004927004
422,176,0.0006652735
423,176,0.0011960147
424,176,0.00057663675
425,176,0.0004530279
426,176,2.9787421e-05
427,176,0.000547437
428,176,0.00031979755
429,176,0.0003774492
430,176,0.00031364616
431,176,0.0009536883
432,176,0.00046792068
433,176,0.00019171368
434,176,0.00080232974
435,176,0.00041487254
436,176,-1.8351711e-05
437,176,0.00028510205
438,176,0.0005784463
439,176,0.0006710142
440,176,0.00066403206
441,176,0.00044018403
442,176,-4.255399e-05
443,176,0.0011966545
444,176,0.00049730577
445,176,9.7447075e-05
446,176,8.0010854e-05
447,176,0.00048636086
448,176,-5.3364784e-07
449,176,0.00038095843
450,176,0.00044796336
451,176,0.00027758628
452,176,0.0011134623
453,176,0.000804401
454,176,0.000252896
455,176,0.00031578634
456,176,0.0003542276
457,176,0.000487471
458,176,0.00051791593
459,176,0.00017303135
460,176,0.0004356131
461,176,0.00024409965
462,176,0.00048014894
463,176,0.0008035032
464,176,0.00054313336
465,176,0.0009240676
466,176,0.00046879426
467,176,0.00044806954
468,176,0.0009141825
469,176,0.0007555494
470,176,0.00044171326
471,176,0.00078109466
472,176,0.00029122084
473,176,0.0008365819
474,176,0.00075937994
475,176,0.00020766445
476,176,0.0002175672
477,176,0.00055259746
478,176,0.00078321714
479,176,0.0003614705
480,176,0.0008477932
481,176,0.0003567962
482,176,0.0006372882
483,176,0.0009087939
484,176,0.00079424493
485,176,0.0007184809
486,176,0.0003541261
487,176,0.00086929277
488,176,0.00046373345
489,176,0.00090181176
490,176,0.00079481956
491,176,0.0009355908
492,176,0.0005983487
493,176,0.00058861263
494,176,0.0005772589
0,177,0.00043843966
1,177,7.6097436e-05
2,177,0.00027577206
3,177,0.00060357153
4,177,0.0005828561
5,177,0.00054982584
6,177,0.000999989
7,177,0.00031000748
8,177,0.0010164296
9,177,0.0002795318
10,177,0.00038652588
11,177,0.0005952334
12,177,0.0007399814
13,177,0.00088102743
14,177,0.0007702932
15,177,0.00040081237
16,177,0.0007751016
17,177,0.00046286918
18,177,0.0008049505
19,177,0.00040229876
20,177,0.0007703947
21,177,0.00034911744
22,177,0.00046842638
23,177,0.0008984329
24,177,0.00011253357
25,177,-4.8396178e-05
26,177,
27,177,0.0008157063
28,177,0.0009292336
29,177,0.0003956845
30,177,0.00042858906
31,177,0.0001534773
32,177,0.00023272075
33,177,0.0005419636
34,177,
35,177,0.000996721
36,177,
37,177,0.00035499036
38,177,
39,177,
40,177,0.00057212356
41,177,0.00080991536
42,177,0.0006672805
43,177,0.0005154889
44,177,0.00041696057
45,177,0.0007192036
46,177,0.000779042
47,177,
48,177,
49,177,
50,177,
51,177,
52,177,0.0007385574
53,177,0.0005071582
54,177,0.00045293476
55,177,0.00065678824
56,177,
57,177,
58,177,
59,177,
60,177,4.1823834e-05
61,177,
62,177,
63,177,
64,177,
65,177,
66,177,0.00081299804
67,177,
68,177,
69,177,
70,177,0.0002917312
71,177,
72,177,
73,177,
74,177,
75,177,
76,177,
77,177,2.2388995e-05
78,177,
79,177,
80,177,
81,177,
82,177,
83,177,
84,177,
85,177,
86,177,0.0003339909
87,177,
88,177,0.0004174728
89,177,0.00027081557
90,177,4.206784e-05
91,177,0.00045579392
92,177,0.0009780899
93,177,0.0010881322
94,177,0.00017776899
95,177,8.312054e-05
96,177,7.924158e-05
97,177,0.0008374639
98,177,0.0005710237
99,177,5.6344084e-05
100,177,0.0006123353
101,177,0.0013372991
102,177,
103,177,
104,177,0.00029296614
105,177,7.8420155e-05
106,177,
107,177,
108,177,
109,177,
110,177,
111,177,
112,177,
113,177,
114,177,
115,177,
116,177,
117,177,
118,177,
119,177,
120,177,
121,177,
122,177,
123,177,
124,177,
125,177,
126,177,
127,177,
128,177,
129,177,
130,177,
131,177,
132,177,
133,177,
134,177,
135,177,
136,177,
137,177,
138,177,
139,177,
140,177,
141,177,
142,177,
143,177,
144,177,
145,177,
146,177,
147,177,0.00034985784
148,177,
149,177,
150,177,
151,177,
152,177,
153,177,
154,177,
155,177,0.00040065125
156,177,3.6400743e-05
157,177,0.0008002259
158,177,0.00060072355
159,177,0.0012499997
160,177,0.00062978454
161,177,0.0010587536
162,177,0.0004916424
163,177,0.0007503107
164,177,0.0007033674
165,177,0.00039966777
166,177,0.00096783787
167,177,0.00064542145
168,177,0.0010207798
169,177,8.109119e-05
170,177,0.0008306829
171,177,0.00026209932
172,177,0.0006090291
173,177,0.00038577057
174,177,0.00018522143
175,177,0.00031790137
176,177,0.0009171888
177,177,0.0005516773
178,177,0.0004654564
179,177,0.0007317057
180,177,0.00064402353
181,177,0.0010262737
182,177,0.00088650826
183,177,0.001160603
184,177,
185,177,
186,177,
187,177,
188,177,
189,177,
190,177,
191,177,0.0014756611
192,177,0.0003629243
193,177,0.00094831083
194,177,0.0010257298
195,177,0.00093202945
196,177,0.0011342317
197,177,0.0013264902
198,177,0.0011722725
199,177,0.0012620958
200,177,0.00095849764
201,177,
202,177,
203,177,0.00061890297
204,177,
205,177,0.0012671808
206,177,
207,177,0.00062609
208,177,0.0011475338
209,177,
210,177,
211,177,0.00057040993
212,177,0.0003116103
213,177,0.000333759
214,177,-2.530124e-05
215,177,0.00048523676
216,177,0.00068060216
217,177,0.001020832
218,177,0.00065809954
219,177,0.00026051607
220,177,0.00048227794
221,177,0.00076648314
222,177,2.9492192e-05
223,177,0.00040948857
224,177,4.997477e-06
225,177,0.0009584855
226,177,0.0009730775
227,177,2.8170645e-05
228,177,0.0006820448
229,177,
230,177,0.000803913
231,177,
232,177,
233,177,
234,177,
235,177,0.0003593862
236,177,-8.3321705e-05
237,177,0.00054920465
238,177,0.00015163328
239,177,0.00055107754
240,177,0.0009050993
241,177,0.0003502071
242,177,0.0007831212
243,177,0.0005673319
244,177,0.0008494407
245,177,0.0006627133
246,177,0.0006067604
247,177,0.0005999841
248,177,0.0006840145
249,177,0.00068268273
250,177,0.0006903466
251,177,0.0009707045
252,177,0.0009614229
253,177,0.0008473359
254,177,0.0007900605
255,177,0.00052462146
256,177,0.0009579193
257,177,0.0007659411
258,177,0.00035403576
259,177,0.0009292625
260,177,0.0005880175
261,177,0.00057718717
262,177,0.0005497802
263,177,0.00077232067
264,177,0.00078474917
265,177,0.0003632428
266,177,0.00047263503
267,177,0.0005785432
268,177,0.0005555982
269,177,0.0013122447
270,177,0.0010324027
271,177,0.00074301567
272,177,0.00022911932
273,177,0.00049677584
274,177,0.00012940727
275,177,
276,177,0.0009232126
277,177,0.0006133532
278,177,0.00032092538
279,177,0.0007531997
280,177,0.0007053567
281,177,0.0010550544
282,177,0.00059518777
283,177,0.00057346374
284,177,0.00073824264
285,177,0.0005099382
286,177,0.00052078906
287,177,0.000605206
288,177,0.0005240198
289,177,0.0008152379
290,177,0.0005131047
291,177,0.000557567
292,177,0.00037006475
293,177,0.0010618987
294,177,0.00010388717
295,177,0.00031806156
296,177,0.000610115
297,177,0.0009210268
298,177,0.00046311785
299,177,0.0006148601
300,177,0.0010089511
301,177,0.00013330951
302,177,0.0007643141
303,177,0.0008192528
304,177,0.0005197674
305,177,0.0005881712
306,177,0.0008747289
307,177,0.0008447496
308,177,0.0004880447
309,177,0.00045754574
310,177,0.0007140273
311,177,0.0006538667
312,177,0.0006667664
313,177,0.00027709547
314,177,0.00050649047
315,177,0.00062890165
316,177,0.00063408725
317,177,0.00049558
318,177,0.000988395
319,177,0.0006625056
320,177,0.00047796126
321,177,0.0004332848
322,177,0.00056418125
323,177,0.0003417693
324,177,0.00025183335
325,177,0.0005891947
326,177,8.672848e-05
327,177,0.00045159087
328,177,0.00030399486
329,177,0.00025908463
330,177,-0.00010502618
331,177,0.0008040257
332,177,7.992424e-05
333,177,0.0003395304
334,177,0.00043799356
335,177,0.00038107764
336,177,0.00017658714
337,177,0.0003421232
338,177,0.00023325812
339,177,0.00066916365
340,177,9.0053305e-05
341,177,0.0005322024
342,177,2.8655864e-05
343,177,0.00043723546
344,177,0.0006919736
345,177,
346,177,0.0005398821
347,177,0.00039416086
348,177,0.00028672256
349,177,0.00082738884
350,177,0.0006296253
351,177,0.00042127352
352,177,0.00026895385
353,177,0.00023178477
354,177,0.00020649284
355,177,0.0002788892
356,177,0.0004940387
357,177,0.00054020155
358,177,0.0008636322
359,177,0.00051464513
360,177,0.0002881391
361,177,0.00058186613
362,177,0.00035676174
363,177,0.00059963576
364,177,0.00043738913
365,177,0.00022865552
366,177,0.00031214673
367,177,0.00043670274
368,177,0.00039530918
369,177,0.00043288805
370,177,0.00069855433
371,177,0.000235226
372,177,0.00022923574
373,177,0.0003403742
374,177,0.00062549487
375,177,0.0007351069
376,177,0.0005255472
377,177,0.0008850992
378,177,0.00014431775
379,177,0.00037964713
380,177,0.0005466901
381,177,0.00045290124
382,177,0.0006908858
383,177,0.00024297833
384,177,0.000347469
385,177,0.00042951666
386,177,0.00040149968
387,177,0.00037184544
388,177,0.00074630417
389,177,0.00070505403
390,177,0.000112699345
391,177,0.0009203106
392,177,0.00032463763
393,177,0.00046920963
394,177,-1.3336539e-06
395,177,0.00015926268
396,177,0.0005125217
397,177,0.0006324807
398,177,-8.735526e-05
399,177,0.00032532774
400,177,0.00064867456
401,177,0.00025697052
402,177,0.00035914872
403,177,0.000561445
404,177,0.0009722579
405,177,0.0007382687
406,177,0.0004539527
407,177,0.00028847717
408,177,0.0004503755
409,177,-5.083531e-05
410,177,0.00077142473
411,177,0.00040152948
412,177,0.0006194096
413,177,0.00037882663
414,177,0.0001806179
415,177,0.0005568387
416,177,0.00056802575
417,177,0.0002939999
418,177,0.0004569739
419,177,0.00014247373
420,177,0.00064972416
421,177,9.852834e-05
422,177,0.00031993538
423,177,0.0006704768
424,177,0.00016552862
425,177,0.00026621018
426,177,0.00065570977
427,177,0.00039970037
428,177,0.00022884179
429,177,0.00037937984
430,177,0.0005784221
431,177,0.00025495142
432,177,0.00045816228
433,177,0.000902961
434,177,1.9629486e-05
435,177,0.0005975282
436,177,0.00039647892
437,177,0.00035398267
438,177,0.0011161668
439,177,0.00014660787
440,177,0.00057564117
441,177,0.00025905948
442,177,0.00032093748
443,177,7.54511e-05
444,177,0.0006083185
445,177,0.000530391
446,177,0.0005685128
447,177,0.00049388036
448,177,0.00084739644
449,177,0.0005866103
450,177,0.0006565098
451,177,0.0006435467
452,177,0.00031390414
453,177,0.0005472638
454,177,0.00082627684
455,177,0.0006702896
456,177,0.00022653583
457,177,0.0006657159
458,177,0.0001593018
459,177,0.00044551957
460,177,0.0003325101
461,177,0.0011652457
462,177,0.000660507
463,177,0.00070201326
464,177,-3.3474527e-05
465,177,0.0005282527
466,177,0.0011210805
467,177,0.00083665363
468,177,0.0004144311
469,177,0.00080912
470,177,0.00018989015
471,177,0.00031168852
472,177,0.00014012307
473,177,0.00013848674
474,177,0.0005115578
475,177,0.0007756902
476,177,0.00014252216
477,177,0.0004081158
478,177,0.0011084331
479,177,0.00085024256
480,177,0.00043105986
481,177,0.0011826251
482,177,0.0005430225
483,177,0.00081019755
484,177,0.00020346139
485,177,0.0011226516
486,177,0.0010642074
487,177,0.00049865246
488,177,0.0011408655
489,177,0.0009724442
490,177,0.0009931205
491,177,0.00069239736
492,177,0.00060183834
493,177,0.00016860291
494,177,0.0012560999
0,178,-0.00019974355
1,178,0.00036055874
2,178,0.00071584247
3,178,0.00050690677
4,178,0.0008132728
5,178,0.00015064143
6,178,0.00020473357
7,178,0.00036083162
8,178,0.0005997857
9,178,0.00025211647
10,178,0.00056099147
11,178,0.0005226182
12,178,7.5737946e-05
13,178,0.0004504975
14,178,0.00044414215
15,178,0.00043865852
16,178,0.00017854571
17,178,0.00061931834
18,178,0.00016467739
19,178,0.00025919825
20,178,0.00049117766
21,178,0.0006221719
22,178,0.00045341626
23,178,3.9871782e-05
24,178,8.791126e-05
25,178,0.0004595928
26,178,0.00027163606
27,178,0.0008016797
28,178,-1.5503727e-05
29,178,0.00027914904
30,178,0.00015124027
31,178,0.00044151582
32,178,0.00047800876
33,178,0.00027833227
34,178,
35,178,0.0006081555
36,178,
37,178,0.001172482
38,178,
39,178,0.0005518226
40,178,0.00015162025
41,178,-0.000117241405
42,178,0.0009639254
43,178,0.00026288442
44,178,
45,178,
46,178,
47,178,
48,178,
49,178,
50,178,
51,178,0.0005751662
52,178,0.0006763125
53,178,0.0009687869
54,178,0.0010435944
55,178,
56,178,
57,178,
58,178,
59,178,0.0004453035
60,178,
61,178,
62,178,
63,178,0.0003276514
64,178,
65,178,0.00039909873
66,178,0.0006416086
67,178,
68,178,0.0005539991
69,178,0.00061514974
70,178,0.0007874789
71,178,0.000551912
72,178,
73,178,
74,178,
75,178,
76,178,
77,178,
78,178,
79,178,
80,178,
81,178,
82,178,0.0003379332
83,178,
84,178,
85,178,
86,178,0.00048707612
87,178,0.0008595446
88,178,3.2812357e-05
89,178,0.0006223144
90,178,0.0002886746
91,178,0.00045582466
92,178,0.0005724849
93,178,0.0011772383
94,178,0.00023103692
95,178,0.0008760262
96,178,0.0007112846
97,178,0.00039899908
98,178,0.00068329554
99,178,0.0008759992
100,178,0.0006222278
101,178,0.00087825954
102,178,6.088894e-05
103,178,0.00034799613
104,178,0.00019058585
105,178,
106,178,0.00024796277
107,178,
108,178,
109,178,
110,178,
111,178,
112,178,
113,178,
114,178,
115,178,
116,178,
117,178,
118,178,
119,178,
120,178,
121,178,
122,178,
123,178,
124,178,0.00023384392
125,178,
126,178,
127,178,
128,178,
129,178,
130,178,
131,178,
132,178,
133,178,
134,178,
135,178,
136,178,
137,178,
138,178,
139,178,
140,178,
141,178,
142,178,
143,178,
144,178,
145,178,
146,178,
147,178,
148,178,
149,178,
150,178,
151,178,
152,178,
153,178,
154,178,
155,178,
156,178,
157,178,0.0008284282
158,178,0.00022868998
159,178,0.00027062278
160,178,0.0009240918
161,178,0.00025917962
162,178,0.00040023774
163,178,0.0005604075
164,178,0.00062177423
165,178,0.0006191768
166,178,0.0006540129
167,178,0.0003215475
168,178,0.00038976315
169,178,0.00035418104
170,178,0.0012852028
171,178,0.00029533077
172,178,0.00075916667
173,178,0.0009016916
174,178,0.0007961448
175,178,7.9602e-05
176,178,0.0007026363
177,178,0.00060642976
178,178,0.0007489091
179,178,0.0011643944
180,178,0.000393169
181,178,0.00088112336
182,178,
183,178,0.00045027677
184,178,
185,178,
186,178,
187,178,0.00039052684
188,178,0.0005306229
189,178,0.0006686449
190,178,
191,178,
192,178,0.00090631284
193,178,0.001088474
194,178,0.00036683213
195,178,0.00081907306
196,178,0.0008745659
197,178,0.0007997053
198,178,0.0008632317
199,178,0.00086879916
200,178,0.00060654804
201,178,0.0007858202
202,178,
203,178,
204,178,
205,178,
206,178,0.0006344598
207,178,0.0007933015
208,178,0.00080626085
209,178,0.0006288849
210,178,
211,178,0.0008703554
212,178,0.00077724364
213,178,0.00036475156
214,178,0.00059864577
215,178,0.00049732625
216,178,0.00016117841
217,178,0.00078699086
218,178,0.0007855296
219,178,0.0006066412
220,178,0.00092079863
221,178,0.0007105712
222,178,0.00031071343
223,178,0.0004029181
224,178,0.0003615329
225,178,0.0007792786
226,178,-6.583985e-05
227,178,0.0005603414
228,178,0.00016992912
229,178,0.00027727708
230,178,0.00049817096
231,178,
232,178,0.0011947975
233,178,
234,178,
235,178,
236,178,0.00093017425
237,178,0.0003516171
238,178,0.00029780902
239,178,0.00040603522
240,178,-0.00014130399
241,178,0.0011334438
242,178,0.00049555954
243,178,0.0006599212
244,178,0.00084083155
245,178,0.0002915552
246,178,0.0003678007
247,178,0.00068058167
248,178,0.0008191494
249,178,0.000269128
250,178,0.00055567827
251,178,0.00033872295
252,178,0.00035685394
253,178,0.00036542304
254,178,0.000356202
255,178,0.00049598515
256,178,0.00067902077
257,178,0.0007559145
258,178,0.0007015513
259,178,0.00049966574
260,178,0.00053456053
261,178,0.00072544813
262,178,0.00075211935
263,178,0.0005438784
264,178,0.00066291075
265,178,0.0004915083
266,178,0.0004227385
267,178,0.0002477942
268,178,-9.704754e-05
269,178,0.0003366163
270,178,0.00074957404
271,178,0.00023084413
272,178,0.0011090944
273,178,0.00094693527
274,178,0.0008764863
275,178,0.00046133902
276,178,0.00071719196
277,178,0.0005286215
278,178,0.000989859
279,178,0.00034591276
280,178,0.00058731064
281,178,0.0006998293
282,178,0.00094057806
283,178,0.0002227677
284,178,0.00082416646
285,178,0.0007754918
286,178,0.0003863601
287,178,0.00018103886
288,178,0.00052427314
289,178,0.0002240166
290,178,0.0007957909
291,178,0.00018516276
292,178,0.00048276316
293,178,0.0003720615
294,178,0.00077413954
295,178,0.00082341954
296,178,0.0007452378
297,178,0.0005481597
298,178,0.00025863573
299,178,0.00031219982
300,178,0.000773469
301,178,0.0007738434
302,178,0.0007596966
303,178,0.0002785772
304,178,0.00049324706
305,178,0.0006640777
306,178,0.0003360361
307,178,0.00065095816
308,178,0.00054895785
309,178,0.0005099233
310,178,0.00040515698
311,178,0.00038895104
312,178,0.00095644593
313,178,0.00040827226
314,178,0.0007278938
315,178,0.00044901855
316,178,0.00035840087
317,178,0.0008122586
318,178,0.0003568828
319,178,0.00042528845
320,178,0.00045999326
321,178,0.0003150003
322,178,0.00051743165
323,178,0.000238128
324,178,0.0003602011
325,178,0.0003101062
326,178,0.0007748082
327,178,0.0006766701
328,178,0.00055377744
329,178,-4.301872e-05
330,178,0.00041109137
331,178,0.00039681233
332,178,0.00086570904
333,178,0.0002023615
334,178,0.00035723764
335,178,-0.00017397664
336,178,0.00066759996
337,178,0.00012785476
338,178,0.000749927
339,178,0.00024592318
340,178,0.00052799005
341,178,0.0010188203
342,178,0.00065490603
343,178,0.0005831169
344,178,0.00026237033
345,178,
346,178,0.0005613174
347,178,0.000786487
348,178,0.00026684534
349,178,0.00042142067
350,178,0.00088542886
351,178,0.0006575128
352,178,0.00052554626
353,178,0.0007182192
354,178,-2.395548e-05
355,178,0.00056018494
356,178,0.0011334466
357,178,0.0005086651
358,178,0.00042182766
359,178,0.0008452935
360,178,0.00011850614
361,178,0.0003928328
362,178,0.00037232693
363,178,0.0005670609
364,178,0.00039384328
365,178,0.0001985738
366,178,0.00040364917
367,178,0.0010207361
368,178,0.00035628583
369,178,0.00030715205
370,178,0.0009501809
371,178,0.00041771866
372,178,0.00018806756
373,178,0.0007356247
374,178,0.00084080826
375,178,0.00038886908
376,178,0.00040266756
377,178,0.00055845454
378,178,0.00014437176
379,178,0.00049931835
380,178,0.0009756256
381,178,0.00076312385
382,178,0.0011439268
383,178,0.00044461899
384,178,0.0004981328
385,178,0.0007889159
386,178,0.0006051762
387,178,0.0008613346
388,178,-0.00045246072
389,178,-0.00010589417
390,178,0.0003776662
391,178,0.0009850301
392,178,0.0010142308
393,178,2.6541762e-05
394,178,0.00037764572
395,178,0.0002963161
396,178,5.0804578e-05
397,178,0.00037737936
398,178,0.0007049069
399,178,0.00022706017
400,178,0.00037776493
401,178,0.0006705085
402,178,0.0007303506
403,178,0.00045783073
404,178,-0.0003219014
405,178,0.00039153825
406,178,0.00064445287
407,178,-5.03622e-05
408,178,7.483922e-05
409,178,0.0007204972
410,178,0.00044973195
411,178,-6.322749e-05
412,178,0.00076361187
413,178,0.00068438426
414,178,6.54757e-05
415,178,-8.27387e-05
416,178,9.0552494e-05
417,178,0.00050894544
418,178,0.0005140323
419,178,0.00022081472
420,178,0.00020101666
421,178,0.00041822158
422,178,0.0001483038
423,178,0.00074136816
424,178,0.00061215647
425,178,0.00025543477
426,178,0.0005816007
427,178,0.0009013824
428,178,0.0002530031
429,178,0.00053770654
430,178,0.000574884
431,178,0.00019337516
432,178,0.00013861898
433,178,0.00075330306
434,178,0.0004696753
435,178,0.0004277276
436,178,0.0003034016
437,178,0.00052082445
438,178,0.00058181025
439,178,0.0006843228
440,178,0.0005437508
441,178,0.00017161388
442,178,0.0004686974
443,178,0.0007490041
444,178,0.0003647348
445,178,0.0004429575
446,178,0.00025648065
447,178,0.00041741878
448,178,0.0005136607
449,178,-3.9219856e-05
450,178,-0.0003443826
451,178,0.0005219076
452,178,0.000854468
453,178,0.00035498105
454,178,0.00037923362
455,178,0.00019712187
456,178,0.00030403398
457,178,8.181669e-05
458,178,0.00026986003
459,178,0.00047235284
460,178,0.0010651117
461,178,0.00075897295
462,178,0.00060448516
463,178,0.0005348921
464,178,0.0006440561
465,178,0.0004157517
466,178,0.00033797696
467,178,0.00082501397
468,178,0.0003547268
469,178,0.00037576538
470,178,0.00079796
471,178,0.0007862514
472,178,0.0010335371
473,178,0.00037153717
474,178,0.0004235627
475,178,0.0006223032
476,178,0.0006073937
477,178,0.00063247606
478,178,0.0006542271
479,178,0.0010627061
480,178,0.0005411701
481,178,0.00061268266
482,178,0.0004124865
483,178,0.00077912305
484,178,0.00045337435
485,178,0.0003587082
486,178,0.0005547274
487,178,0.00061417
488,178,0.0004467573
489,178,0.0010626726
490,178,0.00076024793
491,178,0.000698993
492,178,0.00016620848
493,178,0.0007773703
494,178,0.0010321392
0,179,0.0003531091
1,179,0.0006172173
2,179,0.0006942861
3,179,0.0005958192
4,179,0.00020042807
5,179,0.00051202625
6,179,0.00041510817
7,179,0.0004923381
8,179,0.0008891197
9,179,0.00040185452
10,179,0.0007911846
11,179,0.0006876532
12,179,0.0008038422
13,179,0.0007625595
14,179,0.00044644624
15,179,0.00048012938
16,179,0.0008890368
17,179,0.0005048821
18,179,0.00066717714
19,179,0.00015658699
20,179,0.00033323467
21,179,0.0012437105
22,179,0.0007169284
23,179,0.0007436117
24,179,0.00040753745
25,179,0.0009097224
26,179,0.00025579706
27,179,0.00027615577
28,179,0.0012533925
29,179,9.407103e-05
30,179,0.00081213284
31,179,5.982816e-06
32,179,3.1092204e-05
33,179,0.00087251887
34,179,0.0011251159
35,179,
36,179,0.0008482542
37,179,
38,179,0.0006068088
39,179,
40,179,0.00043901335
41,179,
42,179,0.0005068574
43,179,0.0010059513
44,179,
45,179,0.00048721023
46,179,0.00043609086
47,179,
48,179,
49,179,0.00040979125
50,179,0.00043557025
51,179,0.00069980416
52,179,0.0010001156
53,179,0.00011345651
54,179,0.00067048427
55,179,0.00081784185
56,179,
57,179,
58,179,
59,179,
60,179,-0.00029246882
61,179,
62,179,
63,179,
64,179,0.000424725
65,179,0.0003937343
66,179,0.0009609908
67,179,
68,179,0.00048282184
69,179,0.00039270055
70,179,0.00015819725
71,179,0.0005020611
72,179,-9.2172995e-05
73,179,0.00076970644
74,179,0.00086961687
75,179,0.0005172957
76,179,0.0005356539
77,179,
78,179,
79,179,
80,179,
81,179,
82,179,-0.000107714906
83,179,
84,179,
85,179,
86,179,0.0006273668
87,179,0.00053727627
88,179,0.00058990996
89,179,0.000976827
90,179,0.0008744383
91,179,0.0008980967
92,179,0.00042547192
93,179,0.0006268807
94,179,0.00080356747
95,179,0.0006209705
96,179,0.0010093367
97,179,0.00083624385
98,179,0.00028921757
99,179,0.00020293612
100,179,0.001001358
101,179,0.0007199971
102,179,0.00032294635
103,179,0.000486454
104,179,0.00027316064
105,179,
106,179,0.0005191844
107,179,
108,179,
109,179,
110,179,
111,179,
112,179,
113,179,
114,179,
115,179,
116,179,
117,179,0.0006227596
118,179,
119,179,0.00084546395
120,179,-8.678064e-06
121,179,0.00024267938
122,179,
123,179,0.00044028554
124,179,
125,179,
126,179,
127,179,
128,179,
129,179,
130,179,
131,179,
132,179,
133,179,
134,179,
135,179,
136,179,
137,179,
138,179,
139,179,
140,179,
141,179,
142,179,
143,179,
144,179,
145,179,
146,179,
147,179,
148,179,
149,179,
150,179,
151,179,
152,179,-0.00013318937
153,179,
154,179,
155,179,
156,179,
157,179,0.0009777043
158,179,0.00020780787
159,179,0.00062731653
160,179,0.0005416721
161,179,0.0006060591
162,179,0.00038684998
163,179,0.00045491848
164,179,0.001158528
165,179,0.00018293224
166,179,0.0007547559
167,179,0.00076736975
168,179,0.0004502954
169,179,0.00083627645
170,179,0.00041352585
171,179,0.00036168937
172,179,0.00070280395
173,179,0.00075885747
174,179,0.0006936267
175,179,0.00061883684
176,179,0.0009241756
177,179,0.0005663838
178,179,0.0006168438
179,179,0.00046435744
180,179,0.0008483585
181,179,0.00045162067
182,179,
183,179,0.0008206051
184,179,0.0005251784
185,179,0.0003204299
186,179,
187,179,0.00067894254
188,179,0.0009495104
189,179,0.00080219377
190,179,0.00061150175
191,179,0.00090051536
192,179,0.0010528713
193,179,0.0010541789
194,179,0.00079753157
195,179,
196,179,0.0011121612
197,179,0.0010792082
198,179,0.0010078875
199,179,0.00055179745
200,179,
201,179,0.000546311
202,179,0.0010119211
203,179,
204,179,
205,179,
206,179,
207,179,0.0010765148
208,179,0.00062152
209,179,0.0009456761
210,179,0.00086050015
211,179,0.00043788273
212,179,0.00039709266
213,179,0.0007160157
214,179,0.0003048675
215,179,0.00038355123
216,179,0.00069555826
217,179,0.0005857926
218,179,0.0009129988
219,179,0.00043044332
220,179,0.0008163089
221,179,0.00037307292
222,179,0.0003462648
223,179,0.00043844525
224,179,0.0004394129
225,179,0.00067430735
226,179,0.00066448934
227,179,-6.959867e-05
228,179,0.0010202071
229,179,0.00055800844
230,179,0.0006652307
231,179,
232,179,
233,179,
234,179,
235,179,0.00071727205
236,179,0.00029228348
237,179,0.0009257924
238,179,0.00045362674
239,179,0.00074626505
240,179,0.0008195527
241,179,9.8172575e-05
242,179,0.00025316514
243,179,0.0007401444
244,179,0.0002069762
245,179,0.00073048566
246,179,0.00068111904
247,179,-0.000117099844
248,179,0.00069179945
249,179,0.0004566256
250,179,0.00036577228
251,179,0.0002547633
252,179,0.00056003965
253,179,0.00018434506
254,179,0.0007923227
255,179,0.00046376977
256,179,0.000523082
257,179,0.0006427001
258,179,0.0007694084
259,179,0.00032391213
260,179,0.0006280253
261,179,0.00040811766
262,179,0.00062708743
263,179,0.0005027782
264,179,0.00038676336
265,179,1.5884638e-05
266,179,0.000640193
267,179,0.0005386537
268,179,-4.579127e-05
269,179,0.00083545037
270,179,0.00094606355
271,179,8.967612e-05
272,179,0.0001784144
273,179,0.00049071666
274,179,-0.00015692506
275,179,
276,179,0.000521454
277,179,0.000114805065
278,179,0.00083554257
279,179,0.0006122831
280,179,0.0009738067
281,179,0.0010628803
282,179,0.0008129934
283,179,0.0002740696
284,179,0.0009118449
285,179,0.00040276814
286,179,0.00076880865
287,179,0.00071910396
288,179,0.0008093212
289,179,0.00059354864
290,179,0.0007327255
291,179,0.00067438744
292,179,0.00079864357
293,179,0.0005631186
294,179,0.0004606312
295,179,0.00044638477
296,179,0.0005829623
297,179,0.0007204851
298,179,0.00065688975
299,179,0.00037218537
300,179,0.0002906071
301,179,0.0005862592
302,179,0.00050264504
303,179,0.001006729
304,179,0.0004812004
305,179,0.0004924657
306,179,0.00014482625
307,179,0.0009886371
308,179,0.0007062284
309,179,0.0005246317
310,179,0.0004531443
311,179,0.00069167186
312,179,0.00035839435
313,179,0.000551817
314,179,0.00046252832
315,179,0.0006891517
316,179,0.0008188514
317,179,0.00056064036
318,179,-8.100923e-05
319,179,0.00057844445
320,179,0.00059565343
321,179,0.0008545937
322,179,0.00036361068
323,179,0.00043476466
324,179,0.00082826056
325,179,0.00014945958
326,179,-0.00016949512
327,179,0.00078551844
328,179,2.0952895e-05
329,179,0.0008164216
330,179,0.0005470691
331,179,4.9773604e-05
332,179,0.00067163724
333,179,-3.485009e-05
334,179,0.00056119636
335,179,0.0006982861
336,179,0.000701854
337,179,0.0005145194
338,179,0.0003774073
339,179,0.0006257789
340,179,0.0003899848
341,179,0.00045371987
342,179,0.00089011714
343,179,0.000113002025
344,179,0.0005281456
345,179,
346,179,0.0006196415
347,179,0.00045673642
348,179,7.686578e-05
349,179,0.0008120546
350,179,4.5111403e-05
351,179,0.00081183016
352,179,0.00013951305
353,179,0.0004689237
354,179,0.00091952924
355,179,0.00076616555
356,179,0.00034809858
357,179,0.0010225996
358,179,-3.603287e-05
359,179,0.00049284473
360,179,0.00071124826
361,179,0.00043982733
362,179,0.00020061713
363,179,0.00060188025
364,179,-2.2288412e-05
365,179,0.0007056054
366,179,0.0006693145
367,179,0.0002477141
368,179,0.00056735985
369,179,0.00048167538
370,179,0.0006477963
371,179,0.001031166
372,179,0.00072965026
373,179,0.0009923531
374,179,0.0005748477
375,179,0.00062303245
376,179,0.00057438016
377,179,0.000778174
378,179,0.00021031406
379,179,0.0003668582
380,179,0.00038747303
381,179,-3.7777238e-05
382,179,0.0010002544
383,179,0.0005213171
384,179,0.00067193527
385,179,0.0006264858
386,179,0.00028088316
387,179,0.000704024
388,179,0.00043088757
389,179,0.00070728455
390,179,0.00065685343
391,179,0.00015541259
392,179,0.0004991889
393,179,0.00024578907
394,179,0.00075986516
395,179,0.0007562116
396,179,2.5823712e-05
397,179,0.0006576255
398,179,0.00034694932
399,179,0.00058517326
400,179,0.0005534189
401,179,0.00022640917
402,179,0.00043695606
403,179,0.00093583576
404,179,0.0008638948
405,179,0.0005379226
406,179,0.0002611624
407,179,0.0008534733
408,179,0.0002521528
409,179,0.00046626292
410,179,6.866362e-05
411,179,0.000532805
412,179,0.0003972482
413,179,0.00028713513
414,179,7.571466e-05
415,179,0.0005439427
416,179,0.0006712787
417,179,0.0003724564
418,179,0.00061082
419,179,0.00030580908
420,179,0.00084427465
421,179,0.0006059585
422,179,0.00065747276
423,179,0.00028512627
424,179,0.00023690239
425,179,0.0007093623
426,179,0.00018179882
427,179,0.00031283405
428,179,0.0007426236
429,179,0.00062393676
430,179,0.0006084237
431,179,9.116065e-05
432,179,0.00080888905
433,179,0.00014598761
434,179,0.0005153017
435,179,0.00015584659
436,179,0.00025979988
437,179,0.0004907064
438,179,0.00071458425
439,179,0.00077209994
440,179,0.00096476823
441,179,0.00059064664
442,179,0.0008043833
443,179,0.00025104545
444,179,0.00016279612
445,179,0.0006664172
446,179,0.00046319235
447,179,0.00062800944
448,179,0.00027995557
449,179,0.0005557649
450,179,0.00020814314
451,179,0.00075792056
452,179,0.00053234305
453,179,0.00035386905
454,179,0.0005653417
455,179,0.0005524745
456,179,0.0008369414
457,179,0.00054890104
458,179,-0.00018491969
459,179,-2.8062612e-05
460,179,0.00031840056
461,179,-2.2659078e-06
462,179,0.00035807304
463,179,0.00031676143
464,179,2.7025118e-05
465,179,0.00080162473
466,179,0.00014261995
467,179,0.0005048653
468,179,0.00042833574
469,179,0.0004872186
470,179,-7.205084e-05
471,179,0.00027414504
472,179,0.00067752413
473,179,0.00040121935
474,179,0.00048339088
475,179,2.1184795e-05
476,179,0.00048708916
477,179,0.00068821106
478,179,0.0009948891
479,179,0.0006948877
480,179,8.0412254e-05
481,179,0.00044324342
482,179,0.0008584792
483,179,0.0008279942
484,179,0.00056525506
485,179,0.0010941457
486,179,0.0002386421
487,179,0.0004790211
488,179,0.00057948567
489,179,0.0010375613
490,179,0.0012846692
491,179,0.0007246686
492,179,0.00088352803
493,179,0.0006501684
494,179,0.001444567
0,180,0.0011024419
1,180,0.00029842928
2,180,0.00027055293
3,180,0.00033588707
4,180,0.00034772977
5,180,0.00081262365
6,180,0.00030507334
7,180,0.0011955751
8,180,0.00038246438
9,180,0.00089950673
10,180,7.118285e-05
11,180,0.0011915462
12,180,0.00044318754
13,180,0.00037760288
14,180,0.00085375085
15,180,0.0005251458
16,180,0.0006251279
17,180,-0.00022908673
18,180,0.00037354417
19,180,0.00024586357
20,180,0.0006191209
21,180,0.00040316954
22,180,0.00060229097
23,180,0.0001905188
24,180,0.00041691493
25,180,0.0007513007
26,180,0.00014241692
27,180,0.0009957394
28,180,0.0005743783
29,180,0.00039171986
30,180,0.0006191116
31,180,0.00055173505
32,180,0.0009676656
33,180,0.0007848982
34,180,-9.676907e-05
35,180,0.00030315388
36,180,
37,180,
38,180,
39,180,
40,180,0.00039161555
41,180,
42,180,
43,180,0.0007165782
44,180,0.0008768784
45,180,0.000619065
46,180,0.0003462322
47,180,
48,180,
49,180,0.0003200993
50,180,0.0010938914
51,180,0.00046004727
52,180,0.00022760965
53,180,0.00064679794
54,180,0.0006793933
55,180,0.00063426606
56,180,0.0007955227
57,180,0.00054686517
58,180,
59,180,0.00047174934
60,180,0.0009241197
61,180,0.00048818905
62,180,0.0005745888
63,180,0.00084684417
64,180,0.00022721104
65,180,0.0006554704
66,180,0.00047545414
67,180,0.000670054
68,180,0.00032598805
69,180,0.000443127
70,180,0.0005871961
71,180,0.0004972117
72,180,0.0004080562
73,180,0.0003006272
74,180,0.0009461837
75,180,0.0011388296
76,180,0.00062651094
77,180,0.00016056467
78,180,
79,180,
80,180,
81,180,
82,180,-3.313739e-05
83,180,
84,180,
85,180,
86,180,0.00048629008
87,180,0.0007862495
88,180,0.000677933
89,180,0.00046673696
90,180,-4.3090433e-05
91,180,0.00065502245
92,180,0.0005225539
93,180,0.0009350823
94,180,0.00065354723
95,180,0.0007642163
96,180,0.0007098103
97,180,0.00019221008
98,180,0.0009915046
99,180,0.0007795263
100,180,0.0010983506
101,180,0.0006073918
102,180,0.0008631889
103,180,
104,180,0.0004630098
105,180,
106,180,0.00087953545
107,180,
108,180,
109,180,
110,180,
111,180,0.0009810776
112,180,0.00065079704
113,180,8.4560364e-05
114,180,0.0010110233
115,180,0.0007103039
116,180,
117,180,
118,180,0.0006165933
119,180,0.00037984457
120,180,0.0004490707
121,180,0.0007883711
122,180,0.0007073721
123,180,0.00029940344
124,180,
125,180,
126,180,
127,180,
128,180,
129,180,
130,180,
131,180,
132,180,
133,180,
134,180,
135,180,
136,180,
137,180,
138,180,
139,180,
140,180,
141,180,
142,180,
143,180,
144,180,
145,180,
146,180,
147,180,0.0002714852
148,180,
149,180,
150,180,
151,180,
152,180,
153,180,
154,180,
155,180,
156,180,
157,180,
158,180,
159,180,0.0008622566
160,180,6.947387e-05
161,180,0.0006834753
162,180,0.00065639336
163,180,0.00052310526
164,180,0.00036775135
165,180,0.00091758
166,180,0.00019388925
167,180,0.0004378138
168,180,4.2540953e-05
169,180,0.00060816295
170,180,0.00057791267
171,180,0.00013446435
172,180,0.00029352866
173,180,0.000153522
174,180,0.00041055307
175,180,0.0012824116
176,180,0.00092380214
177,180,0.00084482785
178,180,0.0010140678
179,180,0.0006514946
180,180,0.001574967
181,180,
182,180,0.0011274042
183,180,
184,180,
185,180,
186,180,0.00021709409
187,180,0.00019045733
188,180,0.00021681376
189,180,0.00072466396
190,180,0.0010630349
191,180,0.0006646225
192,180,0.0006947024
193,180,0.0007773023
194,180,0.0010487735
195,180,0.0007938091
196,180,0.001088541
197,180,0.00088178366
198,180,0.0012445068
199,180,0.0006562378
200,180,0.0010698875
201,180,0.00037058163
202,180,
203,180,
204,180,
205,180,
206,180,0.0005663121
207,180,0.00069840625
208,180,0.00079766475
209,180,
210,180,
211,180,
212,180,8.254498e-05
213,180,0.0009003682
214,180,0.00076713786
215,180,-0.00027420465
216,180,0.0009819213
217,180,0.0003894549
218,180,0.00033162814
219,180,0.00030475762
220,180,0.000113897026
221,180,0.0006281603
222,180,0.00046364032
223,180,0.00084157474
224,180,0.00038964394
225,180,0.0002054926
226,180,0.0008111559
227,180,0.00019263104
228,180,0.00056431536
229,180,0.00016557705
230,180,0.0006492436
231,180,
232,180,
233,180,
234,180,
235,180,
236,180,0.0003629867
237,180,0.000769577
238,180,0.0006828243
239,180,0.0009089764
240,180,0.00054585934
241,180,0.0003297208
242,180,0.00011844747
243,180,0.0008189529
244,180,0.0005406849
245,180,0.0010297922
246,180,0.0006223116
247,180,0.00023470446
248,180,0.0007427372
249,180,0.00047076773
250,180,0.0003971439
251,180,0.00032307953
252,180,0.00037894398
253,180,0.0007544523
254,180,0.0007138904
255,180,0.00016825553
256,180,0.00039722305
257,180,0.00032785535
258,180,0.0006732028
259,180,0.00021409243
260,180,0.0006409092
261,180,0.00036755018
262,180,0.00055927597
263,180,0.0007004291
264,180,0.0008844426
265,180,0.00064788386
266,180,0.0004085116
267,180,0.0003354028
268,180,0.00056166295
269,180,0.00020273868
270,180,0.0006530229
271,180,0.001022175
272,180,0.0008272622
273,180,0.00063441787
274,180,0.00021035597
275,180,
276,180,
277,180,0.00083782524
278,180,4.3323264e-05
279,180,0.0007000463
280,180,0.0007695649
281,180,0.0005704425
282,180,0.0007067267
283,180,0.00024322979
284,180,0.0005607344
285,180,0.0003569061
286,180,0.00051361695
287,180,0.00064727385
288,180,0.0006260928
289,180,0.0006453367
290,180,0.00071157794
291,180,0.000776249
292,180,0.00043915585
293,180,0.0007309979
294,180,0.0004161382
295,180,0.0009142794
296,180,-5.825516e-05
297,180,0.00056322385
298,180,0.0006228639
299,180,0.00077423174
300,180,0.00053289346
301,180,0.0012113545
302,180,0.0009932574
303,180,0.00044541992
304,180,0.0007695304
305,180,0.0006643478
306,180,0.0008311318
307,180,0.00026060082
308,180,0.00056826323
309,180,0.0005484838
310,180,0.0004970338
311,180,0.0007241005
312,180,0.0005797567
313,180,0.00059971586
314,180,0.00065036304
315,180,0.0008629374
316,180,0.0006186934
317,180,0.00042035244
318,180,0.00023676734
319,180,7.6519325e-05
320,180,0.0008173799
321,180,0.00032790378
322,180,0.00054043345
323,180,0.00082478486
324,180,0.00045446772
325,180,-4.432164e-05
326,180,0.00015706383
327,180,0.00015955046
328,180,0.0005197888
329,180,0.00041982438
330,180,0.00040482823
331,180,0.00040213112
332,180,0.000845558
333,180,0.0002667224
334,180,0.00059084967
335,180,0.00073661376
336,180,0.0005213339
337,180,0.000910352
338,180,0.0005719587
339,180,0.0003429493
340,180,0.00069105905
341,180,0.0006864825
342,180,0.0001757564
343,180,0.0007379502
344,180,0.00044738594
345,180,
346,180,0.00090803206
347,180,0.00028574653
348,180,0.00026933942
349,180,0.00073594786
350,180,0.00048748218
351,180,0.0006870609
352,180,0.0005323207
353,180,0.0007119784
354,180,0.0007517822
355,180,0.0004526768
356,180,0.00055447407
357,180,0.0006456971
358,180,0.0003768187
359,180,0.00060976855
360,180,0.0004331451
361,180,0.0005429927
362,180,0.00044909958
363,180,0.00014082622
364,180,0.0009075403
365,180,0.00016246643
366,180,0.0004892219
367,180,0.00071847066
368,180,0.00015985873
369,180,0.00091362465
370,180,0.0004903665
371,180,0.00070973486
372,180,0.00060897134
373,180,7.5920485e-05
374,180,0.000356582
375,180,0.00039999
376,180,0.0006974349
377,180,0.0008803066
378,180,0.00029325206
379,180,0.0007780418
380,180,0.00045298692
381,180,0.0004300289
382,180,0.00068400055
383,180,0.00063577667
384,180,0.0004523471
385,180,0.00031047594
386,180,0.00069044717
387,180,0.0007245112
388,180,0.0004392136
389,180,0.0005656658
390,180,0.00012981705
391,180,0.0002321219
392,180,0.0007472327
393,180,4.286226e-05
394,180,0.00026229583
395,180,0.0004962459
396,180,0.00025334302
397,180,0.00010588113
398,180,0.00070416834
399,180,0.00018707011
400,180,0.00042228773
401,180,0.00017295778
402,180,0.0003732592
403,180,4.853867e-05
404,180,0.00040316302
405,180,0.0009894082
406,180,0.000800306
407,180,0.00081273355
408,180,0.00031325687
409,180,0.0005906997
410,180,0.0003868509
411,180,0.00015654974
412,180,0.0007310156
413,180,-1.2191944e-05
414,180,0.00025063846
415,180,4.353933e-06
416,180,0.0005967561
417,180,0.0005669147
418,180,8.44188e-05
419,180,0.0001517199
420,180,0.00025156885
421,180,0.0001655398
422,180,0.00030689407
423,180,0.000576132
424,180,0.00033518672
425,180,0.00066420995
426,180,6.0019083e-05
427,180,0.00059737265
428,180,0.00025495607
429,180,0.00061243866
430,180,0.00067589805
431,180,-5.820114e-05
432,180,0.0008509187
433,180,0.00037587062
434,180,0.0006061215
435,180,0.00050863903
436,180,0.0003270097
437,180,0.0003931662
438,180,0.0007236926
439,180,0.0004695682
440,180,0.00053764787
441,180,0.0004763417
442,180,0.000649713
443,180,0.00072692055
444,180,0.00011782069
445,180,0.0008279737
446,180,0.0006206604
447,180,0.0007983148
448,180,0.0006855475
449,180,0.00044975337
450,180,0.0009326469
451,180,0.00017927773
452,180,0.0008632466
453,180,0.0003705807
454,180,0.0007717414
455,180,0.0005233027
456,180,9.136647e-05
457,180,0.0005477313
458,180,0.0007490562
459,180,0.00078938436
460,180,-3.7867576e-06
461,180,0.0009459257
462,180,0.0007228032
463,180,0.00021724589
464,180,0.001101953
465,180,0.00029131956
466,180,0.00078712683
467,180,0.00071333535
468,180,0.00037342962
469,180,0.0006251624
470,180,0.0001699673
471,180,5.4626726e-05
472,180,0.00074407645
473,180,0.00091037527
474,180,0.00059085153
475,180,0.0007602051
476,180,0.0014622286
477,180,0.00059397705
478,180,0.0008677691
479,180,0.00043010619
480,180,0.0005554389
481,180,0.00013803784
482,180,0.0011304347
483,180,2.6050955e-05
484,180,0.00069844816
485,180,0.0004361309
486,180,0.0003382638
487,180,0.0009942874
488,180,0.0012409836
489,180,0.0007663332
490,180,0.00075640157
491,180,0.0009279186
492,180,0.00087668374
493,180,0.0012827041
494,180,0.0008192202
0,181,0.00082370825
1,181,0.00024998002
2,181,1.5388243e-05
3,181,0.00064144284
4,181,0.00034531485
5,181,0.0008277986
6,181,0.00042022206
7,181,0.0005749939
8,181,0.0006236285
9,181,0.00042810477
10,181,0.00074704736
11,181,0.00016597658
12,181,0.0006154645
13,181,0.0003425302
14,181,0.0005830368
15,181,0.00038556382
16,181,0.0005748961
17,181,0.0006709369
18,181,0.00023240596
19,181,0.00047640223
20,181,0.0009865724
21,181,6.326474e-05
22,181,0.00034375396
23,181,0.00078987796
24,181,0.0009513637
25,181,0.0003717728
26,181,0.000286513
27,181,
28,181,0.0004925197
29,181,0.000680008
30,181,0.0006529493
31,181,0.00035433378
32,181,0.0005134726
33,181,-0.00016588252
34,181,0.0009833137
35,181,
36,181,
37,181,0.0005818475
38,181,
39,181,
40,181,
41,181,
42,181,
43,181,0.00085349753
44,181,0.0004303567
45,181,
46,181,
47,181,
48,181,3.864616e-05
49,181,0.0009792205
50,181,0.000390172
51,181,0.0010090042
52,181,0.0001301486
53,181,0.00029004645
54,181,0.0004178807
55,181,0.0004024133
56,181,0.00032155775
57,181,-0.00019767415
58,181,0.0005081268
59,181,0.00029159617
60,181,0.00043038
61,181,0.00012223609
62,181,0.0007872619
63,181,0.00094458275
64,181,0.00022315606
65,181,0.00032863952
66,181,0.00023505278
67,181,0.00079796184
68,181,-0.00035685394
69,181,0.00068930164
70,181,0.00050080474
71,181,0.0003154548
72,181,0.0004314622
73,181,0.00021700468
74,181,0.00032716244
75,181,0.00046836678
76,181,8.564629e-05
77,181,0.0009668777
78,181,
79,181,
80,181,
81,181,0.00034303963
82,181,0.0006159395
83,181,
84,181,
85,181,
86,181,
87,181,
88,181,0.0005593365
89,181,0.00068289693
90,181,0.0008875858
91,181,0.00096965116
92,181,0.00048727356
93,181,0.00063089747
94,181,0.00069389306
95,181,0.0008712569
96,181,0.00090494566
97,181,0.00041900203
98,181,0.00047357194
99,181,0.00013971422
100,181,0.0003920691
101,181,0.0007090522
102,181,
103,181,
104,181,0.0008266065
105,181,0.0004955288
106,181,
107,181,
108,181,
109,181,0.00022198725
110,181,0.00079876184
111,181,0.0004376704
112,181,-0.00025836471
113,181,0.00029778108
114,181,0.00030344073
115,181,0.00085843913
116,181,0.0008603586
117,181,0.0008709729
118,181,0.00029436406
119,181,0.0004468644
120,181,0.0005481085
121,181,0.00049149524
122,181,0.00058021676
123,181,0.00040863827
124,181,0.0005299803
125,181,
126,181,
127,181,
128,181,
129,181,
130,181,
131,181,
132,181,
133,181,
134,181,
135,181,
136,181,
137,181,
138,181,
139,181,
140,181,0.0004637651
141,181,
142,181,
143,181,
144,181,
145,181,
146,181,
147,181,
148,181,
149,181,
150,181,
151,181,
152,181,
153,181,
154,181,
155,181,
156,181,
157,181,
158,181,
159,181,
160,181,
161,181,
162,181,0.00028513372
163,181,0.00045647752
164,181,0.0007694401
165,181,0.001148534
166,181,0.0005100481
167,181,0.00040125288
168,181,0.0005656751
169,181,0.00080924574
170,181,0.00044864975
171,181,0.0007773489
172,181,0.0008068923
173,181,0.00041140616
174,181,0.0006793663
175,181,0.00085191615
176,181,0.00078906864
177,181,0.0008724928
178,181,0.00096535776
179,181,0.0007306468
180,181,0.00067417603
181,181,
182,181,
183,181,
184,181,0.0006563403
185,181,0.0009000357
186,181,0.00047637615
187,181,0.00063628796
188,181,0.00021914858
189,181,0.0005352264
190,181,0.00051612966
191,181,0.00031288527
192,181,0.00090075936
193,181,0.0012093885
194,181,0.0005132565
195,181,0.0007427307
196,181,
197,181,0.00086580217
198,181,0.0006128382
199,181,0.0012771897
200,181,
201,181,
202,181,0.00059636217
203,181,
204,181,0.0010218062
205,181,0.0008544307
206,181,0.0006873794
207,181,0.0008543655
208,181,0.0006951792
209,181,0.00050967094
210,181,0.0004946459
211,181,
212,181,0.0007134229
213,181,0.00071014464
214,181,0.00084865466
215,181,0.0006326465
216,181,0.00034513045
217,181,3.786944e-05
218,181,0.0004910892
219,181,0.00037015788
220,181,0.00044477917
221,181,8.689705e-05
222,181,0.00036434643
223,181,0.00031207316
224,181,0.0009146882
225,181,0.0008968897
226,181,0.0006553279
227,181,0.00041007716
228,181,0.00033007655
229,181,0.00043611322
230,181,0.00043528713
231,181,0.0005434882
232,181,
233,181,
234,181,
235,181,5.4259785e-05
236,181,0.00082657114
237,181,0.0009883726
238,181,0.0005777469
239,181,0.0010233093
240,181,0.00039696135
241,181,0.00041853637
242,181,0.00073299184
243,181,0.00057586655
244,181,0.000602006
245,181,0.00061659515
246,181,0.0008119829
247,181,0.0006972961
248,181,0.0007094005
249,181,0.00043242052
250,181,0.000752626
251,181,0.00036412757
252,181,-1.3444573e-05
253,181,0.0006154319
254,181,0.0002578292
255,181,0.00047337636
256,181,0.00060579926
257,181,0.00030848756
258,181,0.000553065
259,181,0.0011007814
260,181,0.00048397575
261,181,0.0006097192
262,181,0.0007300507
263,181,0.00062803365
264,181,0.0010365844
265,181,0.00036415458
266,181,0.0007541543
267,181,0.00026487745
268,181,0.0011704573
269,181,0.000640532
270,181,0.0004958287
271,181,0.00018506683
272,181,-0.0001847744
273,181,
274,181,0.00044864416
275,181,
276,181,
277,181,0.0002455376
278,181,0.0005257074
279,181,0.00075888075
280,181,0.00021314528
281,181,0.0004349947
282,181,0.0005046353
283,181,0.00095293205
284,181,0.0006411597
285,181,0.0006214613
286,181,0.00074558705
287,181,0.0004427461
288,181,0.00035283435
289,181,0.0006675357
290,181,0.00058325194
291,181,0.0005828021
292,181,0.0007452434
293,181,0.0005150568
294,181,0.0005512666
295,181,0.0004006168
296,181,0.000301159
297,181,0.0005953526
298,181,0.00086060166
299,181,0.0005548224
300,181,0.0003028661
301,181,0.00077292137
302,181,0.0008063372
303,181,0.00084941834
304,181,0.00032644905
305,181,0.00051724166
306,181,0.000114009716
307,181,0.0005393559
308,181,0.0005418714
309,181,0.0009140726
310,181,0.00042615924
311,181,0.0006362945
312,181,0.00020916853
313,181,0.0009855079
314,181,0.00061477814
315,181,0.0006403895
316,181,0.00082379393
317,181,0.00075630564
318,181,0.00068630837
319,181,0.00017400552
320,181,0.00025435165
321,181,0.0004835315
322,181,0.0005203355
323,181,0.00020416733
324,181,0.00051243603
325,181,0.00090508536
326,181,-9.690039e-05
327,181,2.1606684e-07
328,181,0.00021173432
329,181,0.00024602935
330,181,0.00065439846
331,181,0.00070589595
332,181,0.0004394129
333,181,0.00092114694
334,181,0.00025292765
335,181,0.00034950115
336,181,0.00095927436
337,181,0.00081282295
338,181,0.00039459858
339,181,0.00050650164
340,181,0.0005813446
341,181,-0.00012595952
342,181,0.00064261537
343,181,0.00044231024
344,181,4.8533082e-05
345,181,-0.00032952707
346,181,0.00050289184
347,181,0.00023894664
348,181,0.0007947888
349,181,0.00020124298
350,181,0.00011612289
351,181,0.0010740422
352,181,0.00034194253
353,181,0.00059850886
354,181,0.0005468987
355,181,-0.00028504338
356,181,0.0005848892
357,181,0.0006702766
358,181,0.00066900346
359,181,0.000108276494
360,181,0.00026069023
361,181,0.00026799552
362,181,0.00038668886
363,181,0.0008319104
364,181,0.00044517685
365,181,0.00085148495
366,181,9.30978e-05
367,181,0.00020020548
368,181,0.00046169385
369,181,0.00039852317
370,181,0.0005904697
371,181,0.00035697687
372,181,0.00012362469
373,181,0.00041972194
374,181,0.00091059227
375,181,0.0006655082
376,181,0.000506334
377,181,0.00015066192
378,181,0.0003856672
379,181,0.0008298382
380,181,2.6591122e-05
381,181,-4.7020614e-05
382,181,0.0002205791
383,181,0.0006973613
384,181,0.0010987706
385,181,0.0009492133
386,181,0.0002229102
387,181,0.00032412633
388,181,0.0008443054
389,181,0.0011683963
390,181,0.00056943763
391,181,0.0009480342
392,181,0.00019401126
393,181,0.0008122204
394,181,0.00031359866
395,181,0.00031968765
396,181,0.00040583964
397,181,-0.000366115
398,181,0.00077017024
399,181,7.241499e-05
400,181,0.0007267771
401,181,0.00018002279
402,181,0.00040751696
403,181,-0.00023569539
404,181,0.00057276525
405,181,5.258806e-05
406,181,0.00068253465
407,181,0.0005224878
408,181,0.00019238051
409,181,0.00016188901
410,181,0.0004018834
411,181,0.00021580886
412,181,0.00037073344
413,181,0.00074723735
414,181,0.00030586403
415,181,0.0008985009
416,181,0.00016929582
417,181,0.0001254892
418,181,0.0002039941
419,181,0.00036490336
420,181,0.00028428063
421,181,0.00038608443
422,181,7.482711e-05
423,181,0.0003769314
424,181,0.00021213293
425,181,0.0004850775
426,181,0.00091665145
427,181,0.00042184256
428,181,0.0007765321
429,181,0.0004217634
430,181,0.0005566599
431,181,0.00047473982
432,181,0.00058735535
433,181,0.00019500498
434,181,0.00024009682
435,181,0.00013533235
436,181,0.0005824473
437,181,0.0004141368
438,181,0.000657551
439,181,0.00070202816
440,181,0.000823034
441,181,0.0007438967
442,181,0.0005061105
443,181,-5.9779733e-05
444,181,0.00023915991
445,181,-9.338092e-05
446,181,0.00032498688
447,181,0.00020217337
448,181,-0.00015825965
449,181,0.0006281221
450,181,0.0005069114
451,181,8.5398555e-05
452,181,7.687509e-05
453,181,0.0010433514
454,181,0.00022515096
455,181,0.0005668765
456,181,0.0002813805
457,181,-4.6555884e-05
458,181,0.000655137
459,181,0.00021460187
460,181,0.0008054711
461,181,0.00054765586
462,181,0.00036839955
463,181,5.5279583e-05
464,181,0.00040668622
465,181,0.0007727351
466,181,0.0006418722
467,181,0.0003824113
468,181,0.00084698293
469,181,0.00033951737
470,181,0.00078003574
471,181,-0.00014672801
472,181,0.0008007474
473,181,0.00096140895
474,181,0.00040741824
475,181,0.00023912825
476,181,0.0006096978
477,181,0.00015035644
478,181,0.00036055688
479,181,0.00065785274
480,181,0.00031281915
481,181,0.0003696205
482,181,0.00094870385
483,181,0.0008406276
484,181,0.00070562307
485,181,0.00096290186
486,181,0.001135923
487,181,0.0007752748
488,181,0.00035135075
489,181,0.00074534956
490,181,0.0008238824
491,181,0.00054972246
492,181,0.0011538239
493,181,0.00075106695
494,181,6.6543e-06
0,182,0.0005836524
1,182,0.00016321521
2,182,0.0006384384
3,182,0.00025825202
4,182,0.0007645916
5,182,0.0005735839
6,182,0.00011443626
7,182,0.0008804947
8,182,0.0005562408
9,182,0.0004789792
10,182,0.00031170435
11,182,0.0006703129
12,182,0.00033185445
13,182,0.0007244814
14,182,0.00033023488
15,182,0.00081238616
16,182,0.00042136852
17,182,0.00061196927
18,182,0.0007029474
19,182,0.00043321587
20,182,0.00050194934
21,182,0.00022114068
22,182,0.0005705515
23,182,0.00049400236
24,182,0.000992096
25,182,0.00023907237
26,182,
27,182,
28,182,0.0010597641
29,182,0.00043484755
30,182,0.00056880526
31,182,0.00044784136
32,182,0.00033263955
33,182,-7.5520948e-06
34,182,0.00034938008
35,182,0.0004335232
36,182,0.0007486362
37,182,
38,182,
39,182,0.0007573301
40,182,0.0014382461
41,182,
42,182,
43,182,
44,182,
45,182,
46,182,
47,182,
48,182,-0.00021214224
49,182,0.0007805666
50,182,3.119372e-05
51,182,5.6632794e-05
52,182,0.0006644819
53,182,0.00039695762
54,182,7.116143e-05
55,182,-8.3885156e-05
56,182,0.00058101583
57,182,0.0011071619
58,182,0.0006481353
59,182,0.00078450516
60,182,0.00090410654
61,182,0.0009814128
62,182,0.0013957322
63,182,0.00047193747
64,182,0.00034937076
65,182,0.00047138054
66,182,0.00028526597
67,182,0.0009925142
68,182,0.0005976092
69,182,-5.4005533e-05
70,182,4.5498833e-05
71,182,0.0003103949
72,182,0.00041898526
73,182,0.00043842942
74,182,0.00055962056
75,182,0.0004463531
76,182,-4.3343753e-06
77,182,0.00066473614
78,182,0.00054475665
79,182,0.00066185463
80,182,0.00051708985
81,182,
82,182,0.0006686365
83,182,0.00093667116
84,182,
85,182,
86,182,0.00032918435
87,182,0.00064692274
88,182,0.001005807
89,182,0.0005718563
90,182,0.0010783216
91,182,
92,182,0.0004374571
93,182,0.00032408722
94,182,0.00091255456
95,182,0.00040919334
96,182,0.0004485203
97,182,0.00051896274
98,182,0.00035178475
99,182,0.00013634283
100,182,
101,182,0.0005330844
102,182,0.0005326355
103,182,
104,182,
105,182,
106,182,0.00071449485
107,182,
108,182,0.0005364353
109,182,0.0005758442
110,182,0.0004919721
111,182,0.00085302256
112,182,0.00038999505
113,182,0.000564903
114,182,0.0005760379
115,182,0.00043245312
116,182,0.0005507227
117,182,0.00046900846
118,182,0.000613939
119,182,0.0007973267
120,182,0.00067656673
121,182,0.00053843297
122,182,0.00057308935
123,182,0.0008798884
124,182,0.00012636371
125,182,0.0005269805
126,182,
127,182,
128,182,
129,182,
130,182,
131,182,
132,182,
133,182,
134,182,
135,182,
136,182,
137,182,
138,182,
139,182,
140,182,
141,182,
142,182,
143,182,
144,182,
145,182,
146,182,
147,182,
148,182,
149,182,
150,182,
151,182,
152,182,
153,182,
154,182,
155,182,
156,182,
157,182,
158,182,
159,182,
160,182,
161,182,
162,182,
163,182,0.0008953009
164,182,0.00057641976
165,182,0.00075416826
166,182,0.0007516043
167,182,0.00036750175
168,182,0.00081832707
169,182,0.00064014737
170,182,0.00033770502
171,182,0.00021709688
172,182,0.00044852216
173,182,0.0005307235
174,182,0.00055810716
175,182,0.000603362
176,182,0.0013319626
177,182,0.0008272724
178,182,0.0009870986
179,182,0.0007654382
180,182,0.0006928593
181,182,
182,182,
183,182,
184,182,0.0006861426
185,182,0.0010387059
186,182,0.0005707415
187,182,0.0009735711
188,182,0.00076044817
189,182,0.00055396557
190,182,0.0010887021
191,182,0.0006104894
192,182,0.0009857034
193,182,0.0013098177
194,182,0.0009288043
195,182,0.0012965957
196,182,0.0010075839
197,182,0.00053201895
198,182,0.00050728023
199,182,0.00044432282
200,182,0.0002815295
201,182,
202,182,
203,182,
204,182,
205,182,0.0009732507
206,182,0.0012775939
207,182,
208,182,0.0009835372
209,182,0.0008661598
210,182,0.00061335694
211,182,
212,182,0.0011857692
213,182,0.0007513901
214,182,0.0006907843
215,182,-0.00015838724
216,182,0.0003071446
217,182,0.0004946487
218,182,0.000606264
219,182,0.0008778069
220,182,6.727595e-05
221,182,0.0009478675
222,182,0.0007734196
223,182,0.0007072408
224,182,0.0005281819
225,182,3.4513883e-05
226,182,0.00078933686
227,182,0.0006575575
228,182,0.00037398655
229,182,-0.00021862052
230,182,0.00048201717
231,182,
232,182,
233,182,
234,182,
235,182,
236,182,0.0004072534
237,182,-0.0001038108
238,182,0.00023055635
239,182,0.00092309434
240,182,0.0010908116
241,182,0.00010651164
242,182,0.0004972005
243,182,0.00068937335
244,182,0.00084798597
245,182,0.00062276237
246,182,0.00094246306
247,182,0.00043864548
248,182,0.0006150594
249,182,0.00049848855
250,182,0.0009237798
251,182,0.00039034896
252,182,0.0005547637
253,182,0.00056775473
254,182,0.00087267905
255,182,0.001180131
256,182,0.0006364705
257,182,0.0006010197
258,182,0.00029279664
259,182,0.0007686876
260,182,0.0005857581
261,182,0.0010222401
262,182,0.00046064425
263,182,0.0004718639
264,182,0.0005093552
265,182,0.00049085356
266,182,0.00011378899
267,182,0.00034275558
268,182,0.00064890087
269,182,0.00043250807
270,182,0.00014484487
271,182,0.000798882
272,182,0.00024329405
273,182,0.00043204706
274,182,0.0013422901
275,182,
276,182,
277,182,0.0005393075
278,182,0.00066150073
279,182,0.000119565055
280,182,0.00056246854
281,182,0.0007760525
282,182,0.00049020164
283,182,9.626616e-05
284,182,0.0008324692
285,182,0.0006710226
286,182,0.0005227942
287,182,0.0007808162
288,182,0.00081068557
289,182,0.0006249836
290,182,0.000586723
291,182,0.0005120393
292,182,0.0004182132
293,182,0.0005831644
294,182,0.00025202148
295,182,0.000506822
296,182,0.0010549119
297,182,0.0003712494
298,182,0.0008514738
299,182,0.00054979324
300,182,0.0004645316
301,182,0.0007696226
302,182,0.001020629
303,182,0.0006817151
304,182,0.000573148
305,182,0.0011561904
306,182,9.964965e-05
307,182,0.00078549795
308,182,0.00071793236
309,182,0.0012777047
310,182,0.00031816773
311,182,0.00065841526
312,182,0.00066764
313,182,0.0006736163
314,182,0.000591971
315,182,0.00065472256
316,182,0.00050627626
317,182,0.0008265488
318,182,0.0010198364
319,182,0.00048532523
320,182,0.00034710392
321,182,0.00015624426
322,182,0.0007312577
323,182,0.0006174771
324,182,0.00059057865
325,182,0.00028739683
326,182,0.00094446354
327,182,0.00056078937
328,182,0.0010135043
329,182,0.00034438167
330,182,0.0006963536
331,182,0.0006532734
332,182,0.0006864257
333,182,0.00016165804
334,182,0.00038423296
335,182,0.0010101637
336,182,0.00046357792
337,182,0.00055726524
338,182,0.00023153238
339,182,0.0003029043
340,182,0.0006315289
341,182,0.00017917342
342,182,0.0006376738
343,182,0.00032917317
344,182,5.5627897e-05
345,182,4.384108e-05
346,182,0.000448972
347,182,0.00037945528
348,182,0.0004699435
349,182,0.0010289261
350,182,0.00045110565
351,182,0.0007193964
352,182,0.00045686588
353,182,6.657373e-05
354,182,0.0006056987
355,182,0.0006761998
356,182,0.0004222272
357,182,0.0006632162
358,182,0.0003848225
359,182,0.0004088059
360,182,0.00042117108
361,182,0.00039357785
362,182,0.0005131867
363,182,6.9491565e-05
364,182,0.0011801841
365,182,0.00025042053
366,182,0.00077868253
367,182,0.0006445255
368,182,0.00020958204
369,182,0.00039855205
370,182,0.0006258823
371,182,0.00075365603
372,182,0.0007800255
373,182,0.00053536985
374,182,0.0005250564
375,182,0.0010701418
376,182,0.0001596706
377,182,0.000298772
378,182,0.0005446132
379,182,0.0008521257
380,182,0.0004330203
381,182,0.0005000867
382,182,0.00022124127
383,182,0.0006185835
384,182,7.959455e-05
385,182,0.0001973845
386,182,0.00040637143
387,182,0.00044304412
388,182,0.00052795745
389,182,0.00071960595
390,182,0.00079847686
391,182,0.00058282726
392,182,0.000692511
393,182,0.00017494243
394,182,0.00059082545
395,182,0.0005516093
396,182,0.00027831085
397,182,-0.00024501607
398,182,0.000672942
399,182,0.00048957765
400,182,0.0008764686
401,182,0.00012915861
402,182,0.0005683126
403,182,3.0552037e-05
404,182,0.0012234543
405,182,0.0008112034
406,182,-0.0002045948
407,182,0.00038937852
408,182,0.0004206989
409,182,0.0002645282
410,182,0.00052999146
411,182,0.00073289685
412,182,0.00048490986
413,182,0.00041980296
414,182,0.00014959276
415,182,0.00041755382
416,182,-6.674416e-05
417,182,0.0006670691
418,182,0.000794895
419,182,0.00035679527
420,182,7.411465e-06
421,182,0.00085207634
422,182,0.0002482403
423,182,0.0002452694
424,182,0.00022041705
425,182,0.00031007547
426,182,0.0002821209
427,182,-0.000104355626
428,182,0.00057655945
429,182,0.0006355401
430,182,0.0004464863
431,182,0.0003554765
432,182,0.0005723918
433,182,0.00034462847
434,182,0.00039774552
435,182,0.00032730587
436,182,0.00020720903
437,182,0.00042739045
438,182,0.000136449
439,182,0.00041470118
440,182,0.0008468665
441,182,0.00032029208
442,182,0.00043638982
443,182,0.00090500154
444,182,0.0004849946
445,182,0.00040698517
446,182,0.00024866872
447,182,0.00081389863
448,182,0.00015619025
449,182,0.00058547687
450,182,0.00059682317
451,182,-5.4694712e-05
452,182,0.0003176555
453,182,0.00045324955
454,182,5.7449564e-05
455,182,0.00028048642
456,182,-4.7385693e-05
457,182,0.00019709952
458,182,0.0003355099
459,182,0.0006925892
460,182,0.0010249149
461,182,0.00067579653
462,182,0.0005292604
463,182,0.0002526613
464,182,0.00052846223
465,182,0.00054998137
466,182,0.0011865329
467,182,0.00050046947
468,182,-0.00066181086
469,182,0.00021673925
470,182,0.00043660868
471,182,0.00066454336
472,182,0.00034801196
473,182,0.00034908578
474,182,0.0011707507
475,182,0.00062576495
476,182,0.00094021764
477,182,0.0005763266
478,182,0.0006919326
479,182,0.0008787047
480,182,0.0002575582
481,182,-0.00018662494
482,182,0.0008205129
483,182,0.00063740276
484,182,0.00026221946
485,182,0.00097578205
486,182,0.00084331166
487,182,0.0011125272
488,182,0.0009758547
489,182,0.0006522741
490,182,0.0008228021
491,182,0.00041396357
492,182,0.0005620541
493,182,0.0011838675
494,182,0.00011799671
0,183,0.0005031442
1,183,0.0005448442
2,183,0.00073575415
3,183,0.00083242543
4,183,0.00075337477
5,183,0.00044422224
6,183,0.00076334644
7,183,0.00040685944
8,183,0.00020284485
9,183,0.0003701914
10,183,0.0003643129
11,183,0.000287259
12,183,0.0002969019
13,183,0.00068609975
14,183,0.0006523626
15,183,0.00035789702
16,183,0.00054668356
17,183,0.00023024064
18,183,0.00092795864
19,183,0.0005450705
20,183,0.00036848988
21,183,0.00051011425
22,183,0.00071339123
23,183,0.0006986894
24,183,0.0005100053
25,183,0.0005188659
26,183,
27,183,-7.573515e-06
28,183,0.0009706523
29,183,0.000399041
30,183,0.00062379334
31,183,0.0004521599
32,183,0.00022104941
33,183,0.00022239983
34,183,0.0008012671
35,183,0.00092209503
36,183,0.00049807224
37,183,-0.0003763195
38,183,0.00073099043
39,183,0.00045777112
40,183,
41,183,
42,183,
43,183,
44,183,
45,183,
46,183,
47,183,
48,183,0.0008595772
49,183,0.000481938
50,183,0.00071447436
51,183,0.0009226594
52,183,0.00049523264
53,183,0.0006191395
54,183,0.0003313152
55,183,0.00069435034
56,183,0.00031895936
57,183,0.0004169494
58,183,2.3183413e-05
59,183,7.474795e-05
60,183,0.00051109586
61,183,0.00054343697
62,183,0.000908887
63,183,0.0008556545
64,183,0.00034740195
65,183,0.00077195093
66,183,0.0005994588
67,183,0.0006287554
68,183,0.0009908583
69,183,0.0002779048
70,183,0.0005527958
71,183,0.00053992216
72,183,0.00026565418
73,183,0.00039353222
74,183,0.0004460821
75,183,0.000883135
76,183,0.00020222273
77,183,0.00013242848
78,183,0.00011455454
79,183,
80,183,0.00025434978
81,183,0.00033747684
82,183,0.0005236883
83,183,0.0002790168
84,183,0.0006137574
85,183,
86,183,0.00035039242
87,183,0.00014648028
88,183,
89,183,0.00032604206
90,183,0.00034169387
91,183,0.00037578773
92,183,
93,183,0.0003567487
94,183,0.00042211358
95,183,0.00042114314
96,183,0.00089260936
97,183,0.00064907316
98,183,0.00044550374
99,183,0.0004937956
100,183,
101,183,0.00050060544
102,183,
103,183,0.00083013903
104,183,0.00049326476
105,183,0.0007294994
106,183,
107,183,0.0009057168
108,183,0.0005412586
109,183,0.0005929377
110,183,0.00077342615
111,183,0.0004345402
112,183,0.00070319604
113,183,0.00073609315
114,183,0.0009359652
115,183,0.0007289825
116,183,0.0007198332
117,183,0.000587333
118,183,0.00080375
119,183,0.0012098197
120,183,0.0009183651
121,183,0.00046894792
122,183,0.00036637392
123,183,0.0004882952
124,183,0.0006163735
125,183,0.00050331
126,183,0.000542514
127,183,0.0006383322
128,183,
129,183,
130,183,
131,183,
132,183,
133,183,
134,183,
135,183,
136,183,
137,183,
138,183,
139,183,
140,183,
141,183,
142,183,
143,183,
144,183,
145,183,
146,183,
147,183,
148,183,
149,183,
150,183,
151,183,
152,183,
153,183,
154,183,
155,183,
156,183,
157,183,
158,183,
159,183,
160,183,
161,183,
162,183,0.00046389643
163,183,0.001255352
164,183,0.0007062033
165,183,0.0008911574
166,183,0.00067514926
167,183,0.0006305622
168,183,0.00038525928
169,183,0.00086354185
170,183,0.00082261674
171,183,0.00079849456
172,183,
173,183,
174,183,0.0010239892
175,183,0.0009651156
176,183,0.00065441336
177,183,0.0007733386
178,183,0.00073474366
179,183,0.0010642968
180,183,0.0006699916
181,183,0.00040003192
182,183,
183,183,
184,183,0.000773048
185,183,0.00078597385
186,183,0.0002842769
187,183,3.5556965e-05
188,183,0.0005933866
189,183,0.0009320639
190,183,0.00061467756
191,183,0.0005866457
192,183,0.00048212055
193,183,0.0006418219
194,183,0.0010302057
195,183,0.00076529477
196,183,0.00056315865
197,183,0.00095213857
198,183,0.0008566603
199,183,
200,183,
201,183,
202,183,
203,183,
204,183,
205,183,
206,183,0.00081636664
207,183,0.0004522726
208,183,
209,183,0.00096371863
210,183,0.0007554842
211,183,0.0003008116
212,183,0.0004031621
213,183,0.0010129157
214,183,0.0005433364
215,183,7.3808245e-05
216,183,0.0007259734
217,183,0.000871202
218,183,0.00047800224
219,183,0.00067598466
220,183,0.0009918874
221,183,0.00069944
222,183,0.0006849896
223,183,0.0010080896
224,183,0.0006805137
225,183,0.000115086325
226,183,0.00040891767
227,183,0.0008231029
228,183,0.00071959477
229,183,0.0008639917
230,183,0.00016789697
231,183,0.00013693795
232,183,
233,183,
234,183,
235,183,0.00034232158
236,183,0.0005494775
237,183,0.00016206875
238,183,0.0006782543
239,183,0.0003457088
240,183,0.00087331794
241,183,0.0010155328
242,183,0.0005784724
243,183,0.000512369
244,183,0.00052350666
245,183,0.00064293575
246,183,0.0004993966
247,183,0.0008921623
248,183,0.00036283024
249,183,0.0004698094
250,183,0.00055439956
251,183,0.00089850184
252,183,0.000854983
253,183,0.00017504767
254,183,0.0004240116
255,183,0.00047611073
256,183,0.0005708495
257,183,0.0006038835
258,183,0.00055887643
259,183,0.00041313004
260,183,0.00025935099
261,183,0.00054255687
262,183,-1.0720454e-05
263,183,0.0006493619
264,183,0.00062737614
265,183,0.00031500496
266,183,0.0005647028
267,183,0.00032813195
268,183,-0.00011404231
269,183,0.00047559105
270,183,0.00096559804
271,183,0.00043309014
272,183,0.00072944444
273,183,0.00016649254
274,183,
275,183,
276,183,
277,183,0.00047063548
278,183,0.00042181835
279,183,0.0011494113
280,183,0.00030408893
281,183,0.0008924799
282,183,0.00029431563
283,183,0.00035661366
284,183,0.0008067414
285,183,0.0004548803
286,183,0.00067356694
287,183,0.00027505215
288,183,0.0003730394
289,183,0.00074774865
290,183,0.0004882235
291,183,0.0005010953
292,183,0.00037010014
293,183,0.00057712477
294,183,0.0007860474
295,183,0.000495363
296,183,0.00077931024
297,183,0.00075915176
298,183,0.00027665496
299,183,0.0009788685
300,183,0.00083429925
301,183,-0.0001569055
302,183,0.00058403704
303,183,0.00076853856
304,183,0.0005647149
305,183,0.0008085631
306,183,0.00067091174
307,183,0.000787152
308,183,0.00036943797
309,183,0.00086172484
310,183,0.0009398516
311,183,0.0006659301
312,183,0.0008695992
313,183,0.00080346316
314,183,0.0009444067
315,183,0.000217136
316,183,0.00051971525
317,183,0.0011834586
318,183,0.0008239122
319,183,0.00041713286
320,183,0.0005252678
321,183,0.0005194014
322,183,0.0005955314
323,183,0.00027241092
324,183,0.0001944378
325,183,0.00080373604
326,183,5.4916367e-05
327,183,0.00032193493
328,183,0.00063708704
329,183,0.00046195928
330,183,0.00058969855
331,183,0.00084631704
332,183,0.00091012754
333,183,0.000559845
334,183,0.00048077945
335,183,0.00057923235
336,183,-0.0001808377
337,183,0.0004501408
338,183,0.001093098
339,183,0.00050184876
340,183,0.00080798566
341,183,0.0007143775
342,183,0.00043995772
343,183,0.00023789797
344,183,7.465109e-05
345,183,0.0012983298
346,183,0.0006198883
347,183,-0.00014843885
348,183,0.0010583475
349,183,0.00065186154
350,183,0.0009622406
351,183,0.0004975544
352,183,0.00033931993
353,183,0.00042170472
354,183,0.00040923338
355,183,0.00059268996
356,183,0.00024091639
357,183,0.0007743016
358,183,0.00019668974
359,183,0.00039742794
360,183,0.0005189022
361,183,0.00065063685
362,183,0.00056554005
363,183,0.00039986894
364,183,0.0003745826
365,183,0.00046634022
366,183,0.00016843807
367,183,0.00054437015
368,183,0.00021474902
369,183,0.00074910745
370,183,0.00028606318
371,183,0.00066062715
372,183,0.00048988685
373,183,0.0006960472
374,183,0.0002301
375,183,0.00028585736
376,183,0.00036539696
377,183,0.00064372644
378,183,0.00033111498
379,183,0.00067303143
380,183,-5.553756e-05
381,183,0.0005307775
382,183,0.00051909965
383,183,0.00049167685
384,183,0.0005194526
385,183,0.00059698336
386,183,0.0004486367
387,183,0.00010202266
388,183,0.00031564943
389,183,0.0008242121
390,183,0.00042347144
391,183,-0.00015263166
392,183,0.00078658666
393,183,0.0005171364
394,183,0.00048389658
395,183,0.00085440185
396,183,0.00042187236
397,183,0.00010139961
398,183,3.1120144e-05
399,183,0.00035567023
400,183,0.00037634373
401,183,0.00049851555
402,183,0.00043901615
403,183,0.00065284036
404,183,0.0004466595
405,183,0.00038424507
406,183,0.0005194573
407,183,0.0008351961
408,183,0.00053572655
409,183,0.00020566396
410,183,0.00024581794
411,183,0.00024212804
412,183,-0.00031156186
413,183,0.00055956095
414,183,0.0008983789
415,183,0.0005710954
416,183,0.00045488775
417,183,0.00017962232
418,183,0.00030638464
419,183,0.00022140332
420,183,0.00048688427
421,183,0.00027032197
422,183,0.00018664263
423,183,0.0004234109
424,183,0.00059080776
425,183,0.0008155927
426,183,0.000965246
427,183,0.0002166424
428,183,0.00017391518
429,183,0.0005319882
430,183,0.00048601627
431,183,0.00012657419
432,183,0.00092567503
433,183,0.000618536
434,183,0.0004874207
435,183,0.00043560844
436,183,0.00039773434
437,183,0.0011459542
438,183,8.1223436e-05
439,183,0.00033592712
440,183,0.00026531238
441,183,0.00083483197
442,183,0.00032084435
443,183,0.00070284493
444,183,-0.0002877498
445,183,0.00034892838
446,183,0.0012525804
447,183,0.00093386974
448,183,6.502215e-05
449,183,0.00021231361
450,183,0.00057236664
451,183,0.00026977248
452,183,0.0006817691
453,183,0.0007413225
454,183,0.00063567236
455,183,0.00018480606
456,183,0.0010450669
457,183,0.0009266976
458,183,0.0011481047
459,183,0.0010364708
460,183,0.0005778661
461,183,0.00029808376
462,183,0.0006898148
463,183,0.00096979085
464,183,0.00045191962
465,183,0.0006809365
466,183,0.00031441078
467,183,0.00073174015
468,183,0.0004325537
469,183,0.00045076292
470,183,1.006946e-05
471,183,0.0010886891
472,183,0.00054749753
473,183,0.00064172223
474,183,0.00016288552
475,183,0.00038575195
476,183,0.00049746875
477,183,-0.00014108885
478,183,0.0006090915
479,183,0.0008503217
480,183,0.00028514583
481,183,0.00055700913
482,183,0.0011307783
483,183,0.00079194736
484,183,0.00037635956
485,183,0.00094080996
486,183,0.00075230934
487,183,0.00058234297
488,183,0.0009796517
489,183,0.0011651395
490,183,0.00093217473
491,183,0.0011656638
492,183,0.0009250827
493,183,0.00021882728
494,183,0.0009968029
0,184,0.00049307477
1,184,0.0004904829
2,184,0.00064752717
3,184,0.0005373899
4,184,0.0007539205
5,184,0.00031375512
6,184,0.0005929731
7,184,0.00056184456
8,184,0.0004145326
9,184,0.0010079145
10,184,0.0006816508
11,184,8.766353e-05
12,184,0.00014021154
13,184,0.00042688102
14,184,0.0006402815
15,184,0.00011739973
16,184,0.00015229639
17,184,0.00079617463
18,184,0.0005579861
19,184,0.00093733706
20,184,0.00037554
21,184,0.0009673685
22,184,0.00036136247
23,184,0.00036971178
24,184,0.00025740266
25,184,0.00037465245
26,184,
27,184,0.00014543813
28,184,-0.00010329671
29,184,0.0005712481
30,184,0.00058408175
31,184,0.000746198
32,184,0.0004445212
33,184,0.00023964513
34,184,0.00067104027
35,184,0.00014287978
36,184,0.0006325692
37,184,0.0008221185
38,184,0.00088056363
39,184,0.00082862563
40,184,
41,184,0.0011099475
42,184,
43,184,
44,184,
45,184,
46,184,
47,184,
48,184,0.0010205926
49,184,0.00091893785
50,184,0.0011258647
51,184,0.000104748644
52,184,0.00015173107
53,184,0.0007200185
54,184,0.0005869651
55,184,0.0003806632
56,184,0.0013024025
57,184,0.0009120079
58,184,0.0003006216
59,184,0.00027604587
60,184,0.0009181006
61,184,0.0006545093
62,184,0.0006951969
63,184,0.0003757784
64,184,0.0007283464
65,184,0.00061575696
66,184,0.00044507068
67,184,0.0004114043
68,184,-6.1244704e-05
69,184,0.00045796204
70,184,0.00063823536
71,184,0.00053074304
72,184,0.0009574769
73,184,0.0010508187
74,184,0.00021740701
75,184,0.0006284462
76,184,0.00021945592
77,184,0.0003714785
78,184,0.00032189675
79,184,0.00021196995
80,184,-5.128514e-05
81,184,0.0003398927
82,184,0.0012769634
83,184,0.0010282453
84,184,0.001033959
85,184,
86,184,
87,184,0.0009277407
88,184,
89,184,
90,184,
91,184,0.0007262081
92,184,0.00072510913
93,184,0.0006993748
94,184,0.0006356612
95,184,0.00063187815
96,184,0.0008088201
97,184,0.0010597231
98,184,0.00023380015
99,184,0.00011459086
100,184,
101,184,0.0006006835
102,184,
103,184,0.00048423745
104,184,0.000393657
105,184,0.00086659007
106,184,0.0009711236
107,184,0.00026126858
108,184,0.00076444354
109,184,0.0007749228
110,184,0.0005337754
111,184,0.0006064642
112,184,0.0005396176
113,184,0.00078171864
114,184,0.0009136917
115,184,0.00088283047
116,184,0.0007039383
117,184,0.0007179156
118,184,0.0011221142
119,184,0.0007569883
120,184,0.00058932044
121,184,0.0006704936
122,184,0.0009971205
123,184,0.0007039588
124,184,0.00034650322
125,184,0.00066375174
126,184,0.0005267719
127,184,
128,184,
129,184,
130,184,
131,184,
132,184,
133,184,
134,184,
135,184,
136,184,
137,184,
138,184,
139,184,
140,184,
141,184,
142,184,
143,184,
144,184,
145,184,
146,184,
147,184,
148,184,
149,184,
150,184,
151,184,
152,184,
153,184,
154,184,
155,184,
156,184,
157,184,
158,184,
159,184,
160,184,
161,184,0.00038477406
162,184,0.0014172336
163,184,
164,184,0.00032339338
165,184,
166,184,0.0008596564
167,184,
168,184,
169,184,
170,184,
171,184,
172,184,
173,184,
174,184,0.00055549014
175,184,0.00101077
176,184,0.0008577872
177,184,0.0008709356
178,184,
179,184,
180,184,0.00019937474
181,184,0.00091322046
182,184,0.0008354485
183,184,0.00038077217
184,184,0.0008453578
185,184,0.0010364354
186,184,0.00066474546
187,184,0.0008693198
188,184,0.0011122245
189,184,0.00061432924
190,184,0.0009243246
191,184,0.0011461414
192,184,0.0004536882
193,184,0.0005752677
194,184,0.000837557
195,184,0.00095483195
196,184,
197,184,0.00037394278
198,184,0.0006907163
199,184,
200,184,
201,184,0.0010544425
202,184,
203,184,
204,184,
205,184,0.0010242378
206,184,0.00049086846
207,184,0.00038412027
208,184,0.0005405955
209,184,0.00077419356
210,184,0.00026407186
211,184,0.0009415783
212,184,0.00020601321
213,184,0.0005849004
214,184,0.0011006575
215,184,0.0003244104
216,184,0.00089171715
217,184,0.00033560675
218,184,0.000762607
219,184,0.0005606711
220,184,0.0006287638
221,184,0.00087832566
222,184,0.00038512796
223,184,0.0005787639
224,184,0.00080441125
225,184,0.00037331507
226,184,0.00035309605
227,184,0.0006248336
228,184,0.0005268119
229,184,9.554718e-05
230,184,0.000578071
231,184,
232,184,
233,184,
234,184,
235,184,0.0004618205
236,184,0.0007930761
237,184,0.00040340517
238,184,0.00032630563
239,184,0.0009917123
240,184,0.00045013428
241,184,0.00057006255
242,184,0.0007980503
243,184,0.00028291158
244,184,0.0007090168
245,184,0.0007685404
246,184,0.0004076725
247,184,0.00068169646
248,184,0.00063419715
249,184,0.0005755322
250,184,0.00062932353
251,184,0.0005151285
252,184,0.00046643987
253,184,0.00013663247
254,184,0.00075808726
255,184,0.0002706237
256,184,0.0006682202
257,184,0.00044071674
258,184,0.00082506984
259,184,0.00086885784
260,184,0.0007434627
261,184,0.0006175358
262,184,0.0006836448
263,184,0.0010165721
264,184,0.0005729124
265,184,0.00041297637
266,184,0.00012892671
267,184,0.00031045824
268,184,0.0003733784
269,184,0.0006924635
270,184,0.001047303
271,184,-4.6936795e-05
272,184,0.0011331746
273,184,0.00014304928
274,184,
275,184,0.00069099385
276,184,
277,184,
278,184,0.0006447369
279,184,0.00047292933
280,184,0.0008182749
281,184,0.0002705278
282,184,0.00075697154
283,184,0.00042521302
284,184,0.0004030438
285,184,0.00063057616
286,184,-6.73281e-05
287,184,0.00052980334
288,184,0.00061925687
289,184,0.0007565189
290,184,0.00056848396
291,184,0.00048229005
292,184,0.00020401739
293,184,0.0006199749
294,184,0.00032834616
295,184,0.00030638743
296,184,0.00032184366
297,184,0.00047511514
298,184,0.00055966806
299,184,0.0005305996
300,184,0.00058284774
301,184,0.0005667126
302,184,0.0009699976
303,184,0.00075527374
304,184,0.0003179824
305,184,0.0003179852
306,184,0.0006429348
307,184,0.000734685
308,184,0.0007896004
309,184,0.0004988359
310,184,0.0010049324
311,184,0.0007065488
312,184,0.00060272496
313,184,0.00081650726
314,184,0.0010870136
315,184,0.0007576104
316,184,0.0008909013
317,184,0.0006506499
318,184,0.0007935818
319,184,0.00058143213
320,184,0.00042320136
321,184,0.0002176743
322,184,0.0006115772
323,184,0.0009307172
324,184,0.0008557271
325,184,0.00059750956
326,184,0.00042761397
327,184,0.0003259182
328,184,0.00021338742
329,184,0.0003012307
330,184,0.00034613442
331,184,0.0008805441
332,184,0.00075894594
333,184,0.0008210894
334,184,0.000651638
335,184,0.00032521505
336,184,0.0006124107
337,184,0.0002512345
338,184,0.00052088685
339,184,0.00072101504
340,184,0.00041387975
341,184,0.0006402042
342,184,0.0006405981
343,184,0.00020508189
344,184,0.0013418263
345,184,
346,184,0.00095528737
347,184,0.0005739359
348,184,0.00074133
349,184,0.00048020668
350,184,0.00040504988
351,184,0.00056467764
352,184,0.00040089805
353,184,0.0003748834
354,184,0.00082687475
355,184,
356,184,0.0006270809
357,184,0.00026505254
358,184,0.0005995594
359,184,0.0008684071
360,184,0.0009426279
361,184,0.00019741897
362,184,0.00059609115
363,184,0.00052001607
364,184,0.00075320527
365,184,0.00053366926
366,184,0.0006766105
367,184,0.00025271904
368,184,0.00043924246
369,184,4.95743e-06
370,184,0.00040262938
371,184,-0.00012304261
372,184,0.0009721471
373,184,0.00018188078
374,184,-9.899028e-06
375,184,0.0006623566
376,184,0.0007429151
377,184,-0.00040159468
378,184,0.0005399827
379,184,0.0004884992
380,184,0.00041552074
381,184,0.000864665
382,184,-2.1428801e-05
383,184,0.0006680293
384,184,0.00044514053
385,184,0.0005896678
386,184,0.00075825024
387,184,0.00064870995
388,184,0.00065366365
389,184,-0.00037286337
390,184,0.0006335294
391,184,0.00036117993
392,184,0.00019347854
393,184,-0.00017359387
394,184,0.00048775598
395,184,0.0005410509
396,184,0.00026337896
397,184,0.00015315413
398,184,0.0003440082
399,184,0.0007787924
400,184,0.001114808
401,184,0.00039222557
402,184,0.0005300082
403,184,0.0008185925
404,184,0.0007677069
405,184,0.00043298304
406,184,0.00024716463
407,184,0.00042669382
408,184,0.0005942555
409,184,0.00048321765
410,184,0.00039380416
411,184,0.00018455088
412,184,0.00039502792
413,184,0.00066861324
414,184,0.00048156362
415,184,0.00038800202
416,184,0.00047211256
417,184,0.00035732612
418,184,2.1087937e-05
419,184,0.0008046469
420,184,0.00025755167
421,184,0.0005909251
422,184,0.00044225156
423,184,-0.00017525628
424,184,0.0004393775
425,184,0.00067265704
426,184,0.00057426747
427,184,0.00020372123
428,184,0.000948729
429,184,0.0005934853
430,184,0.00032657757
431,184,0.00038121082
432,184,7.749256e-05
433,184,0.0003365567
434,184,0.0004819613
435,184,0.00041087903
436,184,0.0005200971
437,184,0.0005345093
438,184,0.00049561355
439,184,0.0006181784
440,184,-6.029755e-05
441,184,0.00055581797
442,184,0.00028755888
443,184,0.00084900483
444,184,0.0006984696
445,184,0.00057419203
446,184,0.0006403951
447,184,0.00015044864
448,184,0.0001703687
449,184,0.0010557147
450,184,0.0007213205
451,184,0.00018346496
452,184,0.0006952202
453,184,0.00080355257
454,184,0.0006046826
455,184,0.00043217652
456,184,0.00065422617
457,184,0.0004503103
458,184,0.0011205021
459,184,2.6931986e-05
460,184,0.00080018863
461,184,0.00075452775
462,184,0.0007717861
463,184,0.00040352438
464,184,0.0004264498
465,184,0.00022661872
466,184,0.00010363199
467,184,0.00033490732
468,184,0.00025598798
469,184,0.00021485891
470,184,0.0003388999
471,184,0.00043104775
472,184,0.00055486616
473,184,0.00041633006
474,184,0.00081188884
475,184,0.0003453875
476,184,0.00043907668
477,184,0.00060317665
478,184,0.0008803243
479,184,0.0010237424
480,184,0.0006364174
481,184,0.0005506957
482,184,0.001065474
483,184,0.00039300974
484,184,0.0005372986
485,184,0.00094905775
486,184,0.0005487446
487,184,0.0011269692
488,184,0.0006627813
489,184,0.0008336771
490,184,0.0012374967
491,184,0.00085871946
492,184,0.00089461636
493,184,0.0005885996
494,184,0.000705366
0,185,0.00079401955
1,185,0.00046284497
2,185,0.0006588474
3,185,0.0008518584
4,185,0.0006347224
5,185,0.00039941072
6,185,0.00021529291
7,185,0.00049695
8,185,0.0006574616
9,185,0.00078366883
10,185,0.00078882463
11,185,0.00048670731
12,185,9.038206e-05
13,185,0.0005962504
14,185,0.00024397112
15,185,0.00065650884
16,185,0.0003947392
17,185,0.00065356586
18,185,0.00081798807
19,185,0.00049821846
20,185,0.000556089
21,185,0.0007857289
22,185,0.0008114241
23,185,0.00081392843
24,185,0.0010850141
25,185,0.00055853836
26,185,0.00063037593
27,185,
28,185,0.00025285129
29,185,0.0009054933
30,185,0.00065604504
31,185,0.0009859288
32,185,0.00013146922
33,185,0.00032613892
34,185,0.0006489605
35,185,0.0005727317
36,185,0.0011490742
37,185,0.00082334224
38,185,5.6071207e-05
39,185,
40,185,0.00044640712
41,185,0.00085276086
42,185,
43,185,
44,185,
45,185,
46,185,
47,185,
48,185,0.000387799
49,185,-1.0770746e-05
50,185,-0.00012723636
51,185,5.0542876e-05
52,185,0.00014403835
53,185,0.0010098908
54,185,0.00041916594
55,185,0.00048567355
56,185,0.00089873374
57,185,0.00059597194
58,185,0.00026483927
59,185,0.0002439199
60,185,0.0003147088
61,185,0.00048528053
62,185,0.00032404903
63,185,0.00029022433
64,185,0.0001884317
65,185,0.0001735529
66,185,0.00028781034
67,185,0.00019764993
68,185,0.0008414332
69,185,0.00020420644
70,185,0.00022332557
71,185,0.00046506524
72,185,0.0006264774
73,185,0.00045223814
74,185,0.00026356615
75,185,0.0004514549
76,185,0.00032116193
77,185,0.0008498356
78,185,0.00034263916
79,185,0.00034660753
80,185,0.00025252718
81,185,-4.977174e-05
82,185,0.00069372635
83,185,0.00066228025
84,185,0.0006196052
85,185,
86,185,
87,185,
88,185,
89,185,
90,185,
91,185,0.00044897664
92,185,0.0011886368
93,185,
94,185,0.0010003308
95,185,0.00079707894
96,185,0.00063893665
97,185,-4.750397e-05
98,185,0.0002517961
99,185,
100,185,0.00050469115
101,185,0.00076943357
102,185,
103,185,0.00014575571
104,185,0.0009136759
105,185,0.0005642269
106,185,0.00071262754
107,185,0.0003784811
108,185,0.00055309106
109,185,0.0003172243
110,185,0.0004280461
111,185,0.0009445427
112,185,0.0006636791
113,185,0.0005368171
114,185,0.0010469202
115,185,0.0010712277
116,185,0.0008986583
117,185,0.0007086778
118,185,0.00055475347
119,185,0.0010999953
120,185,0.00074069574
121,185,0.0003560204
122,185,0.000610549
123,185,0.00047664437
124,185,0.0005672844
125,185,0.00096223317
126,185,0.00030400325
127,185,0.0003104806
128,185,0.00039207283
129,185,
130,185,
131,185,
132,185,
133,185,
134,185,
135,185,
136,185,
137,185,
138,185,
139,185,
140,185,
141,185,
142,185,
143,185,
144,185,
145,185,
146,185,
147,185,
148,185,
149,185,
150,185,
151,185,
152,185,
153,185,
154,185,
155,185,
156,185,
157,185,
158,185,
159,185,
160,185,
161,185,
162,185,0.0006105881
163,185,0.0006381003
164,185,
165,185,
166,185,
167,185,
168,185,
169,185,
170,185,
171,185,
172,185,
173,185,
174,185,0.00028518215
175,185,
176,185,0.0009970507
177,185,3.8549304e-05
178,185,0.000932727
179,185,0.0007951306
180,185,0.00060108956
181,185,0.0008569779
182,185,0.0005358532
183,185,0.00020970125
184,185,0.0007039644
185,185,0.00068196654
186,185,5.1352195e-05
187,185,0.0006483849
188,185,0.0009559132
189,185,0.00014080107
190,185,0.00078223087
191,185,0.00072407536
192,185,0.0006257631
193,185,0.00038529374
194,185,0.0004803622
195,185,0.0011856854
196,185,0.0009485092
197,185,
198,185,
199,185,
200,185,
201,185,
202,185,
203,185,0.0007480448
204,185,
205,185,0.00033255853
206,185,
207,185,-0.0001596231
208,185,0.0007105209
209,185,
210,185,
211,185,0.00079157576
212,185,0.0007197978
213,185,0.00025293883
214,185,0.0013555372
215,185,0.000370875
216,185,0.000506714
217,185,0.00040225312
218,185,0.00048786774
219,185,0.00050696544
220,185,0.00040521193
221,185,0.00063738786
222,185,0.00051942933
223,185,0.0008439487
224,185,0.00046016276
225,185,0.00043743663
226,185,-0.00024173036
227,185,0.00020585302
228,185,9.3201175e-05
229,185,0.0010084985
230,185,0.001365141
231,185,
232,185,
233,185,
234,185,
235,185,0.00068799406
236,185,0.00019110739
237,185,0.0008802144
238,185,0.00056853984
239,185,0.000701637
240,185,0.00018079765
241,185,0.0007777326
242,185,0.0006396286
243,185,0.00048710871
244,185,0.0006880928
245,185,0.0005400283
246,185,0.00072910544
247,185,0.0009292504
248,185,0.00071301684
249,185,0.00084254984
250,185,0.0002549449
251,185,0.00021997746
252,185,0.00028050318
253,185,0.00030081347
254,185,0.0003803214
255,185,0.0005740663
256,185,0.00046637468
257,185,0.000686042
258,185,0.00020778831
259,185,0.000785402
260,185,0.00054337736
261,185,0.00081300177
262,185,0.0004824577
263,185,0.0007011425
264,185,0.00027496275
265,185,0.00055000186
266,185,0.00062876474
267,185,0.0004722532
268,185,0.00054766145
269,185,0.0003198795
270,185,0.00085854065
271,185,-0.0002501551
272,185,0.00029002596
273,185,0.00071785506
274,185,0.00023981463
275,185,
276,185,
277,185,
278,185,0.0009855488
279,185,0.00049688015
280,185,0.00017036311
281,185,0.00053404924
282,185,3.2689422e-06
283,185,0.00077591557
284,185,0.0004935423
285,185,0.0009718267
286,185,0.00044500176
287,185,0.00050602015
288,185,0.0006250236
289,185,0.00047178753
290,185,0.0004919423
291,185,0.0009355489
292,185,0.0006893361
293,185,0.0006230315
294,185,-7.552188e-05
295,185,0.0009444915
296,185,0.000272803
297,185,0.00041999202
298,185,0.0004460793
299,185,0.00045235828
300,185,6.299466e-05
301,185,0.00092449505
302,185,0.0005586399
303,185,4.970655e-05
304,185,0.0005697496
305,185,0.00026398897
306,185,0.00046595652
307,185,0.0006080149
308,185,0.0008032974
309,185,0.00028848462
310,185,0.0009613773
311,185,0.00073445775
312,185,0.001052171
313,185,0.00052808225
314,185,0.00085027236
315,185,0.000660195
316,185,0.00031671207
317,185,0.00061267056
318,185,0.00094052684
319,185,0.0006921813
320,185,0.00066199433
321,185,0.000657564
322,185,0.00028574467
323,185,0.00081078056
324,185,0.00069030747
325,185,0.00091456063
326,185,0.0007284349
327,185,0.00082407985
328,185,0.0008791024
329,185,0.00038998201
330,185,0.0006590225
331,185,0.00069094263
332,185,0.00034776237
333,185,0.0004503997
334,185,0.0001662653
335,185,0.0008857213
336,185,0.0005486924
337,185,0.00028999522
338,185,0.0007477468
339,185,0.00037936866
340,185,0.0001564771
341,185,8.478295e-05
342,185,0.0004942212
343,185,0.00034300983
344,185,0.0003987318
345,185,
346,185,0.0009053005
347,185,0.00051088445
348,185,0.0004997002
349,185,0.0007233778
350,185,0.0005616341
351,185,0.00073444564
352,185,-1.5320256e-05
353,185,0.0007731868
354,185,
355,185,
356,185,0.0009887414
357,185,0.0005200058
358,185,0.0010490082
359,185,0.0004821485
360,185,0.0005530538
361,185,0.00042681117
362,185,-6.892998e-05
363,185,8.425582e-05
364,185,0.000714723
365,185,0.00045172498
366,185,0.00088929106
367,185,0.0007323753
368,185,0.00072425697
369,185,0.0008218596
370,185,-4.5521185e-05
371,185,0.0010046968
372,185,0.0002086563
373,185,0.00041956455
374,185,0.00057366583
375,185,0.0006154021
376,185,-0.00012699608
377,185,0.00017086975
378,185,0.00021530502
379,185,9.7863376e-05
380,185,0.0005133925
381,185,0.0002233684
382,185,0.00049122144
383,185,-0.0001659859
384,185,0.00039324537
385,185,0.0003915336
386,185,0.00042878464
387,185,0.00030211173
388,185,0.0003309995
389,185,0.00050658546
390,185,0.00041615218
391,185,0.00077822804
392,185,0.00042190868
393,185,4.688278e-06
394,185,0.00023427047
395,185,0.0008036727
396,185,0.0005621901
397,185,0.0004472928
398,185,0.00081011746
399,185,0.0007667588
400,185,0.00060574804
401,185,0.000734997
402,185,0.0003885636
403,185,0.0007717358
404,185,0.00027170964
405,185,0.00079248287
406,185,0.0007103151
407,185,0.00026795454
408,185,1.530163e-05
409,185,-0.00016106479
410,185,0.00040569063
411,185,0.00038781948
412,185,0.00016395375
413,185,0.0004370557
414,185,0.00060218666
415,185,0.00069220085
416,185,0.00079940725
417,185,0.00032572448
418,185,0.0004087342
419,185,0.00072551053
420,185,0.0005965326
421,185,0.00024179369
422,185,0.00046487153
423,185,0.0005413089
424,185,0.00022678077
425,185,0.00043979846
426,185,0.00069613196
427,185,0.0004793182
428,185,0.00041520875
429,185,6.890111e-05
430,185,0.0009086244
431,185,0.0007443819
432,185,0.0005093608
433,185,0.0009683687
434,185,0.00031608343
435,185,0.0006930083
436,185,0.00066581275
437,185,0.0007576356
438,185,0.0006170524
439,185,0.0006931741
440,185,0.0005806936
441,185,0.0008382667
442,185,0.00028632395
443,185,0.0005455753
444,185,0.0005246699
445,185,3.9671548e-05
446,185,0.00037092622
447,185,0.00051136315
448,185,0.00069867726
449,185,0.00027737394
450,185,-0.000222045
451,185,0.00084015727
452,185,0.00012340862
453,185,0.0011105174
454,185,0.00024109147
455,185,0.00046169013
456,185,0.000108896755
457,185,0.0008035954
458,185,-1.4018267e-05
459,185,0.0004919842
460,185,0.00039390102
461,185,0.0006052302
462,185,0.00019732863
463,185,0.0004617218
464,185,-1.2232922e-05
465,185,0.00070203654
466,185,0.00058135204
467,185,0.00026909076
468,185,0.0005801702
469,185,0.00074822456
470,185,0.00045542046
471,185,0.00023430027
472,185,0.00064063724
473,185,0.001438695
474,185,0.00067783333
475,185,0.00037404057
476,185,0.0010517361
477,185,0.00031475816
478,185,0.0010905396
479,185,0.0005581789
480,185,0.0004131766
481,185,0.00080206525
482,185,0.0005568201
483,185,0.0009039212
484,185,0.0005494468
485,185,0.00094060507
486,185,0.00059174094
487,185,0.000776086
488,185,0.0014491798
489,185,0.00053876825
490,185,0.0011971593
491,185,0.000848908
492,185,0.00076967943
493,185,0.0003400147
494,185,0.0006896183
0,186,0.00031156
1,186,0.00070149545
2,186,0.0009426521
3,186,0.00046573486
4,186,0.0004994264
5,186,0.00051851943
6,186,0.00018380117
7,186,0.00030235015
8,186,0.00038877502
9,186,0.0003401963
10,186,0.00022258796
11,186,6.861426e-05
12,186,0.00037743337
13,186,0.00092524104
14,186,0.00033213198
15,186,0.00041539408
16,186,0.00018378627
17,186,0.00059728697
18,186,0.00035212561
19,186,0.00069114007
20,186,0.0003181761
21,186,0.0005965289
22,186,0.0007115593
23,186,0.00034461822
24,186,0.00059508067
25,186,0.0005285777
26,186,0.00014463626
27,186,
28,186,0.00035856012
29,186,0.000820606
30,186,0.00021015108
31,186,-0.00014564767
32,186,0.00054787844
33,186,0.0006524613
34,186,0.00090055726
35,186,0.00042698532
36,186,0.0009231018
37,186,0.0014462108
38,186,0.0004468169
39,186,0.00067611504
40,186,
41,186,
42,186,
43,186,
44,186,
45,186,
46,186,
47,186,0.0003212709
48,186,0.0005986579
49,186,0.0009480119
50,186,0.00036916323
51,186,0.00032647513
52,186,0.00033525936
53,186,0.0009772973
54,186,0.00056791306
55,186,5.7316385e-05
56,186,0.00089977495
57,186,0.00022834633
58,186,-5.3836964e-05
59,186,5.7134777e-05
60,186,-4.2938627e-05
61,186,0.00047041103
62,186,0.00023785606
63,186,0.00024406333
64,186,0.0005284287
65,186,0.00043367408
66,186,0.00021212082
67,186,0.00025331136
68,186,0.00012329593
69,186,0.00066160504
70,186,0.0010914644
71,186,0.0004831534
72,186,-2.8315932e-05
73,186,0.0007344885
74,186,0.0005650949
75,186,0.0003024675
76,186,0.00014430564
77,186,0.0009359084
78,186,0.0008645402
79,186,0.0007681055
80,186,0.00028769858
81,186,-5.1956624e-05
82,186,0.0007514348
83,186,0.000699969
84,186,4.07286e-05
85,186,0.00061737746
86,186,
87,186,
88,186,
89,186,0.0008018855
90,186,
91,186,0.00065035
92,186,
93,186,0.00028853305
94,186,0.00042086653
95,186,0.00080230925
96,186,0.00080716424
97,186,0.00043880008
98,186,0.00076865684
99,186,
100,186,0.0005628057
101,186,0.00079863146
102,186,0.00065154396
103,186,0.00090088975
104,186,0.00077243056
105,186,0.00078488514
106,186,0.0008663088
107,186,0.00058659445
108,186,0.0006867293
109,186,0.0005502561
110,186,0.0006782487
111,186,0.0005528927
112,186,0.00067243446
113,186,0.0004099235
114,186,0.0007926682
115,186,0.0007492313
116,186,0.00086066686
117,186,0.0007772399
118,186,0.00083175395
119,186,0.0010451563
120,186,0.0008662138
121,186,0.0005600937
122,186,0.00056309253
123,186,0.00069127977
124,186,0.00083591323
125,186,0.0007041879
126,186,-1.4148653e-05
127,186,0.0003814213
128,186,
129,186,
130,186,
131,186,
132,186,
133,186,
134,186,
135,186,
136,186,
137,186,
138,186,
139,186,
140,186,
141,186,
142,186,
143,186,
144,186,
145,186,
146,186,
147,186,
148,186,
149,186,
150,186,
151,186,
152,186,
153,186,
154,186,
155,186,
156,186,
157,186,
158,186,
159,186,
160,186,
161,186,0.00058527105
162,186,0.00093955453
163,186,
164,186,
165,186,
166,186,
167,186,
168,186,
169,186,
170,186,
171,186,
172,186,
173,186,
174,186,
175,186,
176,186,
177,186,0.0008486593
178,186,0.0009305794
179,186,0.0008486621
180,186,0.0010699593
181,186,0.0009159669
182,186,0.0007926496
183,186,0.0007285243
184,186,0.0010897638
185,186,0.000391813
186,186,0.00060528517
187,186,0.00010935962
188,186,0.0006474713
189,186,0.00090603717
190,186,0.00032601226
191,186,0.0007835999
192,186,0.00081492774
193,186,0.0005679801
194,186,0.0003110189
195,186,0.0010025222
196,186,0.00061902776
197,186,
198,186,
199,186,
200,186,
201,186,
202,186,
203,186,
204,186,
205,186,0.00027418882
206,186,0.00077808835
207,186,0.00073240045
208,186,0.0003324598
209,186,0.00073649175
210,186,
211,186,0.0005864743
212,186,0.00014284067
213,186,0.0005820878
214,186,0.00068127736
215,186,0.00022715889
216,186,0.0004581157
217,186,0.0010522623
218,186,0.0007602805
219,186,0.00046827272
220,186,0.0015922049
221,186,0.0004034778
222,186,0.00086022075
223,186,7.059984e-05
224,186,0.00065754354
225,186,0.00036550313
226,186,0.0005861223
227,186,0.0005351333
228,186,0.00028515235
229,186,0.0004861094
230,186,0.00054616854
231,186,
232,186,
233,186,
234,186,
235,186,0.0005389061
236,186,0.00011663977
237,186,0.00016216375
238,186,0.0008065477
239,186,0.00037410855
240,186,0.00074267667
241,186,0.0008045947
242,186,0.0007998124
243,186,0.0001878906
244,186,0.0012720842
245,186,0.0009746887
246,186,0.0004906859
247,186,0.00026371144
248,186,0.00047682226
249,186,0.0004578214
250,186,0.00041839108
251,186,0.00031386223
252,186,0.00080380216
253,186,0.0001853155
254,186,0.00016371813
255,186,0.0004510954
256,186,0.00080968346
257,186,0.00065694004
258,186,0.00048559252
259,186,0.0007738741
260,186,0.00061491504
261,186,0.0003682142
262,186,0.0009936178
263,186,0.0003864281
264,186,0.00074937753
265,186,0.00022256095
266,186,0.00078087393
267,186,0.00079316646
268,186,0.00076458976
269,186,2.0598993e-05
270,186,0.0008045044
271,186,0.0004943069
272,186,0.0002518706
273,186,0.00044125877
274,186,0.00083549134
275,186,8.3609484e-05
276,186,
277,186,
278,186,
279,186,0.00020021014
280,186,0.0002462063
281,186,0.0007025488
282,186,0.00023829006
283,186,0.0008355295
284,186,0.0002947636
285,186,0.0002803281
286,186,0.0003555687
287,186,0.0005699955
288,186,0.0009752
289,186,0.0007738881
290,186,0.0007382184
291,186,0.00060627423
292,186,0.00057792757
293,186,0.0005746987
294,186,0.0004954543
295,186,0.0005731452
296,186,0.0006545419
297,186,0.0006657932
298,186,0.00091104116
299,186,0.00031664968
300,186,7.193722e-05
301,186,0.00049274974
302,186,0.00057971105
303,186,0.00053513516
304,186,-0.00021676254
305,186,0.00063442905
306,186,0.00059826486
307,186,0.00036736205
308,186,0.00049146917
309,186,0.0004082471
310,186,0.0012698565
311,186,0.0007087542
312,186,0.0008395333
313,186,0.00046793
314,186,0.0010613613
315,186,0.0010674391
316,186,0.0011665989
317,186,0.00069149025
318,186,0.00034356117
319,186,0.0005284697
320,186,0.00066517666
321,186,0.0007845396
322,186,0.0008146707
323,186,0.0010526031
324,186,0.0012727678
325,186,0.0008171266
326,186,9.557977e-05
327,186,0.0008708099
328,186,0.0006137183
329,186,0.000289727
330,186,0.00055293087
331,186,0.00091410056
332,186,0.0007499084
333,186,0.00013647787
334,186,0.0005262317
335,186,0.00051517505
336,186,0.0007245932
337,186,0.0006144438
338,186,0.00013788603
339,186,0.00024741422
340,186,0.0007988345
341,186,0.00038186554
342,186,0.00108256
343,186,0.0004910445
344,186,-0.0001407126
345,186,
346,186,
347,186,0.0009488221
348,186,0.00031062402
349,186,0.000770974
350,186,0.0008391123
351,186,
352,186,
353,186,
354,186,
355,186,
356,186,0.0006873654
357,186,0.00067383144
358,186,0.00050723925
359,186,0.0012116004
360,186,0.0006222129
361,186,0.00045805238
362,186,0.00040752813
363,186,0.00051217806
364,186,0.00095056277
365,186,0.00023451261
366,186,0.00063181296
367,186,0.0002872236
368,186,0.00058341585
369,186,0.00082254224
370,186,0.0006898334
371,186,0.00044973008
372,186,0.0007507559
373,186,0.0008192742
374,186,-0.00019147061
375,186,0.0003889054
376,186,0.00031833444
377,186,0.00023122877
378,186,0.0003213836
379,186,0.00043778215
380,186,0.00052425265
381,186,9.436533e-05
382,186,0.00065039285
383,186,0.0005263174
384,186,0.00062072556
385,186,0.00039983355
386,186,0.00021987502
387,186,0.00040968973
388,186,0.00038292538
389,186,0.00041917805
390,186,0.00047785044
391,186,0.00024675578
392,186,0.0004984569
393,186,0.0006546434
394,186,0.00025750976
395,186,0.00046663545
396,186,0.0005908953
397,186,0.0005157888
398,186,0.0005341349
399,186,-0.00019685086
400,186,0.00020180736
401,186,0.00057646446
402,186,0.00044657383
403,186,0.00070556626
404,186,0.0006367229
405,186,0.00037554558
406,186,-2.740603e-05
407,186,0.00064774137
408,186,0.0006472841
409,186,0.0005329624
410,186,0.00036374852
411,186,0.0007742541
412,186,0.00094613247
413,186,0.00038090255
414,186,0.00021825079
415,186,0.00023237523
416,186,0.00055337884
417,186,0.00072787143
418,186,4.548952e-05
419,186,0.00067870505
420,186,0.0008574948
421,186,0.00031893887
422,186,0.0003921287
423,186,0.0006960882
424,186,0.00047709513
425,186,0.00075295754
426,186,0.00013451744
427,186,0.00041188113
428,186,0.0007290393
429,186,0.0006126715
430,186,0.0009474745
431,186,0.0006820131
432,186,0.0006206725
433,186,0.0005068509
434,186,0.0009669727
435,186,0.0008410746
436,186,0.00061197486
437,186,0.00036394224
438,186,0.00027994625
439,186,0.0010687681
440,186,0.000349354
441,186,0.00024509244
442,186,0.00082227215
443,186,0.0006756708
444,186,0.00057253614
445,186,0.00064398814
446,186,-3.9451756e-05
447,186,0.000576376
448,186,0.00024279673
449,186,0.0011276994
450,186,0.00041635148
451,186,0.0005627014
452,186,0.00012696628
453,186,0.00025617145
454,186,0.0007509142
455,186,0.0008448744
456,186,0.0002942914
457,186,0.0004512379
458,186,0.0006196564
459,186,1.7357059e-05
460,186,4.7071837e-05
461,186,0.00093402155
462,186,7.4413605e-05
463,186,0.0006692717
464,186,0.0004991088
465,186,0.0011042701
466,186,0.00036181603
467,186,0.0003241161
468,186,0.0005082954
469,186,0.0006822683
470,186,0.00063872617
471,186,0.0005563628
472,186,0.00015007704
473,186,0.0010766629
474,186,0.0010140445
475,186,0.0008391151
476,186,0.0004866207
477,186,0.0011847271
478,186,0.000593666
479,186,0.00040759332
480,186,9.784475e-05
481,186,0.0001232475
482,186,0.0008022208
483,186,0.0002993755
484,186,0.00088396017
485,186,0.0010948712
486,186,0.0006682677
487,186,0.00092021935
488,186,0.0008349465
489,186,0.00070930086
490,186,0.00077641103
491,186,0.000966087
492,186,0.0008028932
493,186,0.0005992865
494,186,0.00036353245
0,187,0.00053664204
1,187,0.000555126
2,187,-6.7850575e-05
3,187,0.0007439302
4,187,0.0006045308
5,187,3.194716e-05
6,187,0.00023593567
7,187,0.0006981101
8,187,0.0003235964
9,187,0.00020723883
10,187,0.0006996216
11,187,0.0009873044
12,187,0.0003446387
13,187,0.00036994647
14,187,0.00055064354
15,187,0.00080692396
16,187,0.00050223246
17,187,0.00020868145
18,187,0.0005375724
19,187,0.00048628822
20,187,0.00085324515
21,187,0.0012456123
22,187,-8.904375e-05
23,187,4.4797547e-05
24,187,0.00050977245
25,187,0.00058941264
26,187,0.0008139275
27,187,
28,187,0.00021944009
29,187,0.00018926896
30,187,0.0013492135
31,187,0.00035177916
32,187,0.00048158318
33,187,0.00043530297
34,187,0.00022831745
35,187,0.0004929956
36,187,0.0005069617
37,187,0.0006667916
38,187,0.00059274025
39,187,0.0009989636
40,187,0.00041130278
41,187,
42,187,
43,187,
44,187,
45,187,0.00136167
46,187,0.00027618092
47,187,0.00066594686
48,187,0.00086004846
49,187,-0.00014934596
50,187,0.00036566984
51,187,0.0007534642
52,187,0.00056097936
53,187,0.0006133262
54,187,0.0010918798
55,187,0.00068375096
56,187,0.00017989427
57,187,0.0010825824
58,187,0.0003347583
59,187,0.00024660304
60,187,0.0003677383
61,187,0.00075601786
62,187,0.0007180916
63,187,0.0005135853
64,187,0.0003658384
65,187,0.0005198596
66,187,0.00051241927
67,187,0.0012001088
68,187,0.0011695428
69,187,0.0006669443
70,187,0.0002215514
71,187,0.00025316235
72,187,0.00027714297
73,187,0.0005328171
74,187,0.00018680096
75,187,0.00047216378
76,187,0.0007447684
77,187,0.00078990404
78,187,0.00040879287
79,187,0.0004526684
80,187,-8.721929e-05
81,187,0.00054580346
82,187,0.0012506805
83,187,0.00025920663
84,187,0.00027243607
85,187,0.0006902311
86,187,
87,187,
88,187,0.00019770395
89,187,
90,187,
91,187,0.00073991343
92,187,0.00026838295
93,187,0.0004473785
94,187,0.0003694538
95,187,3.2020733e-05
96,187,0.00011596084
97,187,0.00082572456
98,187,0.00043559633
99,187,0.0001253821
100,187,0.0004156502
101,187,0.0008848915
102,187,0.00063341483
103,187,0.00061034784
104,187,0.000544413
105,187,0.0010707024
106,187,0.00069699343
107,187,0.0005798787
108,187,0.00021835044
109,187,0.0006369231
110,187,0.0007211482
111,187,0.0005417019
112,187,0.00033781026
113,187,0.00052089244
114,187,0.0005604215
115,187,0.0009685736
116,187,0.0007618489
117,187,0.0009011943
118,187,0.0007466953
119,187,0.000735553
120,187,0.00069076475
121,187,0.0012379745
122,187,0.00096749514
123,187,0.0005552061
124,187,0.0008835504
125,187,0.0009102877
126,187,0.00042087398
127,187,0.00072277803
128,187,0.0005838722
129,187,
130,187,
131,187,
132,187,
133,187,
134,187,
135,187,
136,187,
137,187,
138,187,
139,187,
140,187,
141,187,
142,187,
143,187,
144,187,
145,187,
146,187,
147,187,
148,187,0.00047790073
149,187,
150,187,
151,187,
152,187,
153,187,
154,187,
155,187,
156,187,
157,187,
158,187,
159,187,
160,187,0.0005915323
161,187,
162,187,
163,187,0.0007204544
164,187,
165,187,
166,187,
167,187,
168,187,
169,187,
170,187,
171,187,
172,187,
173,187,
174,187,0.0007946696
175,187,0.00085845124
176,187,0.00066283066
177,187,0.0005014213
178,187,0.0003092289
179,187,0.00039908383
180,187,0.00080889836
181,187,0.0011208914
182,187,0.0015819948
183,187,0.0010812227
184,187,0.0008549439
185,187,0.0005020881
186,187,0.0009608986
187,187,0.0008025607
188,187,0.00036215782
189,187,0.0006565526
190,187,0.0004808791
191,187,0.00092011783
192,187,0.0012271916
193,187,0.00082407426
194,187,0.00096879806
195,187,0.0008834135
196,187,0.0007828297
197,187,0.00038606394
198,187,0.00070555415
199,187,0.0008294126
200,187,
201,187,
202,187,
203,187,
204,187,
205,187,0.0005767103
206,187,0.0006093485
207,187,0.0004830556
208,187,0.00056188274
209,187,0.00045489147
210,187,
211,187,0.000544833
212,187,0.0003194185
213,187,0.00044484716
214,187,0.00045851804
215,187,0.0008549392
216,187,0.00011933688
217,187,1.6874634e-05
218,187,0.0006763609
219,187,0.00016850606
220,187,0.000535219
221,187,0.00065643154
222,187,0.0010206467
223,187,0.0005747061
224,187,-1.7729588e-05
225,187,0.0007518679
226,187,-0.000119657256
227,187,0.0006108517
228,187,0.0008264119
229,187,0.00063127745
230,187,0.000534337
231,187,0.00041411165
232,187,0.00056991726
233,187,
234,187,3.7199818e-05
235,187,5.1180832e-05
236,187,0.0003481917
237,187,0.00039252546
238,187,0.0007131994
239,187,0.00036189053
240,187,0.0005326029
241,187,0.0006498443
242,187,0.0006485656
243,187,0.0006680526
244,187,0.0007092804
245,187,0.00060749985
246,187,0.00060951896
247,187,0.00088225957
248,187,0.00031412952
249,187,0.0003329916
250,187,0.0004503699
251,187,0.00071556773
252,187,0.0008058697
253,187,0.0006743986
254,187,0.00081075076
255,187,0.000821352
256,187,0.0003962312
257,187,0.0007412834
258,187,0.00021289103
259,187,0.0006567808
260,187,0.00042251498
261,187,0.00068036374
262,187,0.001035274
263,187,0.0010299766
264,187,0.00088485796
265,187,0.0009690961
266,187,0.0004785871
267,187,0.00027599465
268,187,0.0007309029
269,187,0.0010526972
270,187,0.00047568604
271,187,0.0008208025
272,187,0.0012999792
273,187,0.00069979485
274,187,4.4796616e-07
275,187,
276,187,0.00051661767
277,187,
278,187,
279,187,
280,187,0.000945149
281,187,0.00046937913
282,187,0.0008363379
283,187,0.00052122213
284,187,0.0002985187
285,187,0.00035019685
286,187,0.00089685805
287,187,0.00062049646
288,187,0.00016217027
289,187,0.0007749377
290,187,-0.00013510883
291,187,0.00051407516
292,187,0.0007483158
293,187,0.00068113115
294,187,0.00028520916
295,187,0.0003664624
296,187,0.0006526988
297,187,0.0006873803
298,187,-8.420274e-05
299,187,0.00013040844
300,187,0.00060433056
301,187,0.00014541112
302,187,0.00014150236
303,187,-3.048405e-05
304,187,0.00017532986
305,187,0.00013658404
306,187,0.00026128814
307,187,0.00066748634
308,187,0.00096064154
309,187,0.00022515096
310,187,0.00026158616
311,187,0.0005197441
312,187,0.0002869228
313,187,0.0005632546
314,187,0.0007431656
315,187,0.0007511731
316,187,0.00065880734
317,187,0.00063919835
318,187,0.0007719556
319,187,0.0007421775
320,187,0.0004691938
321,187,0.0008340599
322,187,0.0005444307
323,187,0.0003343532
324,187,0.0008025607
325,187,0.00041412003
326,187,0.00080868695
327,187,0.000517386
328,187,0.00052803475
329,187,0.000639366
330,187,0.00018769875
331,187,0.0009449618
332,187,0.00028240867
333,187,0.0003010016
334,187,0.0002740128
335,187,0.00047443528
336,187,0.00095087755
337,187,0.00058013946
338,187,0.0003516348
339,187,0.0005669277
340,187,0.00070080906
341,187,0.00011300016
342,187,0.00024669897
343,187,0.00090656336
344,187,-0.00015384331
345,187,
346,187,
347,187,
348,187,
349,187,
350,187,
351,187,
352,187,
353,187,
354,187,
355,187,
356,187,0.0001570629
357,187,0.0002734391
358,187,0.0004561767
359,187,0.0006888071
360,187,0.00056798384
361,187,0.0008273488
362,187,0.0004901169
363,187,0.00034427457
364,187,0.00029132701
365,187,0.00067330245
366,187,0.00025594607
367,187,0.0005990183
368,187,0.00075375196
369,187,0.000800726
370,187,0.00010732468
371,187,0.0006808257
372,187,0.00056352373
373,187,0.00019528437
374,187,0.0004679896
375,187,0.0001120083
376,187,0.00075560156
377,187,6.860588e-05
378,187,0.00046864338
379,187,0.00031426083
380,187,0.00038385577
381,187,0.0007217927
382,187,0.0006664572
383,187,0.0005826
384,187,0.0005139848
385,187,-0.00017163996
386,187,0.00036743563
387,187,0.0011412539
388,187,0.00066506304
389,187,0.000796644
390,187,0.0009868015
391,187,2.5016256e-05
392,187,0.00037891604
393,187,0.00047520176
394,187,0.0004998967
395,187,0.0004500635
396,187,0.00093523785
397,187,0.00032145716
398,187,0.0003972305
399,187,0.0005645631
400,187,0.0006629545
401,187,0.0003302209
402,187,0.000511026
403,187,0.00037162192
404,187,0.0005638087
405,187,0.0003415104
406,187,0.0009955103
407,187,0.00030559115
408,187,0.00041741226
409,187,0.0005225381
410,187,0.00061845407
411,187,0.00018189661
412,187,0.00069995597
413,187,0.00059870724
414,187,0.00019161496
415,187,0.00017787702
416,187,0.0009128107
417,187,0.000572687
418,187,0.0009799786
419,187,0.00049140677
420,187,0.0007459326
421,187,0.0009057736
422,187,0.00033415575
423,187,0.0006084321
424,187,0.00062921084
425,187,0.00064730365
426,187,0.00041484646
427,187,0.00013837032
428,187,0.00048312824
429,187,0.00065370277
430,187,0.00072785467
431,187,0.00032008998
432,187,0.00072609074
433,187,0.0011454048
434,187,0.00067741144
435,187,0.0002038572
436,187,0.00048778206
437,187,0.000536765
438,187,0.00074759964
439,187,0.00073001254
440,187,0.00053898897
441,187,0.000471686
442,187,0.00049886294
443,187,0.00070786756
444,187,0.0007231571
445,187,0.0008580219
446,187,0.0005732188
447,187,0.00031840056
448,187,0.0005079312
449,187,0.0008728113
450,187,0.00049152505
451,187,0.00047411583
452,187,0.00035713706
453,187,0.0006851824
454,187,0.0008241981
455,187,0.0004940396
456,187,0.00012946315
457,187,0.00095451623
458,187,0.001141441
459,187,0.0007275641
460,187,0.0010152292
461,187,0.00025931746
462,187,0.00055218954
463,187,0.0001549758
464,187,0.0005257977
465,187,0.00011845771
466,187,-0.0001992369
467,187,0.00093061477
468,187,0.00037163496
469,187,0.0007106988
470,187,0.0004398469
471,187,0.0010400005
472,187,0.0005864175
473,187,0.0007145088
474,187,0.00079119764
475,187,0.00041538943
476,187,0.000801241
477,187,0.0012996793
478,187,0.00044235308
479,187,0.0009022355
480,187,0.0012304792
481,187,0.0008757962
482,187,0.00046299957
483,187,0.0005479939
484,187,0.001099607
485,187,0.00082269683
486,187,0.0011551846
487,187,0.0010097437
488,187,0.00077984575
489,187,0.0012138942
490,187,0.0005667042
491,187,0.0011719307
492,187,0.00092524756
493,187,0.0006020665
494,187,0.0010677213
0,188,0.00046443008
1,188,0.0005177129
2,188,0.00022319518
3,188,0.00040854514
4,188,0.00052137114
5,188,0.00022074953
6,188,0.0005882699
7,188,0.00097576063
8,188,6.4442866e-05
9,188,0.00025960058
10,188,0.00024668965
11,188,0.00038759876
12,188,0.0003929902
13,188,0.00039843656
14,188,0.0005920809
15,188,-7.7299774e-07
16,188,0.00034723617
17,188,0.00023762695
18,188,0.0001737224
19,188,0.0003592875
20,188,0.00039904285
21,188,0.00037933234
22,188,0.00047331676
23,188,0.0005912138
24,188,0.00014096312
25,188,0.0007542074
26,188,0.0002795104
27,188,
28,188,-2.3242086e-05
29,188,0.00058936235
30,188,0.00078412145
31,188,0.0011564828
32,188,0.0001381617
33,188,0.0008932166
34,188,0.00038110744
35,188,0.0010267859
36,188,0.0005842289
37,188,0.00048730336
38,188,0.00029146764
39,188,0.00033927895
40,188,0.0008901311
41,188,
42,188,
43,188,
44,188,
45,188,
46,188,0.0006033955
47,188,0.0006580008
48,188,0.00035873055
49,188,0.0003589047
50,188,0.0010112459
51,188,0.0010423809
52,188,0.00065407995
53,188,0.00079123117
54,188,0.00040048175
55,188,0.000527516
56,188,0.00017191656
57,188,0.00057307445
58,188,0.00081799924
59,188,0.0003291322
60,188,0.0007267175
61,188,6.605405e-05
62,188,0.00068042614
63,188,0.00044729747
64,188,0.0006702235
65,188,0.0004056543
66,188,0.00048561208
67,188,0.0002069138
68,188,0.0010572057
69,188,0.0008750791
70,188,0.00042511057
71,188,-0.0001478605
72,188,0.00058853254
73,188,0.0004672166
74,188,-1.530908e-05
75,188,0.0007405812
76,188,0.0008094646
77,188,0.00031620357
78,188,0.0005805809
79,188,0.000999541
80,188,0.00012803636
81,188,
82,188,0.0005858168
83,188,0.0007898044
84,188,0.00066240784
85,188,0.0007465575
86,188,
87,188,
88,188,
89,188,0.00048307516
90,188,
91,188,0.0005793534
92,188,0.00059407484
93,188,0.0006220564
94,188,
95,188,
96,188,0.000678543
97,188,
98,188,
99,188,
100,188,0.0006194711
101,188,0.0005962569
102,188,0.00063987356
103,188,0.00036411546
104,188,0.0009387117
105,188,0.0006442359
106,188,0.0005600201
107,188,0.00081218965
108,188,0.0008616727
109,188,0.0009008162
110,188,0.0002928991
111,188,0.0005541062
112,188,0.00054100715
113,188,0.00050306506
114,188,0.00053631887
115,188,0.00078099594
116,188,0.00090623647
117,188,0.0010575876
118,188,0.000715781
119,188,0.00049209595
120,188,0.00077048317
121,188,0.00094973296
122,188,0.00092322286
123,188,0.00048544817
124,188,0.0008809054
125,188,0.0006001238
126,188,0.00035244506
127,188,0.00043345243
128,188,-7.1235e-05
129,188,-0.00017126836
130,188,
131,188,
132,188,
133,188,
134,188,
135,188,
136,188,
137,188,
138,188,
139,188,
140,188,
141,188,
142,188,
143,188,
144,188,
145,188,
146,188,
147,188,
148,188,
149,188,
150,188,
151,188,
152,188,
153,188,
154,188,
155,188,
156,188,
157,188,
158,188,
159,188,
160,188,0.000743703
161,188,0.00068802014
162,188,0.0009519346
163,188,
164,188,
165,188,0.00054174755
166,188,
167,188,
168,188,
169,188,0.0012115911
170,188,
171,188,0.00070547685
172,188,
173,188,
174,188,0.000639827
175,188,0.0008598827
176,188,
177,188,0.0005428763
178,188,0.0008979505
179,188,0.00039236434
180,188,0.0005315617
181,188,0.0012266627
182,188,0.00053576473
183,188,0.0013486473
184,188,0.0012220731
185,188,0.00066785794
186,188,0.00058559515
187,188,0.0007225387
188,188,0.0010208068
189,188,0.0012122709
190,188,0.0010390598
191,188,0.00015038531
192,188,0.00084701646
193,188,0.00052834116
194,188,0.00078351516
195,188,0.0013510585
196,188,0.0011764467
197,188,
198,188,0.0005558524
199,188,
200,188,
201,188,0.0013065813
202,188,0.00033714343
203,188,0.0009239847
204,188,
205,188,0.0006093122
206,188,0.0011214204
207,188,0.0010820618
208,188,0.00059718266
209,188,0.0012739534
210,188,0.000991283
211,188,0.0007099584
212,188,0.00047739223
213,188,0.0010643052
214,188,0.0010410715
215,188,0.0004388038
216,188,-2.3953617e-05
217,188,0.00012563728
218,188,0.0008270908
219,188,0.00038186088
220,188,0.0005057119
221,188,0.0008149883
222,188,0.0005390011
223,188,0.00040813908
224,188,0.00062935054
225,188,8.361228e-05
226,188,0.0004485799
227,188,0.00048559345
228,188,0.00038832612
229,188,0.0013002101
230,188,0.0009705657
231,188,0.00048623886
232,188,
233,188,
234,188,0.00037406664
235,188,0.0004023956
236,188,0.00061331503
237,188,0.00082367845
238,188,0.00025200192
239,188,3.2619573e-05
240,188,0.0011145081
241,188,0.00047086738
242,188,0.00045705773
243,188,0.0006865207
244,188,0.00034063496
245,188,0.0005947361
246,188,0.00042178016
247,188,0.00077933073
248,188,0.0007272726
249,188,0.00042330753
250,188,0.0006394675
251,188,0.00085824635
252,188,0.00055249594
253,188,0.00075142086
254,188,0.00089161284
255,188,0.0006784834
256,188,0.0007706061
257,188,0.0003208127
258,188,0.00024947245
259,188,0.0001437366
260,188,0.0006665811
261,188,0.00080524385
262,188,0.00080638565
263,188,0.0008929018
264,188,0.0008382341
265,188,0.00062778033
266,188,0.0008978173
267,188,0.00058794953
268,188,0.0006948486
269,188,0.00084910356
270,188,0.00010569859
271,188,0.0006071534
272,188,0.00045682397
273,188,0.0004964303
274,188,0.000826139
275,188,-0.00030166656
276,188,0.00033067353
277,188,0.000107122585
278,188,0.0011178246
279,188,
280,188,0.00089767296
281,188,-0.00011758134
282,188,0.00013666507
283,188,0.0005465653
284,188,0.00014828518
285,188,0.00039168634
286,188,0.0006296132
287,188,0.00040272065
288,188,0.00029863883
289,188,0.00053700525
290,188,0.00076492317
291,188,0.00083297305
292,188,0.0004520435
293,188,0.0005205348
294,188,0.0003253203
295,188,0.0007722834
296,188,0.00045948196
297,188,0.0005395701
298,188,0.00036070123
299,188,0.00029465836
300,188,0.00085975416
301,188,0.00024997536
302,188,0.0003536027
303,188,0.00027518533
304,188,0.0006585121
305,188,0.0009608194
306,188,0.0005175108
307,188,0.0008347705
308,188,-0.00042948034
309,188,0.00056196004
310,188,0.0007181559
311,188,0.00015069172
312,188,0.00029211212
313,188,0.00052479934
314,188,0.00069359876
315,188,0.00057399273
316,188,0.00073798187
317,188,0.0006460445
318,188,0.00069708563
319,188,0.0010015434
320,188,0.0007454585
321,188,0.00079569966
322,188,0.00081901066
323,188,0.0006243419
324,188,0.00068572536
325,188,0.00046909135
326,188,0.00063331705
327,188,0.000597327
328,188,0.0010564532
329,188,0.0008495841
330,188,0.0009422321
331,188,0.00061491225
332,188,0.0008180123
333,188,0.0004732171
334,188,0.00036043674
335,188,0.0006208485
336,188,0.0005615819
337,188,0.0005660113
338,188,0.0003588954
339,188,0.00063204486
340,188,0.00066265836
341,188,0.0007709544
342,188,0.000976936
343,188,0.00028044917
344,188,6.950181e-05
345,188,
346,188,
347,188,
348,188,
349,188,
350,188,
351,188,
352,188,
353,188,
354,188,
355,188,
356,188,
357,188,0.00029277336
358,188,0.0002085371
359,188,0.0005617412
360,188,0.00029510818
361,188,0.0005393047
362,188,0.0010325015
363,188,0.00054293685
364,188,0.00039401278
365,188,0.00049769506
366,188,0.00075697806
367,188,0.0013675988
368,188,0.0011750506
369,188,-0.00020672474
370,188,0.0006204862
371,188,1.5472993e-05
372,188,0.00013092626
373,188,0.00072591845
374,188,0.00030987896
375,188,0.00046457723
376,188,0.00021484215
377,188,-0.00016380474
378,188,0.0007570945
379,188,0.001206819
380,188,0.00015036482
381,188,0.00021745358
382,188,0.00022625364
383,188,0.00070937816
384,188,5.9893355e-05
385,188,0.00086974166
386,188,0.0003558984
387,188,0.0006594658
388,188,0.0004957905
389,188,0.0006370628
390,188,0.0005736863
391,188,0.0005722102
392,188,0.0005375501
393,188,0.00041159522
394,188,0.00032193214
395,188,-0.00026525836
396,188,0.0006390661
397,188,0.00027008727
398,188,0.00043633487
399,188,0.00012679212
400,188,0.00043843407
401,188,0.0006235372
402,188,0.00053695124
403,188,0.00073650945
404,188,0.0002796594
405,188,0.0006745765
406,188,0.00071491115
407,188,0.00081143435
408,188,0.00038066972
409,188,0.0006874837
410,188,0.00035972334
411,188,0.00035328325
412,188,0.0009136917
413,188,0.0006063441
414,188,0.00011564419
415,188,0.0007453207
416,188,0.00068799313
417,188,0.00028802827
418,188,0.00017086975
419,188,0.00079184584
420,188,0.00046576094
421,188,0.00045768358
422,188,0.0008180756
423,188,0.0006395504
424,188,0.00057785213
425,188,0.00083087943
426,188,0.00036897138
427,188,0.0006908523
428,188,0.0005712835
429,188,0.0008633407
430,188,0.00056175794
431,188,0.00052616
432,188,0.00045693107
433,188,0.0008258037
434,188,0.00047984626
435,188,0.0008539893
436,188,0.0006065825
437,188,0.00057864375
438,188,0.00042468403
439,188,0.0004127603
440,188,0.00056176353
441,188,0.0005512573
442,188,0.0006435104
443,188,0.0007046331
444,188,0.0005688891
445,188,0.0005568508
446,188,0.00082376413
447,188,0.00014597364
448,188,0.00073576346
449,188,0.0009344276
450,188,-1.4130957e-05
451,188,0.00041024387
452,188,0.00060409214
453,188,0.00076320115
454,188,0.0006726617
455,188,0.0003109388
456,188,0.00042882096
457,188,0.0009566173
458,188,0.0007858025
459,188,0.00096657034
460,188,0.0006380575
461,188,0.0004846668
462,188,0.0007731952
463,188,0.0009176824
464,188,0.0001715459
465,188,5.2351505e-05
466,188,0.0003545275
467,188,0.00052009523
468,188,0.00021493435
469,188,0.00052130874
470,188,0.00088923704
471,188,0.0008393284
472,188,0.00063301716
473,188,0.00093005784
474,188,0.0006634332
475,188,0.0002939785
476,188,3.182236e-05
477,188,0.00058869645
478,188,0.0007644491
479,188,0.00043311436
480,188,0.0003497135
481,188,0.000439696
482,188,0.00042652246
483,188,0.00071088225
484,188,0.000743377
485,188,0.00063912943
486,188,0.0003777705
487,188,0.0004987344
488,188,0.0008372795
489,188,0.0012066998
490,188,0.00061510224
491,188,0.00033810828
492,188,0.0009020837
493,188,0.0014496362
494,188,0.0005458575
0,189,0.00075283926
1,189,0.00095952675
2,189,0.0010499647
3,189,-8.901581e-06
4,189,0.0005825367
5,189,0.00027332176
6,189,0.0006780587
7,189,0.0003181966
8,189,0.00017576944
9,189,0.00042984635
10,189,0.0006654477
11,189,0.0007005241
12,189,0.000114466995
13,189,-7.082522e-05
14,189,0.0001547737
15,189,0.00064007565
16,189,0.0005853912
17,189,0.0008089179
18,189,0.0005544508
19,189,0.00044876337
20,189,0.00025255512
21,189,0.00080920476
22,189,0.00065686833
23,189,0.00061979797
24,189,0.0006548269
25,189,0.000278675
26,189,3.161747e-05
27,189,
28,189,
29,189,0.0008857073
30,189,-0.00014177803
31,189,0.0009368146
32,189,0.00038441177
33,189,0.00037666876
34,189,5.564466e-05
35,189,0.0010621389
36,189,0.0009126738
37,189,0.00016145967
38,189,0.0004958715
39,189,0.00050037634
40,189,0.00052541215
41,189,
42,189,
43,189,
44,189,0.00051180273
45,189,0.00043682847
46,189,0.0004710462
47,189,-0.00024120975
48,189,0.00019397028
49,189,0.0008827122
50,189,3.5562553e-05
51,189,0.00040817447
52,189,0.000416602
53,189,0.00014904421
54,189,9.088963e-05
55,189,0.0008250689
56,189,0.0005952278
57,189,2.5171787e-05
58,189,3.441423e-05
59,189,0.00050561316
60,189,0.00025062356
61,189,0.0002430994
62,189,0.0006677015
63,189,0.0005712826
64,189,0.00067467615
65,189,0.0012617325
66,189,0.00025237259
67,189,0.00073603913
68,189,0.0005008336
69,189,0.00064328965
70,189,0.0002165176
71,189,-2.2318214e-05
72,189,0.00037758984
73,189,-0.00018939842
74,189,0.0010002619
75,189,0.0003491547
76,189,0.0009037331
77,189,0.00049971696
78,189,0.00066558924
79,189,0.00076687895
80,189,0.00034476258
81,189,
82,189,0.00056481175
83,189,0.0006022686
84,189,0.0007564444
85,189,8.224975e-05
86,189,
87,189,0.00023470353
88,189,0.000771204
89,189,
90,189,0.0005152747
91,189,0.00069561694
92,189,
93,189,0.00034809858
94,189,0.00027308892
95,189,0.0010579051
96,189,0.00076768734
97,189,0.00035560876
98,189,0.00047815684
99,189,
100,189,
101,189,0.00051729474
102,189,0.00050759036
103,189,0.00049950555
104,189,0.0005590189
105,189,0.0009600399
106,189,0.00031358935
107,189,0.00094372407
108,189,0.00037570018
109,189,0.0007514339
110,189,0.0005662441
111,189,0.0006059874
112,189,0.0009753769
113,189,0.0002613701
114,189,0.00084895454
115,189,0.0008321544
116,189,0.0010939296
117,189,0.00091257226
118,189,0.0011233464
119,189,0.0005650185
120,189,0.0005888017
121,189,0.0006873151
122,189,0.00035901368
123,189,0.00062452815
124,189,0.00053520035
125,189,0.0004571015
126,189,0.00068102963
127,189,0.0007190015
128,189,0.00023967959
129,189,0.00029621832
130,189,0.0008599097
131,189,
132,189,
133,189,
134,189,
135,189,
136,189,
137,189,
138,189,
139,189,
140,189,
141,189,
142,189,
143,189,
144,189,
145,189,
146,189,
147,189,
148,189,
149,189,
150,189,
151,189,
152,189,
153,189,
154,189,
155,189,
156,189,
157,189,
158,189,
159,189,
160,189,
161,189,0.00031530485
162,189,0.00047988072
163,189,0.00046907924
164,189,
165,189,
166,189,
167,189,
168,189,
169,189,
170,189,
171,189,0.0006120112
172,189,
173,189,0.00081270374
174,189,0.0006050812
175,189,0.0012530629
176,189,0.0006637797
177,189,0.0005714549
178,189,0.0004424285
179,189,0.00046119094
180,189,0.0012693983
181,189,0.00061179325
182,189,0.00052146055
183,189,0.001130633
184,189,0.0008893423
185,189,0.0007219892
186,189,0.0010204036
187,189,0.00034844317
188,189,0.00062804203
189,189,0.0013248865
190,189,0.00049401354
191,189,0.001042963
192,189,0.00065815076
193,189,0.00095630717
194,189,0.0003277203
195,189,0.00089592487
196,189,0.0013830634
197,189,0.0004151538
198,189,0.00078016333
199,189,
200,189,0.00055011176
201,189,
202,189,
203,189,
204,189,
205,189,
206,189,0.0008584969
207,189,0.0008258503
208,189,0.0006561568
209,189,
210,189,0.0005975766
211,189,0.0002181232
212,189,0.00025939848
213,189,0.00028898194
214,189,0.00084430445
215,189,0.0005976986
216,189,0.00036634598
217,189,-0.00024432782
218,189,0.00077612605
219,189,0.0010251952
220,189,0.00066339225
221,189,0.0008413298
222,189,0.00066705886
223,189,0.00011096988
224,189,0.0005094325
225,189,0.00090167206
226,189,0.00038174726
227,189,0.00054894015
228,189,0.00037486665
229,189,0.0005095415
230,189,0.0004406292
231,189,0.00025337096
232,189,
233,189,0.00040625688
234,189,0.0007195184
235,189,0.00042051263
236,189,0.00051327236
237,189,0.0004842747
238,189,0.00034608133
239,189,0.00048277155
240,189,0.0004634289
241,189,0.00029313564
242,189,0.00065330043
243,189,0.0007592691
244,189,0.0010485118
245,189,0.000795058
246,189,0.0007667672
247,189,0.00064156763
248,189,0.0004915558
249,189,0.00032494403
250,189,0.00038382132
251,189,-1.5212223e-05
252,189,0.0004535988
253,189,0.00045232847
254,189,0.0007993467
255,189,0.0005284874
256,189,0.00071062334
257,189,0.0006185947
258,189,0.00036033522
259,189,0.00042583048
260,189,0.00079294574
261,189,0.00078399014
262,189,0.00055995956
263,189,0.00021109544
264,189,0.00027286354
265,189,0.00028024614
266,189,0.0008255355
267,189,0.0006233454
268,189,0.00018023141
269,189,0.00046283845
270,189,0.00057321414
271,189,0.0005712062
272,189,0.0006247796
273,189,0.00060114823
274,189,0.0008728793
275,189,0.00046107452
276,189,0.0012102341
277,189,0.0007588584
278,189,0.000293429
279,189,
280,189,
281,189,0.0005815476
282,189,0.000311872
283,189,0.0005718246
284,189,0.00024150498
285,189,0.00039954856
286,189,0.0005415883
287,189,0.00065442454
288,189,0.0006601559
289,189,0.0010021962
290,189,0.0006592516
291,189,0.00063254405
292,189,0.0010574311
293,189,0.0006402433
294,189,0.00015862659
295,189,0.00036185328
296,189,0.0011200365
297,189,0.00064503774
298,189,0.0003884025
299,189,0.0009569274
300,189,-0.00033480488
301,189,0.0005804114
302,189,0.00068881083
303,189,0.0001653079
304,189,0.0002719313
305,189,0.00038089603
306,189,-0.0001514433
307,189,0.00025657564
308,189,0.00055729784
309,189,0.0008582715
310,189,0.0003131954
311,189,0.0011809738
312,189,0.0006197849
313,189,0.00036719348
314,189,0.00091565587
315,189,0.0010078736
316,189,0.00021873042
317,189,0.00067535415
318,189,0.0007425882
319,189,0.0005453471
320,189,0.0006163167
321,189,0.00053013023
322,189,0.0004587518
323,189,0.0007338859
324,189,0.00035694055
325,189,0.00040677097
326,189,0.00047770422
327,189,0.0007084105
328,189,0.0006079953
329,189,0.0007165959
330,189,0.0010931818
331,189,0.00062420126
332,189,0.00068535656
333,189,0.00060829706
334,189,0.0007961448
335,189,0.0005863337
336,189,0.0007070843
337,189,0.00034956727
338,189,0.00067403633
339,189,0.0003687758
340,189,0.0009262962
341,189,0.00013676193
342,189,0.00041931123
343,189,0.00026896223
344,189,0.0005866587
345,189,
346,189,
347,189,
348,189,
349,189,
350,189,
351,189,
352,189,
353,189,
354,189,
355,189,
356,189,
357,189,0.0005830657
358,189,0.00070449244
359,189,0.00038134214
360,189,0.00071511045
361,189,0.0006105993
362,189,0.0008610403
363,189,0.0009309063
364,189,0.00069836434
365,189,0.0005410081
366,189,0.0006460883
367,189,0.00060664397
368,189,0.00019547157
369,189,0.00024051778
370,189,0.0003636945
371,189,0.0007672012
372,189,0.0006965343
373,189,0.0005752016
374,189,0.00019778684
375,189,0.0002209032
376,189,-0.00021284726
377,189,0.00056047365
378,189,0.00013428275
379,189,-0.00024503935
380,189,0.00035000034
381,189,8.6186454e-05
382,189,0.0006457642
383,189,-9.190291e-06
384,189,0.0002755858
385,189,0.001049595
386,189,0.0005359296
387,189,0.0006184019
388,189,0.0009381678
389,189,0.00041731168
390,189,0.00010645017
391,189,0.00021794438
392,189,0.0001691645
393,189,0.00034383032
394,189,0.0005721636
395,189,0.00056075584
396,189,0.00088377297
397,189,0.00041158684
398,189,0.00044519454
399,189,0.00032196287
400,189,0.0008113766
401,189,0.00047852378
402,189,0.0006215796
403,189,0.00011208467
404,189,0.00041005854
405,189,0.0008830698
406,189,0.00083119515
407,189,0.00058420934
408,189,0.0004421454
409,189,0.00057345163
410,189,0.0006803153
411,189,0.0006471621
412,189,0.0003114529
413,189,0.00053445157
414,189,0.00036479346
415,189,0.0004436383
416,189,0.0010187486
417,189,0.0007677581
418,189,0.00024163909
419,189,0.0001283139
420,189,0.0007175449
421,189,8.95001e-06
422,189,0.00064957514
423,189,0.00065975636
424,189,0.00064632297
425,189,0.0008311607
426,189,0.000117720105
427,189,0.0009924918
428,189,0.00062759034
429,189,0.0004490167
430,189,0.0007285597
431,189,0.00095700845
432,189,0.0006819386
433,189,0.00044930167
434,189,0.0005912632
435,189,0.00067922287
436,189,0.00075228605
437,189,0.0010391828
438,189,0.0002866201
439,189,0.00050805043
440,189,0.00025628693
441,189,0.00032808539
442,189,0.0007959036
443,189,0.0007408494
444,189,0.00079008564
445,189,0.00026268605
446,189,0.0009990782
447,189,0.00090710353
448,189,0.00081857666
449,189,0.000460268
450,189,0.00012268405
451,189,0.0007875459
452,189,0.00064114854
453,189,0.00066153146
454,189,-0.00035086367
455,189,0.00067158975
456,189,0.000676889
457,189,2.2118911e-05
458,189,0.00066297874
459,189,0.00013967603
460,189,0.00073780864
461,189,5.8238395e-05
462,189,0.0009297356
463,189,0.0010971371
464,189,0.0009761667
465,189,0.000665742
466,189,0.00039521046
467,189,0.00040919613
468,189,0.0008611204
469,189,0.0003906116
470,189,0.00046734326
471,189,0.00085773505
472,189,0.00094066095
473,189,0.0005579563
474,189,5.653873e-05
475,189,0.000991215
476,189,0.000706465
477,189,0.0008943137
478,189,0.00088945776
479,189,0.00085181557
480,189,0.0006928602
481,189,0.0005508913
482,189,0.00064005144
483,189,0.00051059015
484,189,0.000750958
485,189,0.00079406425
486,189,0.00055485405
487,189,0.0012189196
488,189,0.00088005327
489,189,0.00021672156
490,189,0.00074557774
491,189,0.0012800833
492,189,0.0008797543
493,189,0.0008280538
494,189,0.0005749352
0,190,0.00032482762
1,190,0.0008429978
2,190,0.0005003344
3,190,0.0002910802
4,190,0.00071537495
5,190,0.00013195258
6,190,3.887713e-05
7,190,0.00030950457
8,190,0.00089357886
9,190,0.0005525211
10,190,0.00040966924
11,190,-2.1168962e-06
12,190,0.0006431937
13,190,0.0005929684
14,190,0.00020885747
15,190,0.0004405044
16,190,0.0008765198
17,190,0.00077843294
18,190,0.0006715078
19,190,0.0006955173
20,190,0.0007748315
21,190,0.0004064925
22,190,0.00034388062
23,190,0.00015780143
24,190,0.0005532652
25,190,0.00029674917
26,190,0.0009994395
27,190,0.0009419657
28,190,0.00023225881
29,190,0.0011813352
30,190,0.0005794689
31,190,0.0010477845
32,190,0.00012224354
33,190,0.00046332553
34,190,0.00063318573
35,190,0.00034743175
36,190,0.00048422348
37,190,0.00047304295
38,190,0.00084587187
39,190,0.00054301135
40,190,0.0004418306
41,190,
42,190,
43,190,
44,190,
45,190,0.0005609421
46,190,7.447973e-05
47,190,0.0013745707
48,190,0.00038567744
49,190,0.00066687353
50,190,0.00023957714
51,190,0.0005565649
52,190,0.0007045977
53,190,0.00022761896
54,190,0.0005696425
55,190,0.00022984762
56,190,0.00049698725
57,190,5.066488e-05
58,190,0.0008212179
59,190,0.0008589793
60,190,0.00035503134
61,190,0.0005996041
62,190,0.00086955447
63,190,0.00018916652
64,190,-0.00019506272
65,190,0.000100173056
66,190,0.000587631
67,190,9.975396e-05
68,190,0.00024824962
69,190,0.0003364021
70,190,0.00042612106
71,190,0.0003643036
72,190,0.00051265303
73,190,0.00076221116
74,190,6.304402e-05
75,190,0.00074903946
76,190,5.1815063e-05
77,190,0.00027712155
78,190,0.00019983202
79,190,0.00039454736
80,190,0.000730603
81,190,
82,190,0.00043104123
83,190,0.0006212536
84,190,0.0008014133
85,190,0.00047226716
86,190,0.0007859245
87,190,
88,190,
89,190,
90,190,
91,190,0.0007983623
92,190,0.00045443233
93,190,
94,190,0.0005771946
95,190,
96,190,0.00068359636
97,190,0.0005036928
98,190,
99,190,
100,190,6.565265e-05
101,190,0.00069731846
102,190,0.00051234197
103,190,0.00045237876
104,190,0.0005396195
105,190,0.0005251905
106,190,0.0004944373
107,190,0.0004891623
108,190,0.00028931163
109,190,
110,190,0.0004758099
111,190,0.0011087079
112,190,0.0005290862
113,190,0.000333515
114,190,0.00060613453
115,190,0.00045142137
116,190,0.0009140521
117,190,0.00087267533
118,190,0.0008192919
119,190,0.00094607845
120,190,0.00071519613
121,190,0.00072867144
122,190,0.00074889604
123,190,0.00030038506
124,190,0.00055750366
125,190,0.00075908843
126,190,0.0006072484
127,190,0.00039066374
128,190,0.0005856864
129,190,0.00028732605
130,190,0.00030514412
131,190,0.0010239286
132,190,
133,190,
134,190,
135,190,
136,190,
137,190,
138,190,
139,190,
140,190,
141,190,
142,190,
143,190,
144,190,
145,190,
146,190,
147,190,
148,190,
149,190,
150,190,
151,190,
152,190,
153,190,
154,190,
155,190,
156,190,
157,190,
158,190,
159,190,
160,190,
161,190,0.00082678534
162,190,0.0009596478
163,190,
164,190,
165,190,
166,190,
167,190,
168,190,
169,190,
170,190,
171,190,0.00038718153
172,190,
173,190,0.00052270666
174,190,0.00092848483
175,190,0.0005919598
176,190,0.0009170938
177,190,0.00024563354
178,190,0.00083884783
179,190,0.0010028714
180,190,0.000685757
181,190,0.00055358
182,190,0.00058303773
183,190,0.00076563563
184,190,0.0011107344
185,190,0.00062412024
186,190,0.0007947609
187,190,0.0007842677
188,190,0.0010089893
189,190,0.0007625213
190,190,0.00035700388
191,190,0.000739879
192,190,0.0006355643
193,190,0.0011494104
194,190,0.00072087534
195,190,0.00057851616
196,190,0.0009116288
197,190,0.0007023616
198,190,0.0010826308
199,190,
200,190,
201,190,
202,190,
203,190,0.0006115753
204,190,
205,190,0.00068154465
206,190,0.00048281625
207,190,0.0010549584
208,190,
209,190,0.00049337
210,190,0.0009632353
211,190,0.00065138657
212,190,0.00020191912
213,190,0.0005408935
214,190,0.00035671704
215,190,0.00069427676
216,190,0.00070129335
217,190,0.000557174
218,190,0.00091427844
219,190,0.0006267857
220,190,0.00056505855
221,190,0.00055173505
222,190,0.0005059475
223,190,0.00073324423
224,190,0.00079111103
225,190,0.000629955
226,190,0.00062624365
227,190,0.00045765843
228,190,0.0006214082
229,190,0.0005511902
230,190,0.00054858904
231,190,0.00083962455
232,190,
233,190,
234,190,
235,190,0.0004575625
236,190,0.00079054385
237,190,0.00074293464
238,190,0.00017142575
239,190,0.0003803922
240,190,0.0004501203
241,190,0.00031041633
242,190,0.00078550633
243,190,0.0005259225
244,190,0.00070362166
245,190,0.00062823296
246,190,0.0005413266
247,190,0.00044869538
248,190,0.00097527914
249,190,0.0002187416
250,190,0.0004919395
251,190,0.0005447911
252,190,0.00061488524
253,190,0.00070276484
254,190,0.00033489242
255,190,0.00075575523
256,190,0.00036720652
257,190,0.00049385056
258,190,0.0005853679
259,190,0.00090826675
260,190,0.00045206398
261,190,0.00061116274
262,190,0.00056066085
263,190,0.0007747412
264,190,0.0006320439
265,190,0.0004745815
266,190,0.0008816691
267,190,0.00029488
268,190,0.00044685416
269,190,0.00044621713
270,190,0.00023049209
271,190,0.0003430117
272,190,0.0010997588
273,190,0.00062378496
274,190,0.0008729277
275,190,
276,190,-0.00018909667
277,190,0.0005670786
278,190,0.00029623695
279,190,0.0010778792
280,190,0.00054802373
281,190,
282,190,8.2160346e-05
283,190,0.00043822918
284,190,0.0009205807
285,190,0.0004387768
286,190,0.00068301335
287,190,0.00033946708
288,190,0.0004445361
289,190,0.00038380641
290,190,0.00021459721
291,190,-0.000112467445
292,190,0.0003866749
293,190,0.00081097335
294,190,-8.0794096e-05
295,190,0.000590059
296,190,0.0002013985
297,190,0.0007269364
298,190,0.0007610712
299,190,0.00042143837
300,190,0.00024507754
301,190,0.00041363575
302,190,0.00067610946
303,190,0.0009427462
304,190,0.00044254865
305,190,0.00045454968
306,190,0.00023600832
307,190,0.0005642725
308,190,0.0005456265
309,190,0.0005772114
310,190,0.00067737605
311,190,0.00065058284
312,190,
313,190,0.00059609395
314,190,0.00031993538
315,190,0.00016791094
316,190,0.0006825859
317,190,0.00051347446
318,190,0.0010990268
319,190,0.00073040556
320,190,0.00035109837
321,190,0.0008112006
322,190,0.00056554563
323,190,0.00083764456
324,190,0.0005219383
325,190,0.00067013316
326,190,0.00067038555
327,190,0.0011744173
328,190,0.00057407
329,190,0.00057224557
330,190,0.00063603185
331,190,0.0005032327
332,190,0.0004833676
333,190,0.0003548516
334,190,0.00038381293
335,190,0.00053931493
336,190,0.00043018628
337,190,0.0002862038
338,190,0.0004910249
339,190,0.000457393
340,190,0.0006597042
341,190,0.00027305447
342,190,-1.0596588e-05
343,190,0.0009073494
344,190,0.00028887764
345,190,
346,190,
347,190,
348,190,
349,190,
350,190,
351,190,
352,190,
353,190,
354,190,
355,190,
356,190,
357,190,
358,190,0.00023981836
359,190,0.00033717044
360,190,0.00048330612
361,190,0.00052699354
362,190,-7.731933e-05
363,190,0.0008723028
364,190,0.0010223025
365,190,0.0005667992
366,190,0.00034770463
367,190,0.00058256835
368,190,0.00074244756
369,190,0.00087404903
370,190,0.0004028296
371,190,0.00020398479
372,190,0.00082718395
373,190,0.00048183557
374,190,5.134847e-05
375,190,0.0005377149
376,190,0.00036649872
377,190,0.0009234352
378,190,0.00035048462
379,190,0.00036219135
380,190,0.00043003913
381,190,0.0007318286
382,190,0.0007140348
383,190,0.0007497305
384,190,-0.0007202001
385,190,0.0005113501
386,190,0.0007904526
387,190,0.0009976281
388,190,0.0006547868
389,190,0.00056142546
390,190,0.0007021781
391,190,0.00045979023
392,190,0.00082647894
393,190,0.0004320601
394,190,0.00028675888
395,190,0.0004503429
396,190,-9.517372e-05
397,190,0.00054735504
398,190,0.0008328995
399,190,0.0007394152
400,190,0.00043478236
401,190,0.00037438422
402,190,0.00071439054
403,190,0.0004840633
404,190,0.000559791
405,190,5.6205317e-06
406,190,-6.219372e-06
407,190,0.000437689
408,190,0.0007026922
409,190,0.0005320916
410,190,0.00079494435
411,190,6.812159e-05
412,190,0.00040652696
413,190,0.0011945739
414,190,0.00049563777
415,190,0.0005787052
416,190,0.0006612614
417,190,0.0005682232
418,190,0.00047887117
419,190,0.00016586203
420,190,0.0008847201
421,190,0.0005304124
422,190,0.00036684796
423,190,0.00015049241
424,190,0.0002736356
425,190,0.0007873615
426,190,0.0005272515
427,190,0.0008488009
428,190,0.00028791837
429,190,0.00070477556
430,190,0.00052797515
431,190,0.00070166215
432,190,0.0003674822
433,190,-0.000282499
434,190,0.0005538557
435,190,0.0010754587
436,190,0.00054149795
437,190,0.0009053685
438,190,0.000584838
439,190,0.00060101505
440,190,0.0004548803
441,190,0.00044722855
442,190,0.00027404726
443,190,0.000621967
444,190,0.0007798495
445,190,0.00039692316
446,190,0.00018730294
447,190,0.00066923536
448,190,0.0006483942
449,190,0.000695331
450,190,0.0010302737
451,190,0.00038196892
452,190,0.0010362361
453,190,0.00068300776
454,190,0.0007763002
455,190,0.0004763892
456,190,-0.00010624435
457,190,0.00096974336
458,190,0.0003378084
459,190,9.897351e-05
460,190,0.00070298463
461,190,0.00072817784
462,190,0.00067997444
463,190,0.00088587496
464,190,0.0007147966
465,190,0.0009238804
466,190,0.00067136064
467,190,0.0008829823
468,190,0.0002734596
469,190,0.00012338534
470,190,0.00058039837
471,190,0.0011696434
472,190,0.0008086562
473,190,0.0008546971
474,190,0.00090198405
475,190,0.00081870053
476,190,0.0007720096
477,190,0.00036854576
478,190,0.0005168766
479,190,0.00032048952
480,190,3.6284328e-06
481,190,0.00051924586
482,190,0.0007209508
483,190,0.00089450367
484,190,0.0006485237
485,190,4.1248277e-06
486,190,0.0015191045
487,190,0.0007009264
488,190,0.00047540665
489,190,0.0007686326
490,190,0.00088984426
491,190,0.0007864777
492,190,0.0007336354
493,190,0.000111354515
494,190,0.0002739951
0,191,0.0005792156
1,191,0.0004962906
2,191,0.00033530034
3,191,0.00054576155
4,191,0.0006857347
5,191,0.0007635262
6,191,0.00074296165
7,191,0.0003306996
8,191,0.00021998212
9,191,0.00034160446
10,191,1.7204322e-05
11,191,0.00058698934
12,191,0.00062944833
13,191,0.00030013826
14,191,0.00047387928
15,191,0.00048366562
16,191,0.00094059017
17,191,0.00050213933
18,191,0.0006201463
19,191,0.0008611521
20,191,0.000705109
21,191,0.00054530054
22,191,0.00063272566
23,191,0.00041946396
24,191,0.00020788424
25,191,0.00016171858
26,191,0.0008005146
27,191,0.00015082769
28,191,0.00048081018
29,191,0.00039932597
30,191,0.0009525884
31,191,0.0008018948
32,191,0.00059452
33,191,0.00037166942
34,191,0.0004652012
35,191,0.00027339067
36,191,0.00073063653
37,191,0.00037210807
38,191,0.0005748784
39,191,0.000620747
40,191,0.00062587485
41,191,
42,191,
43,191,0.0010095853
44,191,0.0010416247
45,191,0.000712676
46,191,0.00014970358
47,191,0.00075301155
48,191,0.00046134368
49,191,-0.00020785537
50,191,0.00056903623
51,191,0.00036654994
52,191,0.00039562024
53,191,0.00036312733
54,191,0.0005537076
55,191,0.000411883
56,191,2.9186718e-05
57,191,0.00039584748
58,191,0.00024682656
59,191,0.0002710158
60,191,0.00070710294
61,191,0.00029223505
62,191,0.00018159859
63,191,8.771662e-05
64,191,0.00094099715
65,191,0.00023636874
66,191,0.00041501317
67,191,0.00024948735
68,191,0.00044974498
69,191,0.0005869474
70,191,0.0006302614
71,191,0.0006467346
72,191,0.00042883586
73,191,0.00069157686
74,191,0.0005992772
75,191,0.0004448751
76,191,0.0009662667
77,191,0.0008508656
78,191,0.0003434494
79,191,-0.00043893512
80,191,0.00012133457
81,191,
82,191,0.0008837739
83,191,0.0010028165
84,191,0.0006348584
85,191,0.00078789424
86,191,0.0003327299
87,191,0.0002697548
88,191,
89,191,
90,191,0.0005428996
91,191,0.0009548124
92,191,0.00032597966
93,191,0.00079260767
94,191,0.00077008177
95,191,0.0004467452
96,191,0.0006311927
97,191,0.0006184019
98,191,0.00081826374
99,191,
100,191,0.00072469003
101,191,0.0008310545
102,191,0.00046309642
103,191,0.0005679112
104,191,0.0003733905
105,191,0.0004944224
106,191,0.0009776652
107,191,0.0007206686
108,191,
109,191,0.00034408644
110,191,0.00062540174
111,191,0.00052813906
112,191,0.0009995326
113,191,0.0006326707
114,191,0.0003433954
115,191,0.00090363715
116,191,0.00071098283
117,191,0.0006783642
118,191,0.00071057305
119,191,0.0007800348
120,191,0.00050008204
121,191,0.0006630961
122,191,0.00071525574
123,191,0.0009643398
124,191,0.0005306434
125,191,0.00032897666
126,191,0.0010525938
127,191,0.0006707022
128,191,0.00033130497
129,191,0.00037522987
130,191,0.00042601582
131,191,0.00041334797
132,191,
133,191,
134,191,
135,191,
136,191,
137,191,
138,191,
139,191,
140,191,
141,191,
142,191,
143,191,
144,191,
145,191,
146,191,
147,191,0.0004572114
148,191,
149,191,
150,191,
151,191,
152,191,
153,191,
154,191,
155,191,
156,191,
157,191,
158,191,
159,191,
160,191,
161,191,0.0009883186
162,191,
163,191,0.00043085963
164,191,
165,191,
166,191,
167,191,
168,191,
169,191,
170,191,0.00031624082
171,191,0.00083563756
172,191,0.000432563
173,191,0.0003605103
174,191,0.00077791605
175,191,0.00021783356
176,191,0.00082591455
177,191,0.0010520704
178,191,0.0010910155
179,191,0.0011188705
180,191,0.0006979024
181,191,0.0007210057
182,191,0.00035842042
183,191,0.0007918887
184,191,0.0009695813
185,191,0.0003590118
186,191,0.0010324772
187,191,0.00030133873
188,191,0.00065564364
189,191,0.00069080386
190,191,0.0007842723
191,191,0.0010240553
192,191,0.0008523669
193,191,0.00023769587
194,191,0.0006734347
195,191,0.00091284607
196,191,0.0010109898
197,191,0.0006542979
198,191,
199,191,0.000973206
200,191,0.0012873374
201,191,
202,191,
203,191,
204,191,0.0011016373
205,191,0.00027489755
206,191,0.000850155
207,191,0.0004748078
208,191,0.00018510781
209,191,0.00051261764
210,191,0.0012574634
211,191,0.0007325392
212,191,0.0008000536
213,191,2.3869798e-05
214,191,0.0009688204
215,191,0.0008757068
216,191,-0.00015061814
217,191,-0.000114298426
218,191,0.0005859006
219,191,0.00033910293
220,191,0.0010069571
221,191,0.0005741678
222,191,0.000602589
223,191,0.0008996194
224,191,0.00026928633
225,191,0.00042131823
226,191,0.00049737096
227,191,0.00032399595
228,191,0.00034386106
229,191,0.00083869044
230,191,0.000526648
231,191,0.00033331104
232,191,0.0008801725
233,191,
234,191,
235,191,0.0005397517
236,191,1.6091391e-05
237,191,0.0005007861
238,191,0.0009527253
239,191,0.00032560807
240,191,0.00071146153
241,191,0.0005190335
242,191,0.0011238251
243,191,0.0006300779
244,191,0.00055149104
245,191,0.00049322005
246,191,0.00039733015
247,191,0.0010357462
248,191,0.0006464459
249,191,0.00051092915
250,191,0.0006585773
251,191,0.00047810003
252,191,0.0006509507
253,191,0.00036919676
254,191,0.00059488975
255,191,0.0011074422
256,191,0.000658853
257,191,0.0005118614
258,191,0.00033433922
259,191,0.00055870507
260,191,0.0003657695
261,191,0.0005681887
262,191,0.00046158396
263,191,0.0003351681
264,191,0.0002908567
265,191,0.0003251033
266,191,0.0005269898
267,191,0.00038315915
268,191,3.0699186e-05
269,191,0.0003654752
270,191,0.00017387513
271,191,0.00043317024
272,191,0.0010113493
273,191,0.000119706616
274,191,0.00080251787
275,191,0.0003479859
276,191,1.3941899e-05
277,191,0.0007332759
278,191,0.00081100967
279,191,0.0005048588
280,191,0.00052272715
281,191,0.0003005024
282,191,0.00023506396
283,191,0.0011512814
284,191,0.00061054993
285,191,0.0004910836
286,191,0.00033554155
287,191,0.00047551747
288,191,0.0008060178
289,191,0.0010648342
290,191,0.0005937042
291,191,0.00010352861
292,191,0.0004747389
293,191,4.0121377e-05
294,191,0.0004934231
295,191,0.0006190147
296,191,0.00027040578
297,191,0.0003819894
298,191,0.0005720863
299,191,0.0008228542
300,191,0.00053947326
301,191,0.00022939965
302,191,0.00017290656
303,191,0.00020493753
304,191,0.00035553146
305,191,0.0013623927
306,191,0.00057120435
307,191,0.0007219175
308,191,0.00031922013
309,191,0.00028974842
310,191,0.00068233255
311,191,0.00090540387
312,191,0.0007101493
313,191,
314,191,0.0003575245
315,191,0.00076931715
316,191,0.0007823752
317,191,0.00066012796
318,191,0.00062998664
319,191,0.00039651804
320,191,0.0005164631
321,191,0.00066489447
322,191,0.00088166725
323,191,0.00093359407
324,191,0.00062994845
325,191,0.00072587654
326,191,0.0004099831
327,191,0.00016845483
328,191,0.0008471282
329,191,0.00056395866
330,191,0.00067457557
331,191,0.00081198383
332,191,0.000269806
333,191,0.0008437708
334,191,0.0004413454
335,191,0.0006405432
336,191,0.0005876254
337,191,0.0006358074
338,191,0.0002974961
339,191,0.0011422262
340,191,0.0009035617
341,191,0.00057016406
342,191,0.00037995912
343,191,0.0005625775
344,191,0.00062905625
345,191,0.00030267984
346,191,
347,191,
348,191,
349,191,
350,191,
351,191,
352,191,
353,191,
354,191,
355,191,
356,191,
357,191,
358,191,
359,191,0.00038495753
360,191,0.0009268597
361,191,0.00071894284
362,191,0.0008380441
363,191,0.0005598217
364,191,0.00075007696
365,191,0.0009518415
366,191,0.00023583323
367,191,0.00018398836
368,191,0.0001953654
369,191,0.000535341
370,191,0.00089342333
371,191,-2.4410896e-05
372,191,0.0008371705
373,191,0.0009866357
374,191,0.00059477426
375,191,0.00015153456
376,191,0.00034284312
377,191,-0.00018534344
378,191,0.00088213943
379,191,0.00069212355
380,191,0.00044227298
381,191,7.60369e-05
382,191,0.0004367428
383,191,0.00029629562
384,191,0.0004580021
385,191,-2.923049e-05
386,191,-1.2908131e-06
387,191,0.00037414953
388,191,0.00043075718
389,191,0.00074020773
390,191,3.85195e-05
391,191,0.00059127156
392,191,0.0006589815
393,191,-0.00032974407
394,191,0.00049591064
395,191,0.00066005904
396,191,0.0005868804
397,191,0.000493845
398,191,0.00079859886
399,191,0.00049885735
400,191,0.00039963797
401,191,0.0009266287
402,191,0.00048211683
403,191,0.0007319832
404,191,0.0007168269
405,191,0.00072790403
406,191,0.00044462085
407,191,0.0006540036
408,191,0.0005697813
409,191,0.00059373677
410,191,0.0008400697
411,191,0.00062820874
412,191,0.00063502975
413,191,0.0003356915
414,191,0.0007318463
415,191,0.00088042393
416,191,0.0004774388
417,191,0.000685066
418,191,0.00043265894
419,191,0.0006806934
420,191,0.0010089539
421,191,0.0007535247
422,191,0.00027540606
423,191,0.00040493812
424,191,0.0010463707
425,191,0.0005407352
426,191,0.0007726345
427,191,0.00057001226
428,191,0.00039905962
429,191,0.00062708743
430,191,0.00052076764
431,191,0.00058947504
432,191,0.00038034748
433,191,0.0006611403
434,191,0.0011736229
435,191,0.000616204
436,191,0.00063171797
437,191,0.001034027
438,191,0.00031901803
439,191,0.0004766034
440,191,0.00059288926
441,191,0.0007011704
442,191,0.00094451103
443,191,0.00091017503
444,191,0.00042160973
445,191,0.00061473995
446,191,0.00058126915
447,191,0.0009957468
448,191,0.00079010706
449,191,0.00066251773
450,191,0.0006082561
451,191,0.00086714234
452,191,0.0008875616
453,191,0.0006085336
454,191,0.0009899437
455,191,0.0005920753
456,191,0.0003505107
457,191,0.00043407734
458,191,0.0001850035
459,191,0.00064700656
460,191,0.0006015459
461,191,0.0005351249
462,191,0.00046254788
463,191,0.0006722966
464,191,0.0010079686
465,191,0.0009421343
466,191,0.00075235683
467,191,0.00053211674
468,191,
469,191,0.0008569043
470,191,0.0007862095
471,191,0.00051049795
472,191,0.0007066028
473,191,0.00087666605
474,191,0.001071644
475,191,0.0011349637
476,191,0.0002780864
477,191,0.00099215
478,191,0.00013030134
479,191,0.001043207
480,191,0.00041648652
481,191,0.00054666214
482,191,0.0005032262
483,191,-0.00022581313
484,191,0.00017593894
485,191,0.00058192946
486,191,0.0009529516
487,191,0.0007495098
488,191,0.0004439652
489,191,0.0011481484
490,191,0.00040580798
491,191,0.0010573259
492,191,0.00055274926
493,191,7.050019e-05
494,191,0.0010260418
0,192,0.00035421923
1,192,0.0006035855
2,192,0.00071308576
3,192,0.00035060663
4,192,0.00056366157
5,192,0.0003965227
6,192,0.00044609047
7,192,0.00045556296
8,192,0.0005433187
9,192,0.00030312687
10,192,0.0004924396
11,192,0.00045092124
12,192,0.00037569087
13,192,0.0006693322
14,192,0.0006619971
15,192,0.00043186452
16,192,0.0004640799
17,192,0.0007267194
18,192,0.00048987754
19,192,0.0004505003
20,192,0.00033864193
21,192,0.0007938128
22,192,0.00032355357
23,192,0.0009906711
24,192,0.00042875297
25,192,0.00041491725
26,192,0.00043072365
27,192,0.0001485357
28,192,0.00069333985
29,192,0.00041182898
30,192,0.00021729805
31,192,0.00081875175
32,192,0.00030217506
33,192,0.00015448779
34,192,0.00059407856
35,192,0.00055620447
36,192,3.479328e-05
37,192,0.00014180597
38,192,0.0010335427
39,192,0.00035970192
40,192,0.00035275333
41,192,0.00059413724
42,192,0.00053519383
43,192,
44,192,0.00056336354
45,192,0.00017294846
46,192,0.0006139809
47,192,0.00059651956
48,192,0.0004075449
49,192,0.00048143137
50,192,0.000493221
51,192,0.00016388204
52,192,-8.581299e-05
53,192,0.000511433
54,192,0.00033894368
55,192,0.0006072335
56,192,0.00037934817
57,192,6.3864514e-05
58,192,7.397402e-05
59,192,0.0004911022
60,192,0.0006204033
61,192,0.00044306088
62,192,4.910864e-06
63,192,0.00023695361
64,192,0.0004152013
65,192,-6.656628e-05
66,192,0.0004521357
67,192,-9.414274e-05
68,192,0.00042880885
69,192,0.00023857318
70,192,0.00081673265
71,192,0.00036222395
72,192,0.0006576022
73,192,0.00083295256
74,192,0.00012323819
75,192,0.00082416367
76,192,0.0003041448
77,192,0.0006678393
78,192,0.0003703907
79,192,0.0003319513
80,192,0.0008545909
81,192,0.0009535914
82,192,0.00065747555
83,192,0.0008476889
84,192,-9.174831e-05
85,192,0.00025931
86,192,0.0005536638
87,192,0.00076089054
88,192,0.0005655056
89,192,
90,192,
91,192,
92,192,0.00045367423
93,192,0.0009890571
94,192,0.00077205896
95,192,
96,192,
97,192,
98,192,
99,192,0.0004629502
100,192,0.0009702062
101,192,0.0006554751
102,192,0.0004152665
103,192,0.0009940742
104,192,0.00032825675
105,192,0.0007352447
106,192,0.0006514378
107,192,
108,192,
109,192,0.00076155085
110,192,0.00023279991
111,192,0.0009846613
112,192,0.0010554511
113,192,0.00090156216
114,192,0.00061953627
115,192,0.00038598664
116,192,0.00067105703
117,192,0.0007660268
118,192,0.0008007074
119,192,0.0007031951
120,192,0.0007482888
121,192,0.0004518442
122,192,0.00070939586
123,192,0.0007074699
124,192,0.0005010469
125,192,0.0006491486
126,192,0.0006095823
127,192,0.0005998509
128,192,0.0007176222
129,192,0.00047903694
130,192,1.0795891e-05
131,192,0.00078734756
132,192,0.0006448114
133,192,
134,192,
135,192,
136,192,
137,192,
138,192,
139,192,
140,192,
141,192,
142,192,
143,192,
144,192,
145,192,
146,192,
147,192,
148,192,
149,192,
150,192,
151,192,
152,192,
153,192,
154,192,
155,192,
156,192,
157,192,
158,192,
159,192,
160,192,0.00014276803
161,192,0.00058635045
162,192,0.0005464768
163,192,0.0003949944
164,192,
165,192,
166,192,
167,192,
168,192,
169,192,
170,192,0.00071879476
171,192,0.0006466126
172,192,0.00040337536
173,192,0.0012514377
174,192,0.0009305887
175,192,-4.277099e-05
176,192,0.0011791363
177,192,0.00027984753
178,192,0.00020887516
179,192,0.0007029241
180,192,0.00078206323
181,192,0.0008435091
182,192,0.0005972767
183,192,0.0005786903
184,192,0.0005022017
185,192,0.0007402338
186,192,0.00039185118
187,192,0.0005954476
188,192,0.00046453997
189,192,0.00062446855
190,192,0.00026414916
191,192,0.0006305808
192,192,0.00078660157
193,192,-5.031377e-05
194,192,0.0006362926
195,192,0.0010217568
196,192,0.0006933976
197,192,0.0008490691
198,192,
199,192,0.000828838
200,192,
201,192,0.00023866724
202,192,0.000533361
203,192,0.00043123774
204,192,0.00062093325
205,192,
206,192,
207,192,0.000549864
208,192,0.0011105556
209,192,0.00096243434
210,192,
211,192,0.00061676
212,192,0.0003736643
213,192,0.00050523505
214,192,0.00091574714
215,192,0.0008081738
216,192,0.0001274664
217,192,0.00063913036
218,192,0.00020159502
219,192,0.0007705642
220,192,0.00012114458
221,192,0.0004985137
222,192,0.00062418357
223,192,-0.00023745559
224,192,0.001119649
225,192,0.000759094
226,192,0.0004746709
227,192,0.0005027279
228,192,0.0004426362
229,192,0.00031454954
230,192,0.0001602862
231,192,0.0004925402
232,192,4.2048283e-05
233,192,0.00096283294
234,192,
235,192,-0.00013918057
236,192,0.00082346145
237,192,0.0008770032
238,192,0.0005960185
239,192,0.00013207085
240,192,0.00033111032
241,192,0.0005959431
242,192,0.0005644867
243,192,0.00057086255
244,192,0.000818301
245,192,0.0012054183
246,192,0.0005229283
247,192,0.0005368469
248,192,0.00036371127
249,192,0.00075291935
250,192,0.00092174206
251,192,0.00045236107
252,192,0.0001408467
253,192,0.0007086992
254,192,0.00042477064
255,192,0.00042624958
256,192,0.0008076988
257,192,0.0004970804
258,192,0.0010741334
259,192,0.0010184795
260,192,0.00065391697
261,192,0.0009043962
262,192,0.00074601267
263,192,0.00079791714
264,192,0.00023380946
265,192,0.0009577647
266,192,0.00087904744
267,192,0.00092911813
268,192,0.0010980759
269,192,0.0004963083
270,192,0.00051576644
271,192,0.0008015223
272,192,0.00027575158
273,192,0.0012121573
274,192,0.000795058
275,192,0.0005803071
276,192,0.0008916594
277,192,-0.00049449876
278,192,0.00060928427
279,192,8.726679e-05
280,192,0.00030956417
281,192,0.0008874694
282,192,0.00057647936
283,192,0.00038420968
284,192,0.0007886989
285,192,0.00084195565
286,192,0.00042582396
287,192,0.0008066129
288,192,0.0011502206
289,192,0.0004928531
290,192,0.00025632605
291,192,0.00081623066
292,192,0.0005100742
293,192,0.00094248727
294,192,0.00036039203
295,192,0.0005640881
296,192,0.00032651238
297,192,0.00019748695
298,192,0.00081533194
299,192,0.001179493
300,192,0.00015679374
301,192,0.00062470883
302,192,0.00019005686
303,192,0.00091196876
304,192,0.00029363576
305,192,0.00054600555
306,192,0.00081454497
307,192,0.00092081074
308,192,0.0005070772
309,192,0.0006453395
310,192,-4.5014545e-05
311,192,0.0005638348
312,192,0.00018841494
313,192,0.00040887203
314,192,
315,192,0.0011538789
316,192,0.0008867057
317,192,0.0007533878
318,192,0.0006345352
319,192,0.00052829646
320,192,0.0005860571
321,192,0.00037972722
322,192,0.00057959184
323,192,0.0009595547
324,192,0.00093582645
325,192,0.000801852
326,192,0.0006186431
327,192,0.00037764478
328,192,0.00046743546
329,192,0.0005639456
330,192,0.0009555109
331,192,0.00052782614
332,192,0.0010194723
333,192,0.0008429913
334,192,0.00097372476
335,192,0.0008337898
336,192,0.00058249664
337,192,0.00020431541
338,192,0.0006062174
339,192,0.00091466866
340,192,0.00011877809
341,192,0.00058451574
342,192,0.00034579355
343,192,0.00058716815
344,192,0.0006652586
345,192,0.00034902245
346,192,
347,192,
348,192,
349,192,
350,192,
351,192,
352,192,
353,192,
354,192,
355,192,
356,192,
357,192,
358,192,
359,192,0.00023200084
360,192,0.00064480864
361,192,0.0005833069
362,192,0.0005199816
363,192,0.0008810442
364,192,0.0002214266
365,192,0.00033414364
366,192,0.00039754063
367,192,0.00056135934
368,192,0.00030644424
369,192,0.0005319249
370,192,0.0008247169
371,192,0.00074268505
372,192,0.0005798498
373,192,0.0006136969
374,192,0.00026603974
375,192,-0.00018785894
376,192,0.0006850697
377,192,0.0005683489
378,192,0.000917227
379,192,-0.00037550274
380,192,0.00024806242
381,192,0.0007661218
382,192,0.00050378684
383,192,0.0010238271
384,192,0.000191194
385,192,0.00016710721
386,192,0.0004959889
387,192,0.00019744039
388,192,0.00074259285
389,192,0.00044405367
390,192,0.0007776497
391,192,0.00023302622
392,192,-0.00032168813
393,192,0.0008904664
394,192,0.00035694335
395,192,0.0005137753
396,192,0.0005031964
397,192,0.0004767906
398,192,0.0012929104
399,192,0.00063738413
400,192,0.0006947182
401,192,0.0008572703
402,192,0.00070239604
403,192,0.0005354341
404,192,0.00035456847
405,192,0.00072654244
406,192,0.00030716415
407,192,0.00080804154
408,192,0.00084262434
409,192,0.00010822434
410,192,0.0007437458
411,192,0.00042666867
412,192,0.0013594497
413,192,0.00044889934
414,192,0.00061089266
415,192,0.00088231824
416,192,0.0003785016
417,192,0.00046242215
418,192,0.0007153582
419,192,0.00084340386
420,192,0.0007856479
421,192,0.00044678338
422,192,0.0006038882
423,192,0.00015213527
424,192,0.000749222
425,192,0.0006310791
426,192,0.0006595319
427,192,0.00053958874
428,192,0.0005588047
429,192,0.0004595751
430,192,0.0008967081
431,192,0.00071879756
432,192,0.0006081853
433,192,0.00057582
434,192,0.00014692266
435,192,0.00045606494
436,192,0.00059556775
437,192,0.0003103735
438,192,0.00063148607
439,192,0.00060538296
440,192,0.0005577048
441,192,0.0009131795
442,192,0.0008680774
443,192,0.000357965
444,192,0.0008243369
445,192,0.001008952
446,192,0.00089562964
447,192,0.0006079292
448,192,0.0005548727
449,192,0.00063870195
450,192,0.00047619175
451,192,0.0004096171
452,192,0.00070800073
453,192,0.000527638
454,192,0.00038801786
455,192,0.0006975094
456,192,0.00073989853
457,192,0.0006113574
458,192,0.0005238578
459,192,0.00089739356
460,192,0.00057191774
461,192,0.0007042065
462,192,0.00047877338
463,192,0.00053913984
464,192,0.001319035
465,192,6.202422e-05
466,192,0.0004322175
467,192,
468,192,0.001107539
469,192,0.00036181975
470,192,0.0014031194
471,192,0.00021303538
472,192,0.00085919444
473,192,0.001065921
474,192,0.0009128051
475,192,0.0009606313
476,192,0.0004812898
477,192,0.0006746147
478,192,0.00043974537
479,192,0.00030439906
480,192,0.0013250113
481,192,0.00012112316
482,192,0.0010412987
483,192,0.0009453334
484,192,0.0008502342
485,192,0.0007035546
486,192,0.0005614944
487,192,0.0006896574
488,192,0.000895598
489,192,0.000960825
490,192,-2.3636967e-06
491,192,0.00065136515
492,192,0.00089842826
493,192,0.00048652757
494,192,0.00045775343
0,193,-0.00025165267
1,193,0.0007253913
2,193,0.0011020834
3,193,0.00062429905
4,193,0.0003588423
5,193,0.00069832243
6,193,0.00043417513
7,193,0.0001785988
8,193,0.000453013
9,193,0.00062928535
10,193,0.0008986024
11,193,0.00023924373
12,193,0.0005687205
13,193,0.00064721797
14,193,0.00050704833
15,193,0.00048227794
16,193,0.00048091076
17,193,0.0005160505
18,193,0.00033567473
19,193,-0.00011100434
20,193,0.00045582838
21,193,0.00049557164
22,193,-0.00013505481
23,193,0.0007155258
24,193,0.00085865054
25,193,0.00024784263
26,193,0.00047900155
27,193,0.00012972858
28,193,0.00044083036
29,193,0.0002567526
30,193,0.00039320718
31,193,0.00022337027
32,193,0.00043878332
33,193,0.00046164542
34,193,0.00013785064
35,193,0.0013959398
36,193,0.00018113106
37,193,0.0006541014
38,193,0.0008469699
39,193,0.00069325883
40,193,0.00033612084
41,193,0.0008725673
42,193,
43,193,0.00072922837
44,193,0.0009390004
45,193,0.00086854585
46,193,0.00085969083
47,193,0.00064795185
48,193,0.0005423352
49,193,0.0007563615
50,193,0.00032695383
51,193,0.0005276669
52,193,0.0007578824
53,193,0.00010694377
54,193,0.00044410303
55,193,0.00073972624
56,193,0.0010007536
57,193,0.00039030518
58,193,0.0009963419
59,193,0.00039833132
60,193,0.00045122206
61,193,0.0003050696
62,193,0.00060723163
63,193,0.0005816594
64,193,0.000739662
65,193,0.0013096957
66,193,0.0008468339
67,193,
68,193,0.00024111662
69,193,0.0006670244
70,193,0.0004987167
71,193,0.0003415225
72,193,0.00026512519
73,193,
74,193,-0.000114178285
75,193,0.00041785464
76,193,0.000433282
77,193,2.7136877e-05
78,193,0.00039093476
79,193,0.00017315336
80,193,0.000917607
81,193,0.00042354222
82,193,0.0007236209
83,193,0.00042786822
84,193,0.00025362056
85,193,0.00027935486
86,193,0.00065627415
87,193,0.00042708497
88,193,0.0008077733
89,193,
90,193,
91,193,
92,193,0.0008360483
93,193,
94,193,0.00031697843
95,193,
96,193,0.0006435439
97,193,
98,193,0.00039096922
99,193,0.00064171664
100,193,0.00041122735
101,193,0.0006538285
102,193,0.00054544397
103,193,0.00074266177
104,193,0.0005019605
105,193,0.000502496
106,193,0.00078569166
107,193,
108,193,
109,193,0.0006307941
110,193,0.0006019594
111,193,0.00082551315
112,193,0.00095298886
113,193,0.0007684799
114,193,0.0007009767
115,193,0.00039525982
116,193,0.00029058103
117,193,0.0009466624
118,193,0.00090347975
119,193,0.00065131113
120,193,0.0008137198
121,193,0.00050840806
122,193,0.00066317245
123,193,0.0008756835
124,193,0.0008871071
125,193,0.0004756488
126,193,0.00081429165
127,193,0.0006656749
128,193,0.0005700104
129,193,7.923879e-05
130,193,0.0007047672
131,193,0.00051513873
132,193,9.2417e-05
133,193,0.0006008465
134,193,
135,193,
136,193,
137,193,
138,193,
139,193,
140,193,
141,193,
142,193,
143,193,
144,193,
145,193,
146,193,
147,193,
148,193,
149,193,
150,193,
151,193,
152,193,
153,193,
154,193,
155,193,
156,193,
157,193,
158,193,
159,193,
160,193,0.0008295318
161,193,0.0006168932
162,193,0.0005119536
163,193,0.0014724648
164,193,
165,193,0.0005891463
166,193,
167,193,
168,193,
169,193,
170,193,0.00047562178
171,193,0.00050981157
172,193,0.00061737746
173,193,0.00066616386
174,193,0.0009849146
175,193,0.0010322761
176,193,0.00037408154
177,193,0.0006096149
178,193,0.00045019668
179,193,5.850289e-05
180,193,0.00081957504
181,193,0.00035936479
182,193,0.00055641495
183,193,0.0005845586
184,193,-6.082654e-05
185,193,0.00056715216
186,193,0.0010425448
187,193,0.0006493721
188,193,9.9644996e-05
189,193,0.0008652108
190,193,0.00032008346
191,193,0.0007416541
192,193,0.00032235216
193,193,0.00048572477
194,193,0.0008091377
195,193,0.0013196552
196,193,0.0007423721
197,193,0.0009769751
198,193,0.0009887014
199,193,
200,193,0.0007331604
201,193,
202,193,0.00047955755
203,193,0.00083112903
204,193,0.00055293366
205,193,0.00054440275
206,193,0.00059887953
207,193,0.00030241814
208,193,0.0007595122
209,193,0.0003566593
210,193,0.0006449083
211,193,0.00022781733
212,193,0.0005300101
213,193,0.00044803508
214,193,0.00024317298
215,193,0.00046464242
216,193,0.00048424583
217,193,0.0009715324
218,193,0.00067665335
219,193,0.00047058798
220,193,0.0009348169
221,193,0.0011068406
222,193,0.0006712349
223,193,0.0009052595
224,193,0.00019813329
225,193,0.00052634627
226,193,0.00091499276
227,193,0.0005613938
228,193,0.0008408511
229,193,0.0008491259
230,193,0.00057947636
231,193,-0.00011881534
232,193,-0.0002007708
233,193,
234,193,
235,193,0.00054001994
236,193,0.0008030273
237,193,0.00026940927
238,193,0.0008938201
239,193,0.0003752606
240,193,0.0007431675
241,193,0.00091131125
242,193,0.0003800569
243,193,0.0005542226
244,193,0.0005114833
245,193,0.0004421547
246,193,0.00034690555
247,193,0.00012348499
248,193,0.00024232082
249,193,0.0007386403
250,193,0.00065667275
251,193,0.0003687404
252,193,0.0004630061
253,193,0.00087151956
254,193,0.00041698106
255,193,0.00067929365
256,193,0.0004525138
257,193,0.0008589113
258,193,0.00024408195
259,193,0.00059746765
260,193,0.0004942892
261,193,0.0006347634
262,193,0.00093293376
263,193,0.0007558344
264,193,0.0005993061
265,193,0.0005222177
266,193,0.0006345315
267,193,0.00043507386
268,193,0.00038150325
269,193,0.00011895131
270,193,0.0009056134
271,193,0.0006041052
272,193,0.0002075797
273,193,0.00036695506
274,193,0.00032948796
275,193,0.0011469852
276,193,0.00093881227
277,193,0.00030746497
278,193,0.00030251034
279,193,0.0002707597
280,193,0.00050678756
281,193,0.00018227845
282,193,0.00027887337
283,193,0.0011653472
284,193,-0.00023223367
285,193,0.0010532252
286,193,0.000810422
287,193,0.00019158237
288,193,0.00041714218
289,193,0.00039934833
290,193,0.0012097731
291,193,0.00050096586
292,193,0.0009972174
293,193,0.00048953574
294,193,-0.00033180602
295,193,0.00053677615
296,193,0.0004723845
297,193,0.0005663829
298,193,0.0007231394
299,193,0.00071555004
300,193,0.00046284404
301,193,0.00074988045
302,193,-3.2288954e-06
303,193,0.00059240963
304,193,0.000119262375
305,193,0.0005050227
306,193,0.00038642902
307,193,0.0010123281
308,193,0.00026941858
309,193,0.00075093657
310,193,0.00015728734
311,193,0.00072703697
312,193,0.00048869476
313,193,0.00039061438
314,193,0.0012025572
315,193,
316,193,
317,193,
318,193,
319,193,
320,193,0.0008179182
321,193,0.00058573205
322,193,0.00051874574
323,193,0.0005704891
324,193,0.00035627838
325,193,0.0009032078
326,193,0.0010773623
327,193,0.0009527663
328,193,0.00077779405
329,193,0.0005792063
330,193,0.00042356085
331,193,0.00062337983
332,193,0.00041951519
333,193,0.00038872287
334,193,0.00065751746
335,193,0.00024025701
336,193,0.00090754125
337,193,0.0005591009
338,193,0.00063736364
339,193,0.0007475987
340,193,0.00011604093
341,193,0.0009285547
342,193,0.001279138
343,193,0.0004736539
344,193,0.000465543
345,193,0.00042654388
346,193,0.0004739808
347,193,
348,193,
349,193,
350,193,
351,193,
352,193,
353,193,
354,193,
355,193,
356,193,
357,193,
358,193,
359,193,
360,193,
361,193,0.000633874
362,193,0.00031945202
363,193,0.0007370375
364,193,0.00071980245
365,193,9.2912465e-05
366,193,0.0011284556
367,193,0.00039789733
368,193,0.0006861072
369,193,0.00092847645
370,193,0.0004727291
371,193,0.00063241273
372,193,0.00018937234
373,193,0.00052166637
374,193,0.0006164769
375,193,0.0001692092
376,193,8.847192e-05
377,193,0.00096495636
378,193,7.8722835e-05
379,193,0.0005202349
380,193,0.00043600332
381,193,2.00402e-05
382,193,0.0007530367
383,193,0.0008382816
384,193,0.00061145984
385,193,0.00094070006
386,193,0.00037935097
387,193,-6.214529e-05
388,193,0.0006614262
389,193,0.0003850069
390,193,0.0002932083
391,193,0.00091191847
392,193,0.00015146472
393,193,0.0006782878
394,193,0.0003156243
395,193,0.0007328596
396,193,0.0010921136
397,193,0.0004609404
398,193,0.0010105604
399,193,0.00067005306
400,193,0.0008822419
401,193,0.0010552062
402,193,0.0006353827
403,193,0.0007683188
404,193,0.0004638089
405,193,0.00053950306
406,193,0.00023329817
407,193,0.00017059036
408,193,0.0007655574
409,193,0.00071449485
410,193,0.00024522003
411,193,0.00029897038
412,193,0.00036320556
413,193,0.0003759768
414,193,8.089095e-05
415,193,3.351178e-05
416,193,0.0005234862
417,193,0.0010020481
418,193,0.00062008295
419,193,0.000744584
420,193,0.00022283383
421,193,0.0002686372
422,193,0.000274444
423,193,0.0004861476
424,193,0.0005884953
425,193,0.00061084516
426,193,3.7059188e-05
427,193,0.0002749944
428,193,0.0005613053
429,193,0.00057776086
430,193,0.00051393453
431,193,0.00048645865
432,193,0.00018787105
433,193,0.0005321093
434,193,0.00053947046
435,193,0.00018752646
436,193,0.00042730756
437,193,0.0004929919
438,193,8.51145e-05
439,193,0.00066855736
440,193,0.00047886744
441,193,0.00017284043
442,193,0.00039754808
443,193,0.00028131064
444,193,0.0009120852
445,193,0.00027779583
446,193,0.00093709864
447,193,0.00040571764
448,193,0.00036383513
449,193,0.00075883605
450,193,0.0012916
451,193,0.00041353516
452,193,0.0011284631
453,193,0.00071765855
454,193,0.0008076625
455,193,0.0007850481
456,193,0.0003817333
457,193,0.00062037166
458,193,0.0010513784
459,193,0.00041730236
460,193,0.0006639585
461,193,0.0004707072
462,193,0.0008893898
463,193,0.00074845087
464,193,0.0009825453
465,193,0.00054579414
466,193,-0.0005914271
467,193,0.0004899679
468,193,0.00052291155
469,193,0.00014481787
470,193,0.00028121658
471,193,0.00020280201
472,193,0.00037692394
473,193,0.00058335904
474,193,0.0006059678
475,193,0.00030763168
476,193,0.0008092886
477,193,0.00037764572
478,193,0.0009106761
479,193,0.00085172243
480,193,0.00051719695
481,193,0.00049619004
482,193,0.0006166138
483,193,0.00031803176
484,193,0.0011169864
485,193,0.0006016316
486,193,0.0010152031
487,193,0.0006448906
488,193,0.0008249646
489,193,0.0007064957
490,193,-0.00011483487
491,193,0.0010874234
492,193,0.00051958393
493,193,6.808899e-05
494,193,0.00092468876
0,194,
1,194,
2,194,
3,194,
4,194,
5,194,
6,194,0.000540724
7,194,0.0011617644
8,194,0.00037450343
9,194,-2.6735477e-05
10,194,0.00024333503
11,194,0.0005107643
12,194,0.00033874437
13,194,0.00076020136
14,194,0.00015924405
15,194,0.00039882958
16,194,0.0002870597
17,194,0.0005024718
18,194,0.0012604352
19,194,0.00073221046
20,194,0.0005694609
21,194,0.00054516643
22,194,0.00084767584
23,194,0.000301118
24,194,-4.1881576e-05
25,194,0.00027311966
26,194,0.0010268716
27,194,0.0006718738
28,194,0.00036113523
29,194,0.0010028714
30,194,0.000500706
31,194,0.00092951674
32,194,0.0006003212
33,194,0.00047739595
34,194,0.00038752425
35,194,0.00026086345
36,194,0.00088320207
37,194,0.0005173413
38,194,0.00021798722
39,194,0.0005630646
40,194,0.00032787584
41,194,0.00050176866
42,194,0.0007640319
43,194,0.0008054115
44,194,0.0005345866
45,194,
46,194,0.0004902724
47,194,0.0004451992
48,194,0.0006416859
49,194,0.00049784593
50,194,7.5336546e-05
51,194,0.0009030765
52,194,0.0005524857
53,194,0.00051134266
54,194,0.0009492533
55,194,0.00088115036
56,194,4.6783127e-05
57,194,0.00045539252
58,194,0.00020400994
59,194,0.00046580378
60,194,0.0010568826
61,194,0.0010241391
62,194,0.0005777655
63,194,0.00014338922
64,194,0.0001852084
65,194,0.0005454384
66,194,0.0002984181
67,194,
68,194,
69,194,0.00078284834
70,194,0.00028070714
71,194,0.00022935309
72,194,
73,194,
74,194,0.00016364548
75,194,0.00044845883
76,194,0.00043499004
77,194,0.00030254573
78,194,0.00075980835
79,194,0.0003646342
80,194,0.00047492608
81,194,0.0008031847
82,194,0.00089661684
83,194,0.00031624548
84,194,0.0006969515
85,194,0.00075655803
86,194,0.0006773509
87,194,0.0010776771
88,194,0.0009886744
89,194,9.774044e-05
90,194,
91,194,0.000615621
92,194,0.00028644037
93,194,0.00058566127
94,194,
95,194,5.1198527e-05
96,194,0.00073123164
97,194,0.00084065367
98,194,0.0004578745
99,194,0.0004123859
100,194,0.0006365683
101,194,0.0006755544
102,194,0.0005184384
103,194,0.00074577983
104,194,0.00072532333
105,194,0.0006619254
106,194,
107,194,
108,194,
109,194,0.0005338071
110,194,0.00053185783
111,194,0.00088078715
112,194,0.0011321222
113,194,0.0008002985
114,194,0.00058073085
115,194,0.00060179364
116,194,0.00054243114
117,194,0.00055575185
118,194,0.000801377
119,194,0.00044682343
120,194,0.00072201435
121,194,0.00067267474
122,194,0.00063056033
123,194,0.00070023816
124,194,0.00080440845
125,194,0.00037869066
126,194,0.0005720379
127,194,0.0006996896
128,194,0.00047534704
129,194,0.00061274506
130,194,0.0006031487
131,194,0.0001437962
132,194,0.00031370576
133,194,
134,194,
135,194,
136,194,
137,194,
138,194,
139,194,
140,194,
141,194,
142,194,
143,194,
144,194,
145,194,
146,194,
147,194,
148,194,
149,194,
150,194,
151,194,
152,194,
153,194,
154,194,
155,194,
156,194,
157,194,
158,194,
159,194,0.00085587986
160,194,0.0010018898
161,194,0.0006095972
162,194,0.00065020006
163,194,0.0007441342
164,194,0.0007878756
165,194,0.0006037047
166,194,0.00066677853
167,194,
168,194,0.00026998296
169,194,0.00062769745
170,194,0.000908223
171,194,0.0009236904
172,194,0.00050831586
173,194,0.00044801738
174,194,0.0002925601
175,194,0.0010291236
176,194,0.0011215964
177,194,0.0002920702
178,194,0.0008613439
179,194,0.00033082068
180,194,0.00062485225
181,194,0.00037969463
182,194,0.000504802
183,194,0.0010991162
184,194,0.00025419146
185,194,0.00051243324
186,194,0.00081440154
187,194,0.00013792887
188,194,0.0007074708
189,194,0.0011911206
190,194,0.0007604975
191,194,0.0010838602
192,194,0.000711835
193,194,0.0007885583
194,194,0.00058220234
195,194,0.00062083825
196,194,0.0007181354
197,194,0.000753928
198,194,0.0006765947
199,194,0.0007858537
200,194,0.0003904244
201,194,0.0009514941
202,194,
203,194,0.00031953678
204,194,
205,194,0.0009568902
206,194,0.0007677842
207,194,0.00041615777
208,194,0.0002382379
209,194,
210,194,-1.9620173e-05
211,194,
212,194,0.00045023672
213,194,0.0005058553
214,194,0.00015989225
215,194,-0.00024994835
216,194,0.0005868785
217,194,0.0005933773
218,194,0.00074218307
219,194,0.00068734493
220,194,0.0010319315
221,194,0.00072136335
222,194,0.0010739537
223,194,0.00052791927
224,194,0.0004733568
225,194,0.00039169937
226,194,0.00093784183
227,194,0.00043903943
228,194,0.000571819
229,194,0.00042290147
230,194,0.0006832499
231,194,0.0007133186
232,194,0.00049909484
233,194,0.00048628263
234,194,
235,194,
236,194,0.00063812826
237,194,-1.0075979e-05
238,194,0.0009774361
239,194,0.0006700121
240,194,0.00072543975
241,194,0.0007104147
242,194,0.00059551466
243,194,0.0010772794
244,194,0.000511352
245,194,0.00045899954
246,194,0.00038549304
247,194,0.000985722
248,194,0.0004462609
249,194,0.0006785393
250,194,0.0006518783
251,194,0.0004390981
252,194,0.000729518
253,194,0.0005436316
254,194,0.0002591526
255,194,0.00036917627
256,194,0.00080624875
257,194,0.000468879
258,194,0.00078423973
259,194,0.00094613153
260,194,0.00014256779
261,194,0.0005793078
262,194,0.00049611274
263,194,0.0009390507
264,194,0.0008671349
265,194,0.000664562
266,194,0.00030510686
267,194,0.0004897518
268,194,0.00018122979
269,194,0.0003865147
270,194,0.0006221784
271,194,0.00053402036
272,194,0.0009478424
273,194,0.00064339023
274,194,0.0007831007
275,194,0.00044903904
276,194,0.0010822304
277,194,5.3049996e-05
278,194,0.0008170102
279,194,0.00064732693
280,194,0.00027902983
281,194,-5.408749e-05
282,194,0.00035507604
283,194,0.0004689265
284,194,0.0006142687
285,194,0.00080853887
286,194,0.00073335227
287,194,0.00063440297
288,194,0.0008489294
289,194,0.00048697926
290,194,0.0006137695
291,194,9.625498e-05
292,194,0.00018464401
293,194,0.00073997956
294,194,0.00057729427
295,194,0.00016606413
296,194,-4.1562133e-05
297,194,0.00069285557
298,194,8.506421e-05
299,194,0.0010972777
300,194,0.0005200682
301,194,0.00041273888
302,194,2.39769e-05
303,194,-0.00013141427
304,194,-0.0001175385
305,194,0.0003066687
306,194,0.00019769277
307,194,2.3189932e-05
308,194,0.00028603524
309,194,0.00051074196
310,194,0.00023624673
311,194,0.00012401678
312,194,0.00033366494
313,194,0.00012986548
314,194,0.00047682412
315,194,0.00020944141
316,194,0.0011347933
317,194,0.00018406752
318,194,
319,194,0.00028388016
320,194,0.0007283166
321,194,
322,194,0.0004653614
323,194,0.0004447503
324,194,0.00048207585
325,194,0.00014691614
326,194,0.0009999294
327,194,0.0004234258
328,194,0.0007171361
329,194,0.00077461917
330,194,0.0007085651
331,194,0.0011014454
332,194,0.00045144558
333,194,0.0010998454
334,194,0.0005035894
335,194,0.001007475
336,194,0.0007889513
337,194,0.0005180184
338,194,0.00055308733
339,194,0.00041132513
340,194,0.00088522583
341,194,0.000537212
342,194,0.0004357649
343,194,0.00057836156
344,194,0.00012799352
345,194,3.9973296e-05
346,194,2.841279e-05
347,194,
348,194,
349,194,
350,194,
351,194,
352,194,
353,194,
354,194,
355,194,0.00093459245
356,194,
357,194,
358,194,
359,194,
360,194,
361,194,
362,194,
363,194,
364,194,
365,194,0.00037811138
366,194,0.000663097
367,194,0.0008005146
368,194,0.0008026445
369,194,0.0007768534
370,194,0.00094001926
371,194,0.00034518726
372,194,0.0010230504
373,194,0.00045429356
374,194,0.00079095643
375,194,0.00015375763
376,194,0.00015794672
377,194,0.00065729953
378,194,0.00045867916
379,194,0.00069893897
380,194,0.00045382697
381,194,0.0004844172
382,194,0.00029956643
383,194,0.00042090286
384,194,0.00053487625
385,194,0.00097120553
386,194,0.00052455347
387,194,0.0002697073
388,194,-5.0513074e-05
389,194,0.0003900826
390,194,0.00015717093
391,194,0.0006380575
392,194,2.527982e-05
393,194,0.0005412707
394,194,0.0007930985
395,194,0.00067750365
396,194,0.0005544638
397,194,0.00047646742
398,194,0.00047559012
399,194,0.0006052116
400,194,0.0007627243
401,194,0.0004287893
402,194,0.00073670596
403,194,0.00044299942
404,194,0.000732
405,194,0.00056700595
406,194,0.00027610362
407,194,0.00032098684
408,194,0.0006673932
409,194,0.00061347336
410,194,0.00087494776
411,194,-1.1934899e-05
412,194,0.00053472724
413,194,0.0006436445
414,194,0.0007339455
415,194,0.00026502833
416,194,0.00037192926
417,194,0.0004776353
418,194,0.0007120073
419,194,0.00031057186
420,194,0.00024627708
421,194,0.000551749
422,194,0.000562584
423,194,0.0004018927
424,194,0.0006788317
425,194,0.0007396182
426,194,0.00051476806
427,194,0.00042115897
428,194,0.00034725666
429,194,0.0013573049
430,194,0.00081269257
431,194,0.0006802911
432,194,0.00041956827
433,194,0.00073511526
434,194,0.0003577862
435,194,0.00053669326
436,194,0.0010260651
437,194,-0.00013243034
438,194,0.0007381113
439,194,0.00024062209
440,194,0.00039883517
441,194,0.0011029765
442,194,0.0006354954
443,194,0.00059802644
444,194,0.00040924642
445,194,0.00040262565
446,194,0.00086427666
447,194,0.0011343611
448,194,0.00035297312
449,194,0.0010672621
450,194,0.00093164947
451,194,0.00095765106
452,194,0.00064780656
453,194,0.00066386815
454,194,0.00073742867
455,194,0.00068262406
456,194,0.00075939577
457,194,0.00018268637
458,194,0.0005212389
459,194,0.0007000556
460,194,0.0005750917
461,194,0.000482535
462,194,0.00051033683
463,194,0.0005748607
464,194,0.00059682503
465,194,0.0009041736
466,194,0.000323453
467,194,0.0010468168
468,194,0.00081908796
469,194,0.0004986096
470,194,0.0006337296
471,194,0.0002951715
472,194,0.00070319884
473,194,0.0011820011
474,194,0.00066744816
475,194,0.00087192934
476,194,0.0005830014
477,194,0.0005691042
478,194,-0.00016496237
479,194,0.0005971566
480,194,0.0012079095
481,194,0.0007615192
482,194,0.0010161735
483,194,0.00063291565
484,194,0.00064648315
485,194,0.0006982703
486,194,0.0005810419
487,194,0.00075180177
488,194,0.00035747886
489,194,0.0006793542
490,194,0.0006418228
491,194,0.00045590475
492,194,0.0005347766
493,194,0.00013541989
494,194,-3.7360005e-05
0,195,0.0005082004
1,195,
2,195,
3,195,
4,195,
5,195,
6,195,0.0006773183
7,195,0.0006782431
8,195,0.00040995702
9,195,0.00039854832
10,195,0.001078764
11,195,0.0004731873
12,195,0.00071473233
13,195,0.00019900315
14,195,0.00045100972
15,195,0.00032361224
16,195,0.0006757295
17,195,0.0006299764
18,195,0.0006950954
19,195,0.00057706237
20,195,0.0005953042
21,195,0.00019715447
22,195,0.0010251151
23,195,0.0004806323
24,195,0.0007961849
25,195,0.00066057127
26,195,0.0003578961
27,195,0.0006948905
28,195,0.0004682485
29,195,0.00024346542
30,195,0.00091508776
31,195,2.1022744e-05
32,195,0.000119030476
33,195,0.0005796794
34,195,0.0007273052
35,195,-2.6294962e-05
36,195,0.00056703296
37,195,0.000994972
38,195,0.00082147215
39,195,0.0006062072
40,195,0.00041460618
41,195,0.0015896391
42,195,0.0005457923
43,195,0.00028913282
44,195,0.000409659
45,195,0.0004718434
46,195,0.00043790787
47,195,0.00056623574
48,195,0.0005621463
49,195,0.00088311825
50,195,0.00083841104
51,195,0.00057729613
52,195,0.00086164847
53,195,0.0013276115
54,195,0.0002634097
55,195,0.0007910412
56,195,0.0010614144
57,195,0.00035150442
58,195,0.00027538743
59,195,0.00049068965
60,195,0.0005072504
61,195,0.00036157947
62,195,0.00015507918
63,195,0.0005981447
64,195,0.0006602304
65,195,0.0005754847
66,195,
67,195,
68,195,
69,195,
70,195,
71,195,
72,195,
73,195,0.00037208945
74,195,0.0009180922
75,195,-3.941357e-05
76,195,0.0004482679
77,195,0.0007210672
78,195,-4.1664578e-05
79,195,0.00095884316
80,195,0.00016496144
81,195,0.0012654997
82,195,0.00038607046
83,195,8.390006e-05
84,195,0.00061987154
85,195,0.0006307736
86,195,0.00045548566
87,195,0.0011666063
88,195,0.0007464858
89,195,0.00088336226
90,195,
91,195,
92,195,
93,195,
94,195,
95,195,
96,195,
97,195,
98,195,
99,195,0.0011381898
100,195,0.00030532945
101,195,0.00053574704
102,195,0.00056979246
103,195,
104,195,0.0002895603
105,195,0.00041323993
106,195,
107,195,0.00039128307
108,195,0.0006481772
109,195,0.0008636713
110,195,0.0011239592
111,195,0.0008991482
112,195,0.00086544733
113,195,0.0009287428
114,195,0.00090922974
115,195,0.00091567636
116,195,0.00027596764
117,195,0.0010517389
118,195,0.000485152
119,195,0.0004482232
120,195,0.00040523987
121,195,0.0010651732
122,195,0.0006819833
123,195,0.0012215273
124,195,0.0007674284
125,195,0.0006241966
126,195,0.00076522306
127,195,0.0008264147
128,195,0.0008875057
129,195,0.00045418553
130,195,0.00050575193
131,195,0.0004388662
132,195,0.0003116941
133,195,0.0011162758
134,195,
135,195,
136,195,
137,195,
138,195,
139,195,
140,195,
141,195,
142,195,
143,195,
144,195,
145,195,
146,195,
147,195,
148,195,
149,195,
150,195,
151,195,
152,195,
153,195,
154,195,
155,195,
156,195,0.00015813019
157,195,
158,195,0.0005527213
159,195,0.0008543981
160,195,0.0007838821
161,195,0.00077566225
162,195,0.00087095983
163,195,0.00030051265
164,195,-0.00025593117
165,195,0.00070197415
166,195,0.0005330993
167,195,0.0007024929
168,195,0.000892899
169,195,0.0004593674
170,195,0.0010732971
171,195,0.0004923437
172,195,0.0005164016
173,195,-0.0001366483
174,195,0.00035235845
175,195,0.00020216219
176,195,0.00033678394
177,195,0.0010146536
178,195,0.00063469633
179,195,0.0008790288
180,195,0.0008393014
181,195,0.0003002016
182,195,0.00073385425
183,195,0.00012778118
184,195,0.0010398859
185,195,0.0011583054
186,195,0.0012276061
187,195,0.0005402751
188,195,0.00064867176
189,195,0.00075946935
190,195,0.00010027271
191,195,0.00026449654
192,195,0.00047388393
193,195,0.0011366997
194,195,0.0006325925
195,195,0.00085039716
196,195,0.0010744426
197,195,0.0012068711
198,195,3.1591393e-05
199,195,0.00025569927
200,195,0.00034876075
201,195,0.0002063578
202,195,0.00035175774
203,195,0.0010283748
204,195,
205,195,
206,195,0.0006799102
207,195,0.00060493406
208,195,0.00079327263
209,195,
210,195,0.00076678116
211,195,
212,195,4.698336e-05
213,195,0.0005923398
214,195,0.00034470856
215,195,0.00026743673
216,195,0.00020705722
217,195,0.00042857602
218,195,0.00043901987
219,195,0.000793254
220,195,0.00088778976
221,195,0.00057147536
222,195,0.0009411685
223,195,0.00060510635
224,195,0.00062736776
225,195,0.00059729256
226,195,0.00093141664
227,195,0.00080482755
228,195,0.00028861593
229,195,0.00067398883
230,195,0.0006066114
231,195,0.00024851877
232,195,0.0009547677
233,195,0.00026619062
234,195,
235,195,
236,195,0.0005882289
237,195,0.0007340126
238,195,0.0006602919
239,195,0.00062263757
240,195,0.00062859245
241,195,0.00046755094
242,195,0.0004015779
243,195,0.00029328186
244,195,0.000541836
245,195,0.00061555114
246,195,0.0007531326
247,195,0.00064059347
248,195,0.0007771244
249,195,0.00050608814
250,195,0.0008686874
251,195,0.0003961213
252,195,0.00083991326
253,195,0.00049073156
254,195,0.0006124303
255,195,0.00069046486
256,195,0.001110605
257,195,0.0007017767
258,195,0.00088411476
259,195,0.0005975319
260,195,0.0010750173
261,195,0.00045175664
262,195,0.00035598408
263,195,0.00020761043
264,195,0.00046813115
265,195,0.0007381784
266,195,0.0004883092
267,195,0.00035537593
268,195,0.00049021654
269,195,0.00055906083
270,195,0.0005111834
271,195,0.0010533137
272,195,0.00095371995
273,195,-0.0004993342
274,195,0.00070170127
275,195,0.00025269017
276,195,0.000700376
277,195,0.00031191017
278,195,0.0002395492
279,195,-6.248988e-05
280,195,0.0013025552
281,195,0.00085348357
282,195,0.00085150823
283,195,0.00044470653
284,195,0.0009077592
285,195,2.3269095e-05
286,195,0.0009863013
287,195,0.00026810076
288,195,0.00036885124
289,195,0.00042169634
290,195,0.00023851171
291,195,0.0009469185
292,195,0.0009500142
293,195,0.00088213943
294,195,0.00043503568
295,195,0.0006522499
296,195,0.00023351144
297,195,0.00079129357
298,195,9.1538765e-05
299,195,0.00045836624
300,195,0.00036622398
301,195,0.00070222
302,195,0.00045301765
303,195,8.865446e-05
304,195,0.00011982862
305,195,0.0008032555
306,195,0.000437486
307,195,0.00030515902
308,195,3.8742088e-05
309,195,0.0011275671
310,195,0.00014340691
311,195,0.0011695297
312,195,0.0006223498
313,195,0.0002302695
314,195,0.0011825319
315,195,0.0005934313
316,195,0.00089257956
317,195,0.0008313656
318,195,
319,195,0.0005326811
320,195,0.00074794516
321,195,0.00078500435
322,195,0.00012989622
323,195,
324,195,0.0008708369
325,195,0.00024029147
326,195,0.00048831385
327,195,0.00062777195
328,195,0.00074116234
329,195,0.00089188386
330,195,0.0005760314
331,195,0.0005685035
332,195,0.00046353135
333,195,0.00064425357
334,195,0.00052573066
335,195,0.0010500755
336,195,0.00076743215
337,195,0.000492651
338,195,0.000249492
339,195,0.0008394206
340,195,0.00078448374
341,195,0.00077141076
342,195,0.00052202214
343,195,0.0006551044
344,195,0.00030623283
345,195,0.0006661918
346,195,0.000842141
347,195,
348,195,
349,195,
350,195,
351,195,
352,195,
353,195,
354,195,
355,195,
356,195,
357,195,
358,195,
359,195,
360,195,
361,195,
362,195,0.00092851743
363,195,
364,195,0.000885129
365,195,0.0002217982
366,195,0.0004264228
367,195,0.00014554337
368,195,0.0008538207
369,195,0.00044857897
370,195,0.000427939
371,195,0.00030843448
372,195,0.0013046991
373,195,0.00043092296
374,195,0.00039592758
375,195,0.00045521557
376,195,0.00017925352
377,195,0.00035031233
378,195,0.00023224019
379,195,0.00072371215
380,195,-0.00017325208
381,195,0.00078722835
382,195,0.00033652782
383,195,0.00032312516
384,195,0.000766363
385,195,0.0005382933
386,195,0.00044144876
387,195,0.0005132137
388,195,0.00031563267
389,195,0.000762634
390,195,0.00041865
391,195,0.0002656756
392,195,0.0010589603
393,195,0.000577447
394,195,0.00029414147
395,195,0.00056462176
396,195,0.0008702623
397,195,0.0008694399
398,195,0.0005658418
399,195,0.00054847077
400,195,0.00022599939
401,195,0.0007727351
402,195,0.00094878767
403,195,0.00039551314
404,195,0.00021371245
405,195,0.00071987044
406,195,0.0006219633
407,195,0.00041224714
408,195,0.00047391374
409,195,0.0005235644
410,195,0.0004532514
411,195,0.0003665462
412,195,0.0005651843
413,195,0.0005277209
414,195,0.00046531484
415,195,0.00052756816
416,195,0.00058907364
417,195,0.0008007046
418,195,0.00093454774
419,195,0.00014453847
420,195,0.0004423838
421,195,0.0010984298
422,195,0.00038329232
423,195,0.0006733434
424,195,0.0007281201
425,195,0.00033681374
426,195,0.000707387
427,195,0.00074552745
428,195,0.00071954075
429,195,0.00030162
430,195,0.00039822143
431,195,0.00039380975
432,195,0.00045019295
433,195,0.00057258643
434,195,0.0003694985
435,195,0.00096366834
436,195,0.00060458947
437,195,0.00038353913
438,195,0.0004168637
439,195,0.00084721483
440,195,0.00033858512
441,195,0.00021052454
442,195,0.0008121189
443,195,0.0007144157
444,195,0.00050351024
445,195,0.00018345378
446,195,0.00043707993
447,195,0.00028696656
448,195,0.00022395886
449,195,0.00032895338
450,195,0.00071180146
451,195,0.0008739438
452,195,0.0006408952
453,195,0.0011259988
454,195,0.00067848153
455,195,0.000807547
456,195,0.00053253677
457,195,0.00081105717
458,195,0.0009270683
459,195,0.00023103505
460,195,0.00056663714
461,195,0.00071874354
462,195,0.0008722767
463,195,0.0008369889
464,195,9.521842e-05
465,195,0.0005367128
466,195,0.0006637778
467,195,0.00044840202
468,195,0.001017795
469,195,0.000368
470,195,0.0010891166
471,195,0.00027847663
472,195,-0.00013417657
473,195,4.5851804e-05
474,195,0.0011024876
475,195,0.0005661687
476,195,0.0011614654
477,195,0.0007772958
478,195,0.0004044883
479,195,0.00050624646
480,195,8.4201805e-05
481,195,0.0008543534
482,195,0.00057862327
483,195,0.00079948176
484,195,0.0004283972
485,195,0.00067235716
486,195,0.00075486023
487,195,0.0013398249
488,195,-0.00017048605
489,195,0.000522227
490,195,0.00037885085
491,195,0.00057753734
492,195,0.00046824478
493,195,0.0009514708
494,195,0.00052219443
0,196,0.0009904113
1,196,0.00039120577
2,196,0.0006845426
3,196,0.0005667098
4,196,0.00054843444
5,196,0.00015940331
6,196,
7,196,0.00073052384
8,196,0.00040822476
9,196,0.000688754
10,196,0.00026229676
11,196,0.00088107213
12,196,-6.573927e-05
13,196,0.000247946
14,196,0.0006468324
15,196,-0.00010096375
16,196,0.00062581897
17,196,0.0007173326
18,196,0.00063477736
19,196,0.00058981683
20,196,0.00080807507
21,196,0.00043318793
22,196,0.00044124573
23,196,0.00056028645
24,196,0.000985939
25,196,0.00040341448
26,196,5.257409e-05
27,196,0.0004101647
28,196,0.0005515525
29,196,0.0011102362
30,196,0.0003774874
31,196,8.956157e-05
32,196,0.00042774156
33,196,0.00049646664
34,196,0.0007148497
35,196,0.00035215542
36,196,0.00023346394
37,196,0.00068664923
38,196,0.00075429026
39,196,0.0005411329
40,196,0.0007235361
41,196,0.000912142
42,196,0.00039394852
43,196,0.0004726248
44,196,0.00029686466
45,196,0.00031582173
46,196,0.0002700165
47,196,0.0005621696
48,196,0.00058637373
49,196,0.00018974673
50,196,0.000197622
51,196,0.00036111847
52,196,3.5978854e-05
53,196,0.0005874131
54,196,0.00062960386
55,196,0.0005233763
56,196,0.0006056605
57,196,0.00033644307
58,196,0.00072057545
59,196,-4.2557716e-05
60,196,3.1824224e-05
61,196,0.0001839986
62,196,-0.00015057623
63,196,0.0010620328
64,196,0.0005499637
65,196,
66,196,0.00034502707
67,196,0.001008789
68,196,
69,196,
70,196,
71,196,
72,196,1.5373342e-05
73,196,-0.00016314164
74,196,0.0004136404
75,196,0.00051209144
76,196,8.960813e-05
77,196,0.000849884
78,196,0.00043763313
79,196,0.00038116612
80,196,0.00029402692
81,196,0.0006656395
82,196,0.00065402966
83,196,-0.000118397176
84,196,0.0006673783
85,196,0.00049514323
86,196,0.0009054588
87,196,0.00071350206
88,196,8.540787e-05
89,196,7.007457e-05
90,196,0.0008909609
91,196,
92,196,
93,196,
94,196,
95,196,
96,196,
97,196,
98,196,
99,196,0.00021282304
100,196,0.0009838864
101,196,0.00084778015
102,196,
103,196,
104,196,
105,196,
106,196,
107,196,0.00066311844
108,196,0.0010614665
109,196,0.0006396249
110,196,0.001129155
111,196,0.0010318635
112,196,0.00075705163
113,196,0.0009824801
114,196,0.000785836
115,196,0.00086734723
116,196,0.0006216811
117,196,0.00060383603
118,196,0.0006568739
119,196,0.00082058087
120,196,0.00060522836
121,196,0.00096298475
122,196,0.00046719983
123,196,0.00087163504
124,196,0.00068251975
125,196,0.00087934826
126,196,0.00044679828
127,196,0.0007382259
128,196,0.0006761858
129,196,0.0003738217
130,196,0.0007531494
131,196,0.00052183867
132,196,0.00042285956
133,196,0.00029322598
134,196,
135,196,
136,196,
137,196,
138,196,
139,196,
140,196,
141,196,
142,196,
143,196,
144,196,
145,196,
146,196,
147,196,
148,196,
149,196,
150,196,
151,196,0.00021291897
152,196,
153,196,
154,196,
155,196,0.000978915
156,196,0.00070453435
157,196,0.00065909233
158,196,0.00089297816
159,196,0.00089677144
160,196,0.0004952522
161,196,0.0006404491
162,196,0.0004894221
163,196,0.0007857112
164,196,0.0012161005
165,196,0.0003650682
166,196,0.0012121918
167,196,
168,196,0.0006831428
169,196,0.0004061507
170,196,0.0007112222
171,196,0.0008259732
172,196,-0.000110460445
173,196,0.00024142116
174,196,0.0005090125
175,196,0.000583468
176,196,0.0005471129
177,196,9.071734e-05
178,196,0.00022597145
179,196,0.00073701236
180,196,0.0007694643
181,196,0.0010151686
182,196,0.000655395
183,196,0.00039943308
184,196,0.00086091924
185,196,0.0006673699
186,196,0.0005602101
187,196,-7.743668e-05
188,196,0.0012792964
189,196,0.00075253844
190,196,0.0005035624
191,196,0.0005637137
192,196,0.0009766351
193,196,0.0007429756
194,196,0.00061855465
195,196,0.0009915121
196,196,0.00083628576
197,196,0.0010133674
198,196,0.00062520616
199,196,0.000958398
200,196,0.0005634753
201,196,0.0011378461
202,196,0.0011160802
203,196,0.00084714685
204,196,0.00045473222
205,196,0.0011304468
206,196,0.0006231861
207,196,0.0011235708
208,196,0.00037304498
209,196,0.00078882184
210,196,0.00038127694
211,196,0.0008089263
212,196,0.0010809777
213,196,0.00087624975
214,196,0.0006351955
215,196,0.0011057705
216,196,0.000844568
217,196,0.0008044122
218,196,-0.00014897343
219,196,0.0008553015
220,196,0.00031740963
221,196,0.0007796893
222,196,0.0007596854
223,196,0.00065578613
224,196,0.00069842394
225,196,0.0008964259
226,196,0.00096141547
227,196,0.0005493406
228,196,0.00018396229
229,196,0.00014137756
230,196,8.335337e-05
231,196,0.00053448044
232,196,0.00070762355
233,196,0.00026995223
234,196,
235,196,
236,196,0.0006293962
237,196,-0.00026342273
238,196,0.00032103807
239,196,0.00038481038
240,196,0.00035561156
241,196,0.0008009346
242,196,0.0005900059
243,196,0.0007939376
244,196,0.00052784383
245,196,0.0003156308
246,196,0.0005100705
247,196,0.0008197408
248,196,0.00074502267
249,196,0.00068667624
250,196,0.00067636836
251,196,0.00069451425
252,196,0.00071994495
253,196,0.00039299484
254,196,4.204642e-05
255,196,0.00077673607
256,196,0.0009664688
257,196,0.00078913197
258,196,0.00059425365
259,196,7.25789e-05
260,196,0.0007435633
261,196,0.0009617023
262,196,0.00043176673
263,196,0.0005785739
264,196,0.000903029
265,196,0.00040345825
266,196,0.00040431228
267,196,0.00010409206
268,196,0.0003059227
269,196,-0.000118170865
270,196,0.00017510727
271,196,0.0005203476
272,196,0.0012536608
273,196,0.0008333931
274,196,0.00027136412
275,196,4.8668124e-05
276,196,0.00022814982
277,196,0.000180698
278,196,0.00049299747
279,196,9.4623305e-05
280,196,0.00081691146
281,196,0.0002912702
282,196,0.00028944016
283,196,0.0009238031
284,196,6.276835e-05
285,196,0.0008228896
286,196,0.00088483
287,196,0.0002185721
288,196,0.00054858066
289,196,0.00028419774
290,196,-0.00010622013
291,196,0.00055886246
292,196,0.0005820198
293,196,0.0007184716
294,196,0.0007402254
295,196,0.00036673434
296,196,0.00051472895
297,196,0.00011901837
298,196,0.00034648925
299,196,0.0006087143
300,196,0.0003210185
301,196,0.0007846933
302,196,0.0010092761
303,196,0.00038666744
304,196,0.0007226104
305,196,0.0011479463
306,196,0.0005916562
307,196,0.0004722625
308,196,-0.00013683643
309,196,5.372893e-05
310,196,0.0005351398
311,196,9.883009e-05
312,196,0.00038345344
313,196,3.4477562e-06
314,196,
315,196,
316,196,
317,196,0.00025735516
318,196,0.0008190414
319,196,0.00017479062
320,196,0.0009825947
321,196,0.0005162982
322,196,0.00076766685
323,196,
324,196,
325,196,0.0003030179
326,196,0.0006610621
327,196,0.0005592434
328,196,0.0006432794
329,196,0.0005953675
330,196,0.00077831093
331,196,0.0002435837
332,196,0.000507907
333,196,0.00078253914
334,196,0.00046357606
335,196,0.00046374556
336,196,0.0009262301
337,196,0.00050029065
338,196,0.0006868243
339,196,0.00097268727
340,196,0.0004094476
341,196,0.0004173331
342,196,0.0005540084
343,196,0.0010854965
344,196,0.0005519185
345,196,0.00053554773
346,196,0.00031433348
347,196,
348,196,
349,196,
350,196,
351,196,
352,196,
353,196,
354,196,
355,196,
356,196,
357,196,
358,196,0.0010145903
359,196,
360,196,
361,196,
362,196,
363,196,
364,196,0.00064965524
365,196,0.00045509543
366,196,0.0005212538
367,196,0.00014065113
368,196,0.0005709706
369,196,-0.000100284815
370,196,0.0006769663
371,196,0.0007713502
372,196,0.00072300155
373,196,0.00027270056
374,196,0.0009413464
375,196,0.00038262364
376,196,0.00079318136
377,196,0.00048190262
378,196,0.0005733054
379,196,0.00089632906
380,196,0.00067078136
381,196,0.00031373184
382,196,0.0003756918
383,196,0.00045448076
384,196,0.00017553288
385,196,0.0011186171
386,196,0.0008849399
387,196,0.00078887306
388,196,0.000119346194
389,196,0.00064026285
390,196,0.0008505741
391,196,0.0008401172
392,196,0.00047631562
393,196,0.00041601993
394,196,0.00073063374
395,196,0.0006149309
396,196,0.00034979172
397,196,0.00058245007
398,196,0.00079018343
399,196,0.0012239721
400,196,0.00052931346
401,196,0.0010172371
402,196,0.0006216094
403,196,0.0009790333
404,196,0.0006579291
405,196,0.0006069597
406,196,0.0004977947
407,196,0.00027194526
408,196,0.00082807895
409,196,0.0005752444
410,196,0.00054801255
411,196,0.0006107269
412,196,0.000439235
413,196,0.00032418128
414,196,0.00062996615
415,196,0.00055648014
416,196,0.00062215794
417,196,0.00034167897
418,196,0.00030467007
419,196,0.0005931426
420,196,0.0005360972
421,196,9.493157e-05
422,196,0.0005370546
423,196,0.0005597882
424,196,0.0007917611
425,196,0.00092504267
426,196,0.000773116
427,196,-0.00019650254
428,196,0.0004981011
429,196,0.0007214816
430,196,0.00067832693
431,196,0.0009805318
432,196,0.0004285248
433,196,0.00023477338
434,196,0.00021342095
435,196,0.00073795766
436,196,0.00023951195
437,196,0.00054232404
438,196,0.0005140025
439,196,0.00030031893
440,196,0.0006569084
441,196,0.00029140338
442,196,0.00054367166
443,196,0.0007879101
444,196,
445,196,
446,196,
447,196,0.0009608939
448,196,0.0009912839
449,196,0.00034245756
450,196,0.00061447825
451,196,0.0008815639
452,196,0.00057911593
453,196,0.00045970175
454,196,0.00037611462
455,196,0.000631758
456,196,0.0007669097
457,196,0.00093303155
458,196,0.000998904
459,196,0.0011516046
460,196,0.0009525884
461,196,0.00054879487
462,196,0.0006436184
463,196,0.00048378576
464,196,0.0008687442
465,196,0.00075679366
466,196,0.00020823721
467,196,0.00042753667
468,196,0.0012115072
469,196,0.00044908933
470,196,0.0007264968
471,196,0.0007298868
472,196,0.0005235858
473,196,0.0004128674
474,196,0.00048723817
475,196,0.00025793258
476,196,0.00013639685
477,196,0.0010267934
478,196,0.0006628195
479,196,0.00087041967
480,196,0.000645224
481,196,0.00087050814
482,196,0.00069083367
483,196,0.0006196387
484,196,0.0010146555
485,196,0.00081954524
486,196,0.00063150655
487,196,0.0008130977
488,196,0.00025141705
489,196,0.0010010963
490,196,0.0008474132
491,196,0.0007501384
492,196,-0.00043964013
493,196,0.000571101
494,196,0.0006211931
0,197,-0.00010113511
1,197,0.00091539044
2,197,0.000965843
3,197,0.0008286899
4,197,0.0007063104
5,197,
6,197,0.00042813364
7,197,0.00089652836
8,197,0.00055327546
9,197,0.0010455232
10,197,0.0004293574
11,197,0.00031761546
12,197,0.00063287746
13,197,0.0006132452
14,197,0.00035946444
15,197,0.0002985727
16,197,0.0005025584
17,197,0.0006207479
18,197,0.000431058
19,197,0.0004307106
20,197,0.0006601503
21,197,0.00022378191
22,197,0.0005035326
23,197,0.00045909826
24,197,0.00052361935
25,197,0.00056415424
26,197,0.0005958099
27,197,0.00023885071
28,197,0.0006132908
29,197,0.00036447402
30,197,0.00096364133
31,197,0.0001638513
32,197,9.9454075e-05
33,197,0.0004799841
34,197,0.00075858925
35,197,0.0010107318
36,197,0.00027290266
37,197,0.0007789098
38,197,0.00042640883
39,197,0.0003902847
40,197,0.0009976337
41,197,0.0006569121
42,197,0.00025958195
43,197,0.00044259802
44,197,0.00045401976
45,197,0.00078901555
46,197,0.00024134014
47,197,0.00089648087
48,197,0.0009944187
49,197,0.00069622695
50,197,0.0006589461
51,197,0.0006286884
52,197,0.0007363269
53,197,0.0003273813
54,197,0.0007919222
55,197,0.0002361089
56,197,0.00015851483
57,197,0.0010700598
58,197,0.0006431099
59,197,0.0007947702
60,197,0.00083205476
61,197,0.00038387533
62,197,-0.00026699156
63,197,0.00054624863
64,197,
65,197,
66,197,0.0003195163
67,197,0.00090797246
68,197,
69,197,
70,197,
71,197,
72,197,
73,197,0.00029951148
74,197,0.0007446036
75,197,0.00085719675
76,197,0.0005618306
77,197,0.00027025957
78,197,0.0006341161
79,197,0.00031008292
80,197,0.00016200263
81,197,0.00047953986
82,197,0.0006787684
83,197,0.0010660756
84,197,0.0008897977
85,197,0.00073594786
86,197,0.00033503026
87,197,-0.00015660375
88,197,0.0002507195
89,197,0.00028633792
90,197,0.00082108565
91,197,
92,197,
93,197,
94,197,
95,197,
96,197,
97,197,
98,197,
99,197,0.0005168626
100,197,0.00048694108
101,197,
102,197,
103,197,0.0009526061
104,197,
105,197,
106,197,
107,197,0.0009194948
108,197,0.00074644014
109,197,0.00084122084
110,197,0.001100678
111,197,0.0008108942
112,197,0.00087013375
113,197,0.0011852868
114,197,0.00070279185
115,197,0.0009943182
116,197,0.0010600155
117,197,0.00072709285
118,197,0.000451996
119,197,0.0003491398
120,197,0.0006504506
121,197,0.0006112037
122,197,0.0006787684
123,197,0.0006505754
124,197,0.0005583754
125,197,0.00042112824
126,197,0.0010648789
127,197,0.00046056695
128,197,0.00018873531
129,197,0.00041309092
130,197,0.000336566
131,197,0.0010504238
132,197,0.00077543873
133,197,0.0003980128
134,197,
135,197,
136,197,
137,197,
138,197,
139,197,
140,197,
141,197,
142,197,
143,197,
144,197,
145,197,
146,197,
147,197,
148,197,
149,197,
150,197,
151,197,0.00059949793
152,197,0.00087688956
153,197,
154,197,0.00073897745
155,197,0.00069603603
156,197,0.0004398292
157,197,0.00071949046
158,197,0.00067744777
159,197,0.00045615528
160,197,0.00093672425
161,197,0.0010830453
162,197,0.0002305042
163,197,0.0007386934
164,197,0.0003769137
165,197,0.00043320283
166,197,0.00062023196
167,197,0.00051568914
168,197,0.00056070555
169,197,0.00043527316
170,197,0.0011187764
171,197,0.00021321047
172,197,0.0005220361
173,197,0.00032429025
174,197,-5.651638e-05
175,197,0.00045035407
176,197,0.0006139958
177,197,0.0005957065
178,197,0.0006176932
179,197,0.0007777922
180,197,0.0002731597
181,197,0.0011769608
182,197,0.00076482166
183,197,0.00064701587
184,197,0.00043554138
185,197,0.00065820664
186,197,9.0742484e-05
187,197,0.00044418592
188,197,0.0006526653
189,197,0.00029348768
190,197,0.00094892737
191,197,0.00065614004
192,197,0.0004255073
193,197,0.00033148378
194,197,0.0009621894
195,197,0.00088579673
196,197,0.001066179
197,197,0.00047830865
198,197,0.0005661212
199,197,0.0007339986
200,197,0.00097026676
201,197,0.000902527
202,197,0.00074819475
203,197,0.00073424913
204,197,
205,197,
206,197,0.00087247696
207,197,0.0005936548
208,197,0.0008177981
209,197,0.00025418773
210,197,0.00031893142
211,197,0.00084510166
212,197,0.0010243617
213,197,0.00043985527
214,197,0.0004960131
215,197,0.0006132703
216,197,0.00025049597
217,197,-0.00010879524
218,197,0.0010632332
219,197,0.00052653067
220,197,0.00019043777
221,197,0.00076776464
222,197,0.0003099935
223,197,0.0008221138
224,197,0.00045582466
225,197,0.00075758435
226,197,0.0005538035
227,197,0.0006248802
228,197,0.0005662674
229,197,0.00037881453
230,197,0.00010740943
231,197,0.00026636757
232,197,9.9890865e-05
233,197,0.0005201064
234,197,0.00046821032
235,197,0.00050761737
236,197,0.00028459728
237,197,0.00013040658
238,197,0.00045904517
239,197,0.00028694142
240,197,0.00049154833
241,197,0.00072444323
242,197,0.00094147865
243,197,0.0002344409
244,197,0.0003921101
245,197,0.00047077425
246,197,0.00039364956
247,197,0.00061390176
248,197,0.0009100139
249,197,0.00070255995
250,197,0.0006821882
251,197,0.00059012044
252,197,0.0006068265
253,197,0.0004679393
254,197,0.0006445907
255,197,0.00036122184
256,197,0.0010235291
257,197,0.00083712675
258,197,0.00058929157
259,197,0.00055868644
260,197,0.00037759263
261,197,0.0003116075
262,197,0.00043963175
263,197,0.0009616483
264,197,0.0006749835
265,197,0.00017564278
266,197,0.00043180585
267,197,0.00047914963
268,197,0.00087742694
269,197,0.0008098921
270,197,0.0008367961
271,197,0.00038453192
272,197,0.0002860576
273,197,0.00044671632
274,197,0.00022722315
275,197,0.00039725006
276,197,0.00012877025
277,197,0.0005396921
278,197,0.00036091544
279,197,-0.00022655353
280,197,0.00058177765
281,197,0.0004895795
282,197,0.0005522119
283,197,0.00097165536
284,197,0.0007824488
285,197,0.00034560636
286,197,0.00041259453
287,197,0.00028382335
288,197,9.276066e-05
289,197,0.00059878174
290,197,0.00014264323
291,197,0.00032014772
292,197,0.0006090095
293,197,0.00031675957
294,197,0.0004159268
295,197,0.0006172564
296,197,0.0005114805
297,197,0.0005869167
298,197,-0.00032824092
299,197,0.0005635703
300,197,0.0005158968
301,197,0.00023456197
302,197,0.000562001
303,197,0.00049150083
304,197,0.0005064104
305,197,-1.4444813e-06
306,197,0.0004246449
307,197,0.001147395
308,197,0.00079600606
309,197,-0.000119430944
310,197,0.00042783003
311,197,0.00019561127
312,197,0.00046737678
313,197,0.00018422399
314,197,
315,197,
316,197,0.00040316582
317,197,
318,197,0.0007866798
319,197,0.0007623993
320,197,0.00063176453
321,197,0.0002590986
322,197,0.00038686115
323,197,
324,197,
325,197,0.00035300478
326,197,0.00070471317
327,197,0.0011442751
328,197,0.00056527276
329,197,0.00072856434
330,197,0.0004568696
331,197,0.0008137245
332,197,0.00027684122
333,197,0.00078251865
334,197,0.00051208027
335,197,0.0007608682
336,197,0.0004547797
337,197,0.00046743173
338,197,0.00056474004
339,197,0.00014146231
340,197,0.0005291654
341,197,0.00074514747
342,197,0.00040580984
343,197,0.00071743596
344,197,0.0003846353
345,197,0.00026298128
346,197,0.0006735232
347,197,
348,197,
349,197,
350,197,
351,197,
352,197,
353,197,
354,197,
355,197,0.0006405553
356,197,
357,197,
358,197,
359,197,
360,197,
361,197,
362,197,
363,197,
364,197,-0.00020135101
365,197,0.00017351098
366,197,0.0005765185
367,197,0.00037893467
368,197,0.0005866969
369,197,0.00068922713
370,197,0.00027179345
371,197,0.00083039235
372,197,0.0003921287
373,197,0.00031818636
374,197,0.00054492895
375,197,0.00043438468
376,197,0.00080478005
377,197,0.00010911841
378,197,0.00046303403
379,197,0.0009409208
380,197,0.000430963
381,197,0.0005211001
382,197,0.0005756505
383,197,0.00017811358
384,197,0.0009820471
385,197,-3.3748336e-05
386,197,0.00067034084
387,197,0.0005746996
388,197,0.00072637387
389,197,0.0005041845
390,197,0.0007639332
391,197,0.00016823504
392,197,0.000878118
393,197,0.0005920697
394,197,0.0007178588
395,197,0.00082468055
396,197,0.0010325443
397,197,0.00015457347
398,197,0.0003961036
399,197,0.00039768964
400,197,0.00069864
401,197,0.00055538584
402,197,0.0004954003
403,197,0.0004535569
404,197,0.0010835202
405,197,0.00031403918
406,197,0.0011310885
407,197,0.00036427286
408,197,0.00061877724
409,197,0.00044059567
410,197,0.00038426928
411,197,0.00038197543
412,197,0.00055334065
413,197,0.00064265635
414,197,0.00082067586
415,197,0.00018848758
416,197,0.00031653326
417,197,0.000781131
418,197,0.000723687
419,197,0.00057598297
420,197,0.00084162503
421,197,0.00090299547
422,197,0.00063906517
423,197,0.000502388
424,197,0.00029256754
425,197,0.00084964465
426,197,0.00021128822
427,197,0.0010017036
428,197,0.000636776
429,197,0.0005880343
430,197,0.0012110863
431,197,0.0007709116
432,197,0.0005313512
433,197,0.00048318226
434,197,0.0007335674
435,197,0.00035589468
436,197,0.0006300369
437,197,0.00010521151
438,197,0.0006262949
439,197,0.0003792718
440,197,0.00097218715
441,197,0.00062270276
442,197,0.0008911928
443,197,
444,197,
445,197,
446,197,
447,197,0.0002389513
448,197,0.00035548024
449,197,-0.00020836946
450,197,0.000104721636
451,197,0.0003641341
452,197,0.0008460544
453,197,0.00040988717
454,197,0.0006312374
455,197,0.0009087203
456,197,0.0007077558
457,197,0.000602901
458,197,0.00089258514
459,197,0.0011749929
460,197,0.00023739412
461,197,0.000334288
462,197,0.00086171366
463,197,4.071556e-05
464,197,0.00059491675
465,197,0.00028924737
466,197,0.0004685782
467,197,0.0007360326
468,197,0.0007901238
469,197,0.00047356542
470,197,0.0003748648
471,197,0.0006736964
472,197,0.0004308978
473,197,0.0004707137
474,197,0.001163438
475,197,0.00029004738
476,197,0.00087374914
477,197,0.0005096588
478,197,0.0005227523
479,197,0.0007977355
480,197,0.0006550839
481,197,0.00043836888
482,197,0.00085613783
483,197,5.4048374e-05
484,197,0.00049379934
485,197,0.0011289865
486,197,0.0013487134
487,197,0.0005932301
488,197,0.00043903105
489,197,0.00047872774
490,197,0.00075540505
491,197,0.0006169677
492,197,0.00049421564
493,197,0.0007745037
494,197,0.00019281916
0,198,0.00073374435
1,198,0.00033728778
2,198,-0.00017049164
3,198,6.78869e-05
4,198,0.00030227285
5,198,0.000514159
6,198,0.00021141395
7,198,4.8357993e-05
8,198,0.0015543746
9,198,0.00041860342
10,198,0.0003881855
11,198,0.0005077822
12,198,0.0004841732
13,198,0.0004910175
14,198,0.0006688228
15,198,0.00031869486
16,198,0.00038984325
17,198,0.00062797405
18,198,0.00027396623
19,198,0.00051542
20,198,0.00030320417
21,198,0.00037766527
22,198,0.00074809697
23,198,0.0004319735
24,198,0.0006796904
25,198,0.0008368762
26,198,0.00054673944
27,198,-9.190291e-06
28,198,0.00037495047
29,198,0.0006040083
30,198,0.00030322466
31,198,0.0005403003
32,198,0.00090881065
33,198,0.00073716417
34,198,0.00036466587
35,198,0.00041329674
36,198,0.0003872281
37,198,0.00055292156
38,198,0.0004767906
39,198,0.0011712005
40,198,0.00020369794
41,198,5.5871904e-05
42,198,0.0008567525
43,198,0.0005037999
44,198,0.00091996696
45,198,0.00072143134
46,198,0.00082616135
47,198,0.0012316126
48,198,0.0003665276
49,198,0.00044485182
50,198,0.00043180585
51,198,-0.000119860284
52,198,0.0008299956
53,198,0.0006282283
54,198,0.0007461719
55,198,0.0006803237
56,198,0.00016569626
57,198,0.0010416331
58,198,8.667447e-05
59,198,0.00097364746
60,198,0.00065975916
61,198,0.00046931673
62,198,0.0007698275
63,198,0.00095099583
64,198,
65,198,0.0013053957
66,198,
67,198,0.0010695336
68,198,0.0007482348
69,198,0.0004444616
70,198,0.00041436963
71,198,
72,198,0.00028522965
73,198,0.0010295082
74,198,0.0002604928
75,198,0.00028239377
76,198,0.00083869137
77,198,-2.8684735e-07
78,198,0.0004471615
79,198,-6.61267e-05
80,198,0.00021256879
81,198,0.00036572572
82,198,0.00030483026
83,198,0.00038517918
84,198,0.0008181026
85,198,0.00012681074
86,198,0.000856041
87,198,0.00028935913
88,198,0.00053154025
89,198,0.0007720357
90,198,0.0006634174
91,198,0.00066001713
92,198,
93,198,
94,198,
95,198,
96,198,
97,198,
98,198,
99,198,
100,198,
101,198,0.0002657259
102,198,0.00095005427
103,198,
104,198,
105,198,
106,198,0.00075724255
107,198,0.00052739214
108,198,0.000820742
109,198,0.0006808806
110,198,0.0008667214
111,198,0.00085629243
112,198,0.00081584323
113,198,0.0011675041
114,198,0.0011201855
115,198,0.000850847
116,198,0.0011387505
117,198,0.00041852798
118,198,0.00044326857
119,198,0.0003767265
120,198,0.0008183755
121,198,0.0009319708
122,198,0.0007244628
123,198,0.001024507
124,198,0.00082367565
125,198,0.0010081828
126,198,0.0008346448
127,198,0.0010838928
128,198,0.0006012162
129,198,0.00056222454
130,198,0.00064533204
131,198,0.0006008111
132,198,0.00045735296
133,198,0.00045836158
134,198,
135,198,
136,198,
137,198,
138,198,
139,198,
140,198,
141,198,
142,198,
143,198,
144,198,
145,198,
146,198,
147,198,
148,198,
149,198,
150,198,
151,198,
152,198,
153,198,
154,198,0.00060724467
155,198,0.0007949639
156,198,0.00029181037
157,198,0.00058946107
158,198,9.223819e-05
159,198,0.00024634413
160,198,0.0005389657
161,198,0.00074630976
162,198,0.0010288144
163,198,0.00015410595
164,198,0.001152914
165,198,0.0008296082
166,198,0.00044073816
167,198,0.0013106
168,198,0.00092251133
169,198,0.0005745236
170,198,7.4921176e-05
171,198,9.335484e-05
172,198,0.00086510275
173,198,0.00029101595
174,198,0.00056652166
175,198,0.0006477712
176,198,0.0006207861
177,198,0.0006855922
178,198,0.0007757507
179,198,0.0005119862
180,198,0.00083923806
181,198,0.0004041614
182,198,0.00044036377
183,198,0.0006596474
184,198,0.00015523378
185,198,0.0008244142
186,198,0.000813907
187,198,0.00070991553
188,198,-0.000115995295
189,198,0.0005142605
190,198,0.0010065539
191,198,0.00040581822
192,198,0.0005310504
193,198,0.00042241067
194,198,0.00076127704
195,198,0.0007003229
196,198,0.00043136533
197,198,0.0009026583
198,198,0.00078041106
199,198,0.000574491
200,198,0.0006328495
201,198,0.000618984
202,198,0.00040775072
203,198,0.00084638316
204,198,0.0005624052
205,198,0.0007558558
206,198,0.00078783836
207,198,0.0004951535
208,198,0.0005460009
209,198,0.00093357265
210,198,0.00037446246
211,198,0.00025378913
212,198,0.00029379036
213,198,0.0004742667
214,198,0.0003551636
215,198,0.00010036584
216,198,0.00038922764
217,198,0.00055987015
218,198,0.00042818673
219,198,0.0010160618
220,198,0.0007451419
221,198,0.00041082315
222,198,0.0009020623
223,198,0.0010307571
224,198,0.00037622917
225,198,0.00044128112
226,198,0.0009829532
227,198,0.0009724824
228,198,0.00071446784
229,198,0.00084855966
230,198,0.00047871098
231,198,0.00046400167
232,198,0.00050486065
233,198,0.00035773404
234,198,0.00047221966
235,198,0.0005250061
236,198,0.00017535686
237,198,-0.00019861013
238,198,0.0007877257
239,198,0.00044139195
240,198,0.00051275175
241,198,0.00044320244
242,198,0.0005153557
243,198,0.00068425015
244,198,0.00024829432
245,198,0.0009757653
246,198,0.00070427265
247,198,0.00050825067
248,198,0.00059107505
249,198,0.0005727792
250,198,0.000780737
251,198,0.0008528363
252,198,0.00042495131
253,198,0.00038948096
254,198,0.0006924374
255,198,0.00030845124
256,198,0.0005154321
257,198,0.0006086007
258,198,0.000976257
259,198,0.0006719697
260,198,0.0008720765
261,198,0.00050051045
262,198,0.0005311463
263,198,0.0004341621
264,198,0.00048960466
265,198,0.00021195505
266,198,0.0011604624
267,198,0.00050824136
268,198,0.00067930296
269,198,0.0005898718
270,198,8.684676e-05
271,198,0.0007314924
272,198,0.00076897163
273,198,0.0005348781
274,198,0.00020989496
275,198,0.0003048079
276,198,0.00017898623
277,198,0.0002462892
278,198,0.0005238233
279,198,0.00018707756
280,198,0.00039641093
281,198,0.00061441306
282,198,0.00048959814
283,198,0.0002653366
284,198,0.00072091725
285,198,0.00012267288
286,198,0.00078930147
287,198,0.0004858179
288,198,9.88543e-05
289,198,0.0008074185
290,198,-0.00014359318
291,198,0.00043134857
292,198,0.0011777272
293,198,0.0003810618
294,198,0.0007518614
295,198,-1.0296702e-05
296,198,0.00049619377
297,198,0.0007416094
298,198,0.0008456046
299,198,8.680858e-05
300,198,0.0007459773
301,198,0.00094854087
302,198,0.000867839
303,198,0.00084162503
304,198,0.0002489593
305,198,0.0010243785
306,198,0.00038582087
307,198,0.0006261496
308,198,0.00063395314
309,198,0.00054454524
310,198,-4.2350963e-05
311,198,0.0005782386
312,198,0.0008670157
313,198,0.00021777209
314,198,-3.232155e-05
315,198,
316,198,
317,198,0.0008206079
318,198,0.00058488734
319,198,0.00071565714
320,198,
321,198,0.00034376327
322,198,6.228872e-05
323,198,0.00034305174
324,198,
325,198,0.0009155264
326,198,0.0010674177
327,198,0.00051961746
328,198,0.0009959424
329,198,0.00055352226
330,198,0.00074169226
331,198,0.0004201159
332,198,0.00043236278
333,198,0.00053386483
334,198,0.0006579459
335,198,0.00066404603
336,198,0.00069915317
337,198,0.0004226556
338,198,0.000598805
339,198,0.0007122252
340,198,0.0003094226
341,198,0.0007873364
342,198,0.00015288219
343,198,0.0005507767
344,198,0.00051193684
345,198,0.0001817504
346,198,9.897165e-05
347,198,
348,198,
349,198,
350,198,
351,198,
352,198,
353,198,0.00061046705
354,198,
355,198,
356,198,
357,198,
358,198,
359,198,
360,198,
361,198,
362,198,
363,198,
364,198,0.00028143544
365,198,0.00039701164
366,198,0.00020180829
367,198,0.0003633136
368,198,0.0006063171
369,198,0.00048097782
370,198,0.00041435845
371,198,0.00073665846
372,198,0.00052536745
373,198,0.0011422336
374,198,0.00035168976
375,198,0.00039889105
376,198,0.00011152495
377,198,0.0005753357
378,198,0.0002818918
379,198,-0.00018503796
380,198,0.0006900281
381,198,0.0010952633
382,198,0.00040864293
383,198,0.0007703556
384,198,0.0003740033
385,198,0.0004313672
386,198,0.00040561147
387,198,0.000738441
388,198,0.0005531581
389,198,0.00041475892
390,198,0.0005969228
391,198,0.00054123905
392,198,1.2472272e-05
393,198,0.0004702881
394,198,0.00023279618
395,198,0.00052854884
396,198,0.0007693274
397,198,0.0004886063
398,198,0.0008899011
399,198,0.0007847948
400,198,0.0006306777
401,198,0.0004261518
402,198,0.0005181655
403,198,0.0006678449
404,198,0.0006247042
405,198,0.00081181247
406,198,0.00078435335
407,198,0.0005207062
408,198,0.00043100584
409,198,0.000836133
410,198,0.0006772466
411,198,0.0007329639
412,198,0.00036108028
413,198,0.0004627332
414,198,0.00094838813
415,198,0.00079663284
416,198,0.00052679516
417,198,0.00037483964
418,198,0.0007917285
419,198,0.0004941616
420,198,0.000467835
421,198,0.0009319391
422,198,-0.00014178641
423,198,0.00016066991
424,198,0.0006220741
425,198,0.000466818
426,198,0.00061432086
427,198,0.0006520068
428,198,0.00045177154
429,198,8.444302e-05
430,198,3.8731843e-05
431,198,0.00075521413
432,198,0.00036000554
433,198,0.00013715774
434,198,0.0003918307
435,198,0.00064412225
436,198,0.00047671422
437,198,0.0012782775
438,198,0.00035246834
439,198,0.00038667955
440,198,0.0012127636
441,198,0.00061985664
442,198,0.00084951706
443,198,
444,198,
445,198,
446,198,
447,198,0.00078334473
448,198,0.00090438593
449,198,-0.00032895803
450,198,0.00020353217
451,198,0.00051702745
452,198,0.0005102707
453,198,0.00059588905
454,198,0.0006936062
455,198,0.0009326851
456,198,0.00046207104
457,198,0.0006948337
458,198,0.0005060416
459,198,0.0008814158
460,198,0.0005190503
461,198,0.00088447705
462,198,0.0005919384
463,198,0.000522729
464,198,0.00066288933
465,198,0.00091260485
466,198,0.00045060646
467,198,0.00041010976
468,198,0.00095273927
469,198,0.00058899913
470,198,0.0011247303
471,198,0.00046009198
472,198,0.00046707224
473,198,0.00092783757
474,198,-4.203338e-05
475,198,0.00016719382
476,198,0.00022338517
477,198,0.0007434804
478,198,0.00084335264
479,198,0.00053839013
480,198,0.0007767901
481,198,0.0009157304
482,198,0.0005765902
483,198,-5.239062e-05
484,198,0.00023985282
485,198,2.5084242e-05
486,198,0.0011048857
487,198,0.00084631704
488,198,0.0005171113
489,198,0.00074062124
490,198,-9.376556e-06
491,198,0.0008761855
492,198,0.00020661298
493,198,-4.232861e-05
494,198,0.0007219603
0,199,0.00049285404
1,199,0.0005052872
2,199,0.0006655948
3,199,0.0005866699
4,199,0.00092854165
5,199,0.0006794855
6,199,0.00011952035
7,199,0.0005479101
8,199,0.00047280453
9,199,0.00073906686
10,199,-0.00013269112
11,199,-7.9018064e-05
12,199,0.00037505385
13,199,0.0007577846
14,199,0.0003927201
15,199,0.0002611857
16,199,0.00064241886
17,199,0.0008545397
18,199,0.0010542665
19,199,-3.1270087e-05
20,199,0.00047763903
21,199,0.0005746214
22,199,0.00063888077
23,199,0.0010790844
24,199,0.0005165823
25,199,0.0004254114
26,199,0.00043804385
27,199,0.0006757723
28,199,0.0006321324
29,199,0.00016028807
30,199,6.4061955e-05
31,199,0.0004380094
32,199,0.00034835376
33,199,0.00041319616
34,199,0.00075846165
35,199,0.0001982525
36,199,0.00094184093
37,199,0.00017124787
38,199,0.00084388163
39,199,0.00020454731
40,199,0.00030742027
41,199,0.0006106021
42,199,0.0008681379
43,199,0.00086297654
44,199,0.000638539
45,199,0.00045003463
46,199,0.00042745844
47,199,0.0001349058
48,199,0.00045063347
49,199,0.0008332487
50,199,0.00030044466
51,199,0.000828648
52,199,0.00047677383
53,199,0.00087757036
54,199,0.00073252246
55,199,0.00096803065
56,199,0.00049631577
57,199,0.0008876696
58,199,0.00090155564
59,199,0.00061430223
60,199,0.00030054897
61,199,0.0007159347
62,199,0.0005779993
63,199,
64,199,
65,199,0.00046089943
66,199,0.0006268453
67,199,0.00057115965
68,199,0.00036986172
69,199,0.00067042466
70,199,
71,199,0.0004824493
72,199,0.00080519915
73,199,0.0005990928
74,199,0.000643258
75,199,0.0007061772
76,199,0.00033867173
77,199,0.00036954135
78,199,0.0005843993
79,199,0.00030272547
80,199,-1.2784265e-05
81,199,0.00085471384
82,199,0.00019841548
83,199,0.00074289273
84,199,0.00050301757
85,199,0.00014469307
86,199,0.00044903532
87,199,0.0006256094
88,199,0.0004437687
89,199,0.00065390486
90,199,0.00093737803
91,199,0.0007137414
92,199,
93,199,
94,199,
95,199,
96,199,
97,199,
98,199,
99,199,0.0006690314
100,199,
101,199,0.00077199563
102,199,0.0010145344
103,199,
104,199,
105,199,
106,199,0.0003445875
107,199,0.0007967148
108,199,0.00070703775
109,199,0.0007598726
110,199,0.0008448418
111,199,0.00063230656
112,199,0.00083158445
113,199,0.0009388197
114,199,0.0010698531
115,199,0.00080874376
116,199,0.0010581315
117,199,0.0007271748
118,199,0.00048560463
119,199,0.00074584223
120,199,0.00065864716
121,199,0.0006922139
122,199,0.00021681376
123,199,0.0005124826
124,199,0.0010957113
125,199,0.001201232
126,199,0.0006746305
127,199,0.0004549902
128,199,0.00054948963
129,199,0.0005759243
130,199,0.000547288
131,199,0.0006427504
132,199,0.000495974
133,199,0.00042052753
134,199,0.00040676817
135,199,
136,199,
137,199,
138,199,
139,199,
140,199,
141,199,
142,199,
143,199,
144,199,
145,199,
146,199,
147,199,
148,199,
149,199,
150,199,
151,199,0.00068812165
152,199,0.00015237182
153,199,0.0009190794
154,199,0.0009043021
155,199,0.00023831613
156,199,0.00043299794
157,199,0.000630917
158,199,0.00077176
159,199,0.00067499187
160,199,0.0006524781
161,199,0.00045844633
162,199,0.00038492307
163,199,0.0005186582
164,199,0.0003859792
165,199,-5.8105215e-05
166,199,0.0007100161
167,199,0.00035562832
168,199,0.00070145633
169,199,0.00086822733
170,199,0.0009326888
171,199,0.00072358456
172,199,0.0009854743
173,199,0.00014258083
174,199,0.00015934464
175,199,0.00054082274
176,199,0.00074868836
177,199,0.0010293936
178,199,0.00085952505
179,199,0.0005770866
180,199,0.0005405834
181,199,0.00077550113
182,199,0.0009733923
183,199,0.00058816373
184,199,0.0010308092
185,199,0.000721287
186,199,0.00033288263
187,199,0.0005683135
188,199,0.00037146173
189,199,0.00090980344
190,199,0.0006721029
191,199,4.37703e-05
192,199,0.0005539926
193,199,0.00045052078
194,199,0.00057143066
195,199,0.0005323803
196,199,0.0006234674
197,199,0.0005693156
198,199,0.0006470727
199,199,0.00054623187
200,199,0.00035088602
201,199,0.0005036332
202,199,0.00063859206
203,199,0.0004897993
204,199,0.00094068423
205,199,0.0010739844
206,199,0.00054621603
207,199,0.00052534975
208,199,0.0006776275
209,199,0.0006146021
210,199,0.00018168427
211,199,0.00026408676
212,199,0.0006148247
213,199,7.823482e-05
214,199,0.00096248835
215,199,0.00059571397
216,199,0.0003033504
217,199,0.00059400685
218,199,0.00022136979
219,199,0.0006172983
220,199,0.0007421775
221,199,0.00057859067
222,199,0.0007031113
223,199,0.00050057005
224,199,0.00023841672
225,199,0.00071959384
226,199,0.0006632088
227,199,0.0008726707
228,199,0.00058251247
229,199,0.00032504648
230,199,0.0008999966
231,199,0.00042542815
232,199,9.7721815e-05
233,199,0.0005847346
234,199,0.00034276303
235,199,0.00023658574
236,199,0.00042546354
237,199,-5.9202313e-05
238,199,0.00045061298
239,199,0.0010016328
240,199,0.00056337006
241,199,0.00021493342
242,199,3.1354837e-05
243,199,0.00029873196
244,199,0.00048656203
245,199,0.00055866595
246,199,0.0007384317
247,199,0.0005296711
248,199,0.00085162465
249,199,0.0005196333
250,199,0.0009801602
251,199,0.0001135841
252,199,0.0008047214
253,199,0.0005707769
254,199,0.00057084765
255,199,0.0007332014
256,199,0.0007188665
257,199,0.00040754862
258,199,0.0005945647
259,199,0.0003799321
260,199,0.0004891027
261,199,0.0011196658
262,199,0.0006626984
263,199,0.0007635979
264,199,0.00081266556
265,199,0.0005706372
266,199,0.0005507469
267,199,0.00083329994
268,199,0.0003768718
269,199,0.00020421948
270,199,0.00059222244
271,199,-0.00020166859
272,199,0.0007477058
273,199,-6.165076e-05
274,199,0.00063315313
275,199,0.0008736169
276,199,0.00034170784
277,199,0.0010962393
278,199,0.0010388736
279,199,0.00034942478
280,199,0.0005818149
281,199,0.00021944847
282,199,0.00039838348
283,199,0.00056802016
284,199,0.0006069876
285,199,0.0008944096
286,199,0.0006008409
287,199,0.0011376021
288,199,0.00035292748
289,199,-0.00021464564
290,199,0.0004286524
291,199,0.000428685
292,199,0.00092635397
293,199,6.891601e-05
294,199,0.00049585477
295,199,0.00037212484
296,199,0.00059179496
297,199,0.0006447863
298,199,0.0010248888
299,199,0.00073304214
300,199,0.0007283855
301,199,0.00028007478
302,199,0.00042490568
303,199,0.00032154098
304,199,0.0007182844
305,199,0.00043684617
306,199,0.00067322236
307,199,0.0007265005
308,199,0.00090293214
309,199,0.00039327238
310,199,0.000332891
311,199,0.0003617294
312,199,0.00082576275
313,199,0.0006910851
314,199,0.00047996268
315,199,
316,199,
317,199,0.00071225036
318,199,0.00039267354
319,199,0.0006854171
320,199,0.00033773202
321,199,0.00082447845
322,199,0.0007682489
323,199,0.0006484417
324,199,
325,199,0.0006582588
326,199,0.00076503307
327,199,0.00057118386
328,199,0.0003630258
329,199,0.00039277505
330,199,0.0005976856
331,199,0.00063953176
332,199,0.0011083558
333,199,0.0005702162
334,199,0.00049867854
335,199,0.00072888285
336,199,0.0006792294
337,199,0.00060954783
338,199,0.00044996478
339,199,0.0007069772
340,199,0.00047828723
341,199,0.0006686663
342,199,0.00060745236
343,199,-5.0998293e-05
344,199,0.00081037823
345,199,0.0009919452
346,199,0.00012701657
347,199,
348,199,
349,199,
350,199,0.000118402764
351,199,
352,199,
353,199,
354,199,0.00082194526
355,199,
356,199,0.0008473182
357,199,
358,199,
359,199,
360,199,
361,199,
362,199,
363,199,
364,199,0.00059910957
365,199,0.00039508194
366,199,0.0002653841
367,199,0.00043307059
368,199,0.00045680068
369,199,0.0007454902
370,199,0.00086226314
371,199,0.00022663921
372,199,0.0011831243
373,199,0.00048784819
374,199,0.00061586127
375,199,0.00068607926
376,199,0.00035361852
377,199,0.00022380985
378,199,-0.00019055791
379,199,0.00062212907
380,199,0.00065510534
381,199,0.0007209908
382,199,0.0005486058
383,199,0.00054938905
384,199,0.00047563296
385,199,0.00042434968
386,199,0.0005849274
387,199,0.00088833366
388,199,0.00038531236
389,199,0.0007313518
390,199,0.00042374432
391,199,0.0008309595
392,199,0.00037151575
393,199,0.00074758474
394,199,0.00064416975
395,199,0.0003902996
396,199,0.00044087693
397,199,0.0010577478
398,199,0.0010163924
399,199,0.00093492307
400,199,0.00046962686
401,199,0.00090478174
402,199,0.0007560393
403,199,0.00086393487
404,199,0.0006823391
405,199,0.00055170245
406,199,0.0003175484
407,199,0.00051356293
408,199,0.0006477274
409,199,0.00046268944
410,199,0.0005234517
411,199,0.00075792335
412,199,0.00049587525
413,199,0.0008012708
414,199,0.000807669
415,199,0.00052225776
416,199,0.0010174569
417,199,0.00070255436
418,199,0.0008608317
419,199,0.00021044444
420,199,0.00054449495
421,199,0.00039865263
422,199,0.00060618296
423,199,0.0008373074
424,199,0.0007427111
425,199,0.00073479675
426,199,0.0005887039
427,199,0.0007437682
428,199,0.00052781124
429,199,0.00066137314
430,199,0.0008625109
431,199,0.0006781537
432,199,0.000415151
433,199,0.00040410366
434,199,0.00088235736
435,199,0.0004552165
436,199,0.00023000129
437,199,0.0005598264
438,199,0.0008879993
439,199,0.00032621901
440,199,0.0009236345
441,199,0.00032196846
442,199,0.00073234364
443,199,0.00059112627
444,199,
445,199,
446,199,0.00048198272
447,199,0.0008897325
448,199,0.0009246897
449,199,0.00073717907
450,199,0.00041554496
451,199,8.83434e-05
452,199,0.00053023454
453,199,0.0012197737
454,199,0.00094205886
455,199,0.00013787206
456,199,0.00035030302
457,199,0.0010291003
458,199,0.00085089076
459,199,0.0007574009
460,199,0.00014846306
461,199,0.00014091283
462,199,0.00072854664
463,199,0.0004855916
464,199,0.0007978454
465,199,0.0009146407
466,199,0.0004916359
467,199,0.00049371924
468,199,0.00062348694
469,199,0.00041930098
470,199,0.00036108587
471,199,0.00053989515
472,199,0.0003906982
473,199,0.0003269799
474,199,0.00020424835
475,199,0.00044567045
476,199,0.00023122411
477,199,0.0011651041
478,199,0.0007253261
479,199,0.0006245794
480,199,0.00031152088
481,199,0.00032885652
482,199,0.0009945789
483,199,0.00046642497
484,199,0.00027566962
485,199,0.0006332146
486,199,0.00043403544
487,199,0.00033659488
488,199,0.0010665162
489,199,0.00050911773
490,199,0.00070340093
491,199,0.00068735145
492,199,0.00038893055
493,199,0.00080687646
494,199,0.0010612458
0,200,0.00070654415
1,200,-0.00011557154
2,200,0.00023656338
3,200,0.00019661337
4,200,0.0011485862
5,200,2.0948239e-05
6,200,0.00036867242
7,200,-4.2881817e-05
8,200,0.00063304324
9,200,0.00038534403
10,200,0.00078127906
11,200,0.00042991806
12,200,0.00024332386
13,200,-0.0003449833
14,200,0.00020892732
15,200,0.00083260424
16,200,0.00061596837
17,200,0.00060399063
18,200,0.00045139715
19,200,0.00050137285
20,200,0.00036042463
21,200,0.0006555412
22,200,0.00026952568
23,200,0.00014796201
24,200,0.00022159237
25,200,0.0009608902
26,200,0.0005323766
27,200,0.00013020635
28,200,0.00026194565
29,200,0.0003829114
30,200,0.00056326017
31,200,0.00043527875
32,200,0.000548427
33,200,0.00013677403
34,200,0.00021430477
35,200,0.00035758782
36,200,0.00068708044
37,200,0.00011892803
38,200,0.00055257883
39,200,0.00019358192
40,200,0.00042031705
41,200,0.00086447224
42,200,0.00016572047
43,200,0.0005762754
44,200,0.0005390821
45,200,0.00027468707
46,200,0.0005287519
47,200,0.0005121771
48,200,0.00030673295
49,200,0.0006790366
50,200,0.00028895773
51,200,0.0011376832
52,200,0.00031370018
53,200,0.00060914457
54,200,0.00042867288
55,200,0.00062677916
56,200,0.0005301777
57,200,0.0005076071
58,200,0.000246617
59,200,0.0005367361
60,200,0.00061087776
61,200,0.00054101646
62,200,
63,200,
64,200,
65,200,0.000552373
66,200,0.0004624687
67,200,0.00055053644
68,200,0.0008034883
69,200,0.0004689591
70,200,-6.785244e-05
71,200,0.00047954544
72,200,0.00049295835
73,200,0.00040793233
74,200,0.00028645806
75,200,-0.00032158196
76,200,0.00036526937
77,200,0.00032210536
78,200,0.00012032967
79,200,0.00031805877
80,200,0.0003554616
81,200,-0.0002013687
82,200,0.0008406937
83,200,0.00028210226
84,200,0.0001611514
85,200,0.0003614016
86,200,0.0003504213
87,200,0.0010077786
88,200,0.00044635404
89,200,0.0004972778
90,200,0.0010278281
91,200,0.001073827
92,200,
93,200,
94,200,
95,200,
96,200,
97,200,
98,200,0.0005372679
99,200,
100,200,
101,200,
102,200,
103,200,
104,200,
105,200,
106,200,0.0008236151
107,200,0.0010006893
108,200,0.0007090336
109,200,0.0011031833
110,200,0.0010093721
111,200,0.00092343707
112,200,0.0011842279
113,200,0.0010506129
114,200,0.0010143863
115,200,0.0012201583
116,200,0.0010458678
117,200,0.0010723732
118,200,0.00041064806
119,200,0.00024463423
120,200,0.00074405875
121,200,0.00042124372
122,200,0.0011521969
123,200,0.00054753106
124,200,0.00077453256
125,200,0.0005874615
126,200,0.00063089933
127,200,0.0006484818
128,200,0.0005385373
129,200,0.0007837489
130,200,0.00066172425
131,200,0.00046014786
132,200,0.0006451197
133,200,0.0003623087
134,200,0.00020036753
135,200,
136,200,
137,200,
138,200,
139,200,
140,200,
141,200,
142,200,
143,200,
144,200,
145,200,
146,200,
147,200,
148,200,0.00065899175
149,200,
150,200,4.3598004e-05
151,200,
152,200,0.0006827451
153,200,0.0010309713
154,200,0.00034439098
155,200,0.00017648097
156,200,0.00055824127
157,200,0.00033890177
158,200,0.00064068194
159,200,0.00041919574
160,200,0.0004164474
161,200,0.0008161422
162,200,0.0004988052
163,200,0.00053483434
164,200,0.00046207104
165,200,0.0005861018
166,200,0.00057670847
167,200,0.0006670542
168,200,0.00048722327
169,200,0.0008382937
170,200,0.0008889297
171,200,0.0004077023
172,200,-9.433646e-05
173,200,0.00032432564
174,200,0.00038065203
175,200,0.00055331085
176,200,6.166566e-05
177,200,0.00029767025
178,200,5.0675124e-05
179,200,0.00028736517
180,200,0.0002603568
181,200,0.0005552964
182,200,0.0004591383
183,200,0.0009893728
184,200,0.0010120552
185,200,0.0005110437
186,200,0.0009279158
187,200,0.0007603066
188,200,0.0006368356
189,200,0.00058694556
190,200,0.0006779842
191,200,0.00092318933
192,200,0.00037260912
193,200,0.00023644324
194,200,0.0004106965
195,200,0.00083479006
196,200,0.00075353123
197,200,0.0006970903
198,200,0.0009625703
199,200,0.0004564533
200,200,0.0005869353
201,200,0.00064149126
202,200,0.00041201152
203,200,0.00035288557
204,200,0.0007136632
205,200,0.00084943324
206,200,0.00030557346
207,200,0.00035521388
208,200,0.0008340087
209,200,0.0008791452
210,200,0.0009139078
211,200,0.0008335607
212,200,0.0007023243
213,200,0.0007351283
214,200,0.00094545167
215,200,0.0009892872
216,200,0.00028388947
217,200,0.00044539757
218,200,0.00049244147
219,200,0.00081768166
220,200,0.0005272925
221,200,0.00066453125
222,200,0.0010144562
223,200,0.00084558036
224,200,0.00040771253
225,200,0.0007621413
226,200,0.00093117636
227,200,0.0012075128
228,200,0.00069980416
229,200,0.00067132805
230,200,0.00067263376
231,200,0.0003679376
232,200,0.00045011658
233,200,0.00029001664
234,200,0.00061988644
235,200,0.00095115416
236,200,0.00044488534
237,200,0.0004670741
238,200,0.00039525516
239,200,0.00043209828
240,200,0.0005129799
241,200,5.574897e-05
242,200,0.00076878816
243,200,0.0008054422
244,200,0.000514416
245,200,4.475005e-05
246,200,0.00051837973
247,200,0.00062214024
248,200,0.0007148273
249,200,0.0006127618
250,200,0.0007799426
251,200,0.0008109445
252,200,-6.363075e-05
253,200,0.00062794983
254,200,0.00012915581
255,200,0.00038498454
256,200,0.00038158335
257,200,0.0008495087
258,200,0.00053927675
259,200,0.00066165254
260,200,0.00046796165
261,200,0.00056800526
262,200,0.0003814362
263,200,0.0006360989
264,200,0.000507677
265,200,0.00061562285
266,200,0.0004267767
267,200,0.0002785679
268,200,0.0007742569
269,200,0.00038275588
270,200,-0.00010793749
271,200,0.00052333344
272,200,0.0003134571
273,200,0.00028902665
274,200,0.0003898451
275,200,0.00073202513
276,200,-4.2083673e-05
277,200,0.00027416553
278,200,0.00088851806
279,200,0.00011325255
280,200,0.0005466575
281,200,0.0006533796
282,200,0.0005114814
283,200,0.00045155268
284,200,0.0006918842
285,200,0.0008727228
286,200,0.0003930265
287,200,0.00064817443
288,200,0.0007195296
289,200,0.00067886617
290,200,0.00076875556
291,200,0.0010184944
292,200,0.000945488
293,200,0.0009475816
294,200,0.00036181044
295,200,0.0006590886
296,200,-0.00022534281
297,200,0.00088883005
298,200,0.00039448123
299,200,0.00087130256
300,200,0.0007884577
301,200,0.0004167119
302,200,0.00089957565
303,200,0.001128492
304,200,0.00060343556
305,200,0.00097460207
306,200,0.00056647696
307,200,0.00064771436
308,200,0.0006226571
309,200,0.00020280108
310,200,0.0005654227
311,200,0.0007210318
312,200,8.9707784e-05
313,200,0.0005937284
314,200,8.9729205e-05
315,200,0.00061100256
316,200,0.00052254833
317,200,
318,200,0.0008375533
319,200,0.00130306
320,200,0.00071634725
321,200,0.0006211959
322,200,0.0004692208
323,200,0.00077292137
324,200,0.00031837728
325,200,0.00031385478
326,200,0.0006389404
327,200,0.00013956428
328,200,0.0007019611
329,200,0.00031237584
330,200,0.0008624606
331,200,0.00082766917
332,200,0.0009238934
333,200,0.001128166
334,200,0.0004884843
335,200,0.00075563695
336,200,0.000556062
337,200,0.000818233
338,200,0.0004059868
339,200,0.000636572
340,200,0.0006401893
341,200,0.000957964
342,200,0.00037003402
343,200,-2.7477741e-05
344,200,0.0004754439
345,200,0.00073992833
346,200,0.0001273388
347,200,
348,200,
349,200,
350,200,0.0005404679
351,200,
352,200,
353,200,
354,200,0.00056789536
355,200,
356,200,
357,200,
358,200,
359,200,
360,200,
361,200,
362,200,
363,200,
364,200,0.0007017404
365,200,0.0005776845
366,200,0.0007654354
367,200,-0.00022461358
368,200,0.00011899322
369,200,0.0008300524
370,200,0.00036595017
371,200,0.0007287776
372,200,0.00037840102
373,200,-0.00019011833
374,200,0.00027784146
375,200,-2.9224902e-05
376,200,0.00042573456
377,200,0.0009338446
378,200,0.00043480378
379,200,0.00010928977
380,200,0.0009227302
381,200,0.00010080263
382,200,0.00048833527
383,200,0.00070971437
384,200,7.764064e-05
385,200,0.0013626479
386,200,0.00088580325
387,200,0.0010029459
388,200,0.0004906906
389,200,0.00019360706
390,200,0.00029227696
391,200,0.0007892549
392,200,0.00057497993
393,200,0.0002495218
394,200,0.00044278055
395,200,0.0002313815
396,200,0.0008892622
397,200,0.00076559745
398,200,0.0008757096
399,200,0.000808713
400,200,0.0006774897
401,200,0.00040392112
402,200,0.0002146503
403,200,0.0008323267
404,200,0.00047939643
405,200,0.00068367645
406,200,0.0006383844
407,200,0.00067633344
408,200,0.0010389667
409,200,0.00049016625
410,200,0.0005407864
411,200,0.0007043304
412,200,0.0001940215
413,200,0.0006068554
414,200,0.00018948317
415,200,0.00027961284
416,200,0.00085295644
417,200,0.000162201
418,200,0.00053598266
419,200,5.9993006e-05
420,200,0.00039149262
421,200,0.0003959518
422,200,0.00069789216
423,200,0.00079160556
424,200,0.00039097574
425,200,0.0006705681
426,200,0.00081445184
427,200,0.00048941746
428,200,0.00050197076
429,200,0.00052839145
430,200,0.00091247074
431,200,0.0012765191
432,200,0.0006119646
433,200,8.2897954e-05
434,200,0.00036874413
435,200,0.00063489005
436,200,0.0006666444
437,200,0.0011024792
438,200,0.0013477728
439,200,0.00086564757
440,200,0.00080851093
441,200,0.00058544613
442,200,0.0009992635
443,200,0.0006933948
444,200,
445,200,
446,200,
447,200,0.00048152078
448,200,0.001161064
449,200,0.00081786606
450,200,0.00037533883
451,200,0.0006615687
452,200,-0.00015406031
453,200,0.00023742113
454,200,0.0007674983
455,200,0.0009492608
456,200,0.00046015158
457,200,0.00096026063
458,200,0.00036114547
459,200,0.0006828839
460,200,0.000586194
461,200,0.000774106
462,200,0.0009874143
463,200,0.00085734297
464,200,0.000111580826
465,200,0.000862102
466,200,0.0010496434
467,200,0.0012954399
468,200,0.0003251098
469,200,0.00017019827
470,200,0.00019651465
471,200,0.0003003711
472,200,0.0010609925
473,200,0.0006820047
474,200,0.0005403552
475,200,0.0006214194
476,200,1.7003156e-05
477,200,0.0007094946
478,200,0.0012115221
479,200,0.0007805396
480,200,0.00042079203
481,200,0.0009351503
482,200,0.0011362433
483,200,0.00055277906
484,200,0.00020360667
485,200,0.0005171159
486,200,0.0005423827
487,200,0.00037005916
488,200,0.0006799679
489,200,0.0006894497
490,200,0.0006829044
491,200,0.0005305819
492,200,0.000850264
493,200,0.00056565646
494,200,0.00058621354
0,201,0.00092791766
1,201,0.0003736643
2,201,0.00055018254
3,201,0.00037111994
4,201,0.00070574693
5,201,0.00021494552
6,201,0.00018485542
7,201,0.00027882587
8,201,-2.6613474e-05
9,201,0.00072335545
10,201,0.0003919853
11,201,0.00096241105
12,201,0.0002078265
13,201,0.0001259679
14,201,0.0003177356
15,201,0.00039689895
16,201,0.0005890634
17,201,0.0007811636
18,201,0.000560984
19,201,-0.00029665884
20,201,0.0005067494
21,201,0.00023071561
22,201,-0.00012710132
23,201,0.00031030923
24,201,0.00022229459
25,201,0.00032923743
26,201,0.0006693341
27,201,0.00078492705
28,201,0.00014448632
29,201,4.653074e-05
30,201,0.00069738925
31,201,0.00026615057
32,201,0.00087093003
33,201,0.00022333488
34,201,5.7457015e-05
35,201,0.0006522117
36,201,0.00045193266
37,201,0.0010224227
38,201,0.0006166613
39,201,0.0003563622
40,201,0.0006047534
41,201,0.0007469682
42,201,0.00080457143
43,201,0.00041904952
44,201,0.0008284431
45,201,0.0004275823
46,201,0.0004086811
47,201,0.0003298428
48,201,0.0005659554
49,201,0.0010743001
50,201,0.0007650573
51,201,0.0007891441
52,201,-0.00017778389
53,201,0.00029486045
54,201,0.0009150645
55,201,-0.00019694865
56,201,0.00086855143
57,201,0.00056143105
58,201,0.00013264176
59,201,0.00036717765
60,201,0.00036910456
61,201,
62,201,
63,201,
64,201,0.00079234876
65,201,0.0005396567
66,201,0.0006195409
67,201,0.0007357169
68,201,0.00081137754
69,201,0.0008660862
70,201,0.00029466674
71,201,0.00022087712
72,201,0.00037194043
73,201,0.00071233884
74,201,0.001070288
75,201,0.0004793927
76,201,0.0007703835
77,201,0.00016110204
78,201,0.0005505616
79,201,0.0007966133
80,201,0.0006466191
81,201,1.6633421e-05
82,201,0.0004288284
83,201,0.00034654886
84,201,0.0004697498
85,201,0.00021619163
86,201,0.00043702964
87,201,0.0011672638
88,201,0.00066768564
89,201,0.0006051045
90,201,0.00042058155
91,201,0.0009887954
92,201,
93,201,
94,201,
95,201,
96,201,0.0006816732
97,201,
98,201,
99,201,
100,201,0.00073793344
101,201,0.00057310425
102,201,0.00051047746
103,201,
104,201,
105,201,0.0005240571
106,201,0.0007298449
107,201,0.0015010899
108,201,0.00067505613
109,201,0.0007816907
110,201,0.0011669388
111,201,0.0009065727
112,201,0.0012664078
113,201,0.0008416921
114,201,0.0010592686
115,201,0.0011302754
116,201,0.0011755805
117,201,0.0009056814
118,201,0.0009791581
119,201,0.00063046534
120,201,0.0005894257
121,201,0.000591781
122,201,0.0007115267
123,201,0.00083504897
124,201,0.00086784456
125,201,0.00063425396
126,201,0.0010760408
127,201,0.00084526464
128,201,0.0008613877
129,201,0.00079256576
130,201,0.00081096124
131,201,0.00064947736
132,201,0.0002848059
133,201,0.0009918613
134,201,0.0001958292
135,201,
136,201,
137,201,
138,201,
139,201,
140,201,
141,201,
142,201,
143,201,
144,201,
145,201,
146,201,
147,201,
148,201,
149,201,
150,201,
151,201,-0.00025010575
152,201,0.0010521375
153,201,0.0007142173
154,201,0.00064894184
155,201,0.00046352763
156,201,0.00031062216
157,201,0.00019364804
158,201,0.0008135941
159,201,0.00056543294
160,201,0.00091056153
161,201,0.000618658
162,201,0.00027644914
163,201,0.00024352688
164,201,0.000590818
165,201,0.00039450824
166,201,0.0011505028
167,201,0.0011659237
168,201,0.00053314865
169,201,0.000364664
170,201,0.00016780384
171,201,0.00031453557
172,201,0.0006711781
173,201,0.00034242962
174,201,0.00063035544
175,201,0.0006037541
176,201,0.00059400965
177,201,0.0005695941
178,201,0.00041416846
179,201,0.00033241417
180,201,0.00024316646
181,201,0.00078954827
182,201,0.00047818292
183,201,0.00061175786
184,201,9.9538825e-05
185,201,0.00067748595
186,201,0.0002581114
187,201,0.0008218922
188,201,0.00025297236
189,201,0.00035386346
190,201,0.0002292078
191,201,0.00057853386
192,201,0.00084804
193,201,0.0002412647
194,201,0.0008050073
195,201,0.0010199612
196,201,0.0009958502
197,201,0.0008497089
198,201,0.00074195396
199,201,0.00046251807
200,201,0.000789701
201,201,0.00052757096
202,201,0.0005027391
203,201,0.00059335586
204,201,0.000852271
205,201,0.00047670119
206,201,0.0008129822
207,201,0.0003607357
208,201,0.0009476533
209,201,0.0010165405
210,201,0.00077106524
211,201,0.0004268838
212,201,0.0007117586
213,201,0.0009988593
214,201,0.00012852624
215,201,0.00032935757
216,201,0.0004150346
217,201,0.0007667281
218,201,0.0010030214
219,201,0.0012814421
220,201,0.0005816836
221,201,0.00077947974
222,201,0.00050604343
223,201,0.0005121585
224,201,0.0008460544
225,201,0.00053936895
226,201,0.0009937286
227,201,0.00034882966
228,201,0.0007412536
229,201,0.0008160472
230,201,0.0006587673
231,201,0.00071023125
232,201,0.00073446333
233,201,0.00010854099
234,201,0.0007328866
235,201,-0.00037798658
236,201,0.000903192
237,201,0.0011947006
238,201,0.00064605847
239,201,0.000105460174
240,201,0.00016050134
241,201,0.0001750188
242,201,0.000523638
243,201,0.0003235042
244,201,0.00064676814
245,201,0.00065932143
246,201,0.0007796539
247,201,0.0006666919
248,201,0.00074825436
249,201,0.00078377966
250,201,0.0006681895
251,201,0.00024160929
252,201,0.0005758712
253,201,0.0007118415
254,201,0.00031967275
255,201,-1.2059696e-05
256,201,0.00028424524
257,201,0.00066953246
258,201,0.00045041367
259,201,0.0008043274
260,201,0.00041078683
261,201,0.0008121487
262,201,0.0007099891
263,201,0.0006328048
264,201,0.00015051104
265,201,0.00077181775
266,201,0.00036422163
267,201,0.00018494856
268,201,0.00028610975
269,201,0.0006581824
270,201,0.0014395034
271,201,0.00014397688
272,201,-3.7308782e-05
273,201,0.00057785027
274,201,0.00054802373
275,201,0.0010558479
276,201,0.0007838225
277,201,0.0012827422
278,201,0.0004952913
279,201,0.0009727869
280,201,0.00028548576
281,201,0.00054013915
282,201,0.00028825458
283,201,0.00023793429
284,201,0.0005283402
285,201,0.0003184015
286,201,0.0003433656
287,201,0.00046670623
288,201,0.00030442514
289,201,0.00040343963
290,201,0.00059713423
291,201,0.0006440468
292,201,0.00031273626
293,201,0.00082079787
294,201,0.00069601275
295,201,0.0003466336
296,201,0.00077210553
297,201,0.0003649406
298,201,0.00054760836
299,201,0.00055663753
300,201,0.0008117482
301,201,0.0008511692
302,201,0.0007465705
303,201,0.0007216614
304,201,-7.8778714e-05
305,201,0.0009535933
306,201,0.00026547164
307,201,0.00042696297
308,201,0.0005561635
309,201,0.00043635815
310,201,0.0007382473
311,201,0.00059100706
312,201,0.000984624
313,201,0.00061386917
314,201,0.0003442699
315,201,0.0006915312
316,201,
317,201,
318,201,0.00043511298
319,201,
320,201,0.00062353443
321,201,0.0005856473
322,201,0.00081914105
323,201,0.00069824327
324,201,0.00048709568
325,201,
326,201,0.0005472591
327,201,0.00052322634
328,201,0.00070164073
329,201,0.00057099573
330,201,-9.917095e-05
331,201,0.00067986734
332,201,0.0008674506
333,201,0.00037303288
334,201,0.0009123739
335,201,0.0006079953
336,201,0.000837652
337,201,0.0006710999
338,201,0.0006766496
339,201,0.00048829336
340,201,0.0001904713
341,201,0.00031172298
342,201,0.00086823665
343,201,0.00017953198
344,201,0.0003451584
345,201,0.000421701
346,201,5.8723614e-05
347,201,
348,201,
349,201,
350,201,0.00056226086
351,201,
352,201,0.00017548911
353,201,
354,201,0.00028288923
355,201,
356,201,
357,201,0.0005371943
358,201,
359,201,
360,201,
361,201,
362,201,
363,201,
364,201,0.00018892623
365,201,0.00069661066
366,201,0.000118860975
367,201,0.00029962603
368,201,-4.5269728e-05
369,201,0.0007447181
370,201,0.0007263059
371,201,0.00042495877
372,201,0.00061931554
373,201,0.00036240462
374,201,0.0007483456
375,201,0.0005624555
376,201,0.00087112095
377,201,0.00081849657
378,201,0.00042112637
379,201,0.00017489493
380,201,0.00087573845
381,201,0.00057211146
382,201,0.00054603256
383,201,0.00017416663
384,201,0.0008013854
385,201,0.0012576394
386,201,0.0010031471
387,201,0.0007277606
388,201,0.0011544451
389,201,0.00087451376
390,201,0.00038336404
391,201,0.00047725253
392,201,-0.00016362406
393,201,0.00062646624
394,201,0.00021556765
395,201,0.0006334735
396,201,0.00037019327
397,201,0.00082205515
398,201,0.0004414618
399,201,0.00014987122
400,201,0.00047721248
401,201,0.00050279405
402,201,0.00058500096
403,201,0.0009597633
404,201,0.00096889026
405,201,0.00060403533
406,201,0.0007301923
407,201,0.0001489399
408,201,0.00071462337
409,201,0.0010308204
410,201,0.00071829
411,201,0.0009426875
412,201,0.0006092824
413,201,0.0005557416
414,201,0.0001828596
415,201,0.0003906805
416,201,0.0008347994
417,201,0.00053949654
418,201,0.0004254179
419,201,0.0003662994
420,201,0.00083319284
421,201,0.0006776862
422,201,0.0007406669
423,201,0.0013533458
424,201,0.0005723834
425,201,0.0006523356
426,201,0.00088245235
427,201,0.00036147982
428,201,0.00051242206
429,201,0.00046599098
430,201,0.00071649253
431,201,0.00046763197
432,201,0.000711442
433,201,0.00032140128
434,201,0.0009064982
435,201,0.0004766388
436,201,0.0005222829
437,201,0.00046078395
438,201,0.00030743144
439,201,0.0006569689
440,201,0.00016590953
441,201,0.00060951244
442,201,0.00023901556
443,201,
444,201,
445,201,
446,201,0.00048169494
447,201,1.9166619e-06
448,201,0.00041509885
449,201,0.0010688659
450,201,0.000636437
451,201,0.0006319387
452,201,0.00028289855
453,201,0.00064822286
454,201,0.00074113905
455,201,0.00038587768
456,201,0.0010348232
457,201,0.0008421382
458,201,0.0005567074
459,201,0.00033712387
460,201,0.00030557625
461,201,0.0005707545
462,201,0.00070880447
463,201,0.00047787372
464,201,0.0005927533
465,201,0.0006549312
466,201,0.000474222
467,201,0.0014308775
468,201,0.0011056792
469,201,0.0004641004
470,201,0.0006488282
471,201,-0.00010857452
472,201,0.0005568471
473,201,0.0008683251
474,201,0.0007723747
475,201,0.0005525481
476,201,0.00035640504
477,201,0.00040200818
478,201,0.0004595127
479,201,0.00031256862
480,201,0.00072305556
481,201,0.0007889597
482,201,0.00064407196
483,201,3.5276636e-05
484,201,0.0008236319
485,201,0.00018598791
486,201,0.00029363297
487,201,0.0010035383
488,201,0.0006586956
489,201,0.00051948987
490,201,0.00041362457
491,201,0.00027395505
492,201,0.0003676433
493,201,0.0007073814
494,201,0.0005179718
0,202,0.0005425103
1,202,0.00010765158
2,202,0.0006711483
3,202,0.00046957377
4,202,0.00030917954
5,202,0.00032327697
6,202,-0.0002728505
7,202,-0.00014847051
8,202,0.00048609264
9,202,0.0008951044
10,202,0.0004701726
11,202,0.0008864384
12,202,0.0007059034
13,202,0.0004425319
14,202,0.00045811385
15,202,0.00030360091
16,202,0.00014186371
17,202,0.0003667064
18,202,0.00034513883
19,202,0.0010557622
20,202,0.00055235624
21,202,0.0002842527
22,202,0.000522851
23,202,0.00060319994
24,202,0.000823047
25,202,0.00033181347
26,202,0.00066486094
27,202,0.0004932992
28,202,6.390922e-05
29,202,0.00086672045
30,202,0.00017616898
31,202,0.0007368997
32,202,0.0007526204
33,202,0.00032850727
34,202,0.00048998
35,202,0.0005608946
36,202,0.0004148269
37,202,0.00017591193
38,202,0.0003096275
39,202,0.0006700903
40,202,0.00019847043
41,202,0.0005423408
42,202,0.00063933525
43,202,0.0006097052
44,202,0.00032737013
45,202,0.00057076104
46,202,0.0001946576
47,202,0.0006938856
48,202,0.00074877776
49,202,0.0005852869
50,202,0.00024358183
51,202,0.0005828468
52,202,0.00045272894
53,202,0.00018211547
54,202,0.00048033427
55,202,0.00074585713
56,202,0.0010719933
57,202,9.669829e-05
58,202,3.031455e-06
59,202,0.00018642843
60,202,0.0008717654
61,202,
62,202,
63,202,
64,202,0.00066115614
65,202,0.0007243445
66,202,0.0006774524
67,202,0.00031940453
68,202,0.0005213786
69,202,-0.000105073676
70,202,0.00053057354
71,202,0.00069521926
72,202,7.360522e-05
73,202,0.0006334353
74,202,0.00050657894
75,202,0.0004987018
76,202,0.00031264685
77,202,-0.00015214365
78,202,0.00036565028
79,202,0.0007542288
80,202,0.00027568825
81,202,0.00050915126
82,202,0.00053822715
83,202,-9.809341e-05
84,202,0.00078721624
85,202,0.0011055982
86,202,0.0009048842
87,202,0.00078957435
88,202,0.0007284554
89,202,0.00048950687
90,202,0.00071662944
91,202,0.0005978178
92,202,0.00070459954
93,202,
94,202,
95,202,
96,202,
97,202,
98,202,
99,202,0.0005986029
100,202,0.00039203465
101,202,0.0007470129
102,202,
103,202,0.00087048113
104,202,0.00061850064
105,202,0.0002836939
106,202,0.00091191754
107,202,0.001021673
108,202,0.00092995726
109,202,0.0009965021
110,202,0.00087267347
111,202,0.001198818
112,202,0.0009930842
113,202,0.0010856129
114,202,0.0010274444
115,202,0.0013082223
116,202,0.00109661
117,202,0.0010059951
118,202,0.0009902557
119,202,0.0005530147
120,202,0.0007155584
121,202,0.00036045164
122,202,0.0007074261
123,202,0.0004184395
124,202,0.0009209737
125,202,0.00076611433
126,202,0.0006534783
127,202,0.00043157674
128,202,0.00074844155
129,202,0.00015871879
130,202,0.00048487075
131,202,0.0005572364
132,202,0.0006709667
133,202,0.00044324342
134,202,0.0009640232
135,202,
136,202,
137,202,
138,202,
139,202,
140,202,
141,202,
142,202,
143,202,
144,202,
145,202,
146,202,
147,202,
148,202,
149,202,
150,202,0.0004823031
151,202,0.0005600527
152,202,0.0004015714
153,202,0.00048704073
154,202,-0.00027409475
155,202,0.0003082482
156,202,0.0003611464
157,202,0.00042886287
158,202,0.00048876926
159,202,0.0013088975
160,202,0.0002863882
161,202,0.0003045546
162,202,0.000762566
163,202,0.0005357051
164,202,0.0006366037
165,202,-4.6711415e-05
166,202,0.00023229141
167,202,0.00033490825
168,202,0.0006637862
169,202,0.0005426984
170,202,0.00013108738
171,202,5.646702e-05
172,202,0.00080102775
173,202,0.00020131283
174,202,0.00038345903
175,202,0.0007212348
176,202,0.0003242204
177,202,0.00081681926
178,202,0.00024333782
179,202,0.0008982122
180,202,0.00036350545
181,202,0.00034151133
182,202,0.0004291376
183,202,2.0256266e-05
184,202,0.0004684534
185,202,-0.00013581011
186,202,0.00045156386
187,202,0.0005170852
188,202,0.0009772908
189,202,0.00032187812
190,202,0.000294053
191,202,0.00033439323
192,202,0.000515976
193,202,0.0008169729
194,202,0.000833842
195,202,0.0005956786
196,202,0.001107879
197,202,0.0008361805
198,202,0.00067199115
199,202,0.00058125146
200,202,0.0004907008
201,202,0.00045691524
202,202,0.00028023217
203,202,0.0005404949
204,202,0.0006681122
205,202,0.00032631494
206,202,0.0003450783
207,202,0.0008109119
208,202,0.0005044006
209,202,0.00075583346
210,202,0.00041634962
211,202,0.000819955
212,202,0.0003328435
213,202,0.00044204202
214,202,0.00033310894
215,202,0.0005049687
216,202,0.0010666577
217,202,0.001162108
218,202,0.00062701665
219,202,0.0007325802
220,202,0.00067528524
221,202,0.0005268529
222,202,0.00053586066
223,202,0.00061819144
224,202,0.0007664403
225,202,0.00063553173
226,202,0.0008076159
227,202,0.00063460506
228,202,0.0009283442
229,202,0.0010554418
230,202,0.00010689162
231,202,0.00075303856
232,202,0.0009864811
233,202,0.00048138388
234,202,4.525762e-05
235,202,0.00043918006
236,202,0.00066573266
237,202,-0.00013314933
238,202,0.00026798062
239,202,0.00066954363
240,202,-0.00019841548
241,202,0.000930896
242,202,3.827736e-06
243,202,4.8223883e-06
244,202,0.0010098433
245,202,0.00065277144
246,202,0.00018501095
247,202,0.0009234566
248,202,0.00022543967
249,202,0.00042902585
250,202,0.00097458437
251,202,0.0005329931
252,202,0.00050571
253,202,0.00011201948
254,202,0.00091826543
255,202,3.4881756e-05
256,202,0.0003021378
257,202,3.675744e-05
258,202,0.00046773814
259,202,0.00035017356
260,202,0.0009676423
261,202,0.0004366478
262,202,0.0004523173
263,202,0.00037823338
264,202,0.00021102652
265,202,0.0006546518
266,202,0.00056837127
267,202,-0.00015883427
268,202,-6.6182576e-05
269,202,0.0012936499
270,202,0.000306434
271,202,0.00027542654
272,202,0.0011930075
273,202,4.439149e-05
274,202,0.0005653687
275,202,0.0008740546
276,202,0.0005396148
277,202,7.881783e-05
278,202,0.0007462362
279,202,0.0010092612
280,202,0.0009278478
281,202,0.0002490487
282,202,0.00012976583
283,202,0.00042428263
284,202,0.00040687248
285,202,0.00020338502
286,202,0.0005808212
287,202,0.0004930571
288,202,0.00047444832
289,202,0.0006324416
290,202,0.0004560724
291,202,0.00048226304
292,202,0.0006290041
293,202,0.00055167265
294,202,0.00019775238
295,202,0.0006127823
296,202,0.00036320277
297,202,0.00049802754
298,202,0.0004555164
299,202,0.0009853039
300,202,0.00032541063
301,202,0.0007358799
302,202,3.810413e-05
303,202,0.0007549003
304,202,0.0004759971
305,202,0.0005234713
306,202,0.00039938837
307,202,0.00026578363
308,202,0.00067657046
309,202,0.00035234634
310,202,0.0004571816
311,202,0.00036119297
312,202,0.00014389679
313,202,0.00023714453
314,202,0.0005117627
315,202,0.00049041584
316,202,
317,202,0.00040185265
318,202,0.00048736297
319,202,
320,202,0.0003832681
321,202,0.00063936226
322,202,
323,202,0.00014464557
324,202,0.0002706321
325,202,0.0006876802
326,202,0.00034847297
327,202,0.0005412875
328,202,0.00027438533
329,202,0.00071919896
330,202,0.00045150518
331,202,0.00041515753
332,202,0.0009423867
333,202,0.000647177
334,202,0.0010055155
335,202,0.0010169
336,202,0.00056381896
337,202,0.0008078078
338,202,0.00082719885
339,202,0.0007112771
340,202,0.0006862199
341,202,0.00043801777
342,202,0.0003259303
343,202,0.0009563938
344,202,0.00088643376
345,202,0.00058796816
346,202,-0.00044671353
347,202,0.00018040929
348,202,
349,202,
350,202,0.00092676
351,202,0.0006105844
352,202,0.00024536904
353,202,0.00041961297
354,202,
355,202,0.0003453074
356,202,
357,202,0.00054311473
358,202,
359,202,
360,202,
361,202,
362,202,
363,202,
364,202,0.0005069794
365,202,0.00078773964
366,202,0.0004378138
367,202,0.00049152784
368,202,0.00026987586
369,202,0.00020883791
370,202,0.0005008485
371,202,0.0010168124
372,202,0.00083811115
373,202,0.000711523
374,202,0.0008571986
375,202,0.00089523196
376,202,4.7260895e-05
377,202,0.0005228957
378,202,0.00042450614
379,202,0.0006834753
380,202,0.00019452162
381,202,5.6550838e-05
382,202,0.0009259535
383,202,0.00077788346
384,202,0.0004460439
385,202,0.00032065623
386,202,0.0004802812
387,202,0.0005120458
388,202,0.00057344884
389,202,0.0005462589
390,202,0.00069735106
391,202,0.0005970113
392,202,0.00034590997
393,202,0.0003884621
394,202,0.00086795166
395,202,0.0006106924
396,202,0.0005813092
397,202,0.00040357094
398,202,0.0006822534
399,202,0.00059561245
400,202,0.00061692856
401,202,0.0011222828
402,202,0.00080250297
403,202,0.0007333113
404,202,0.00036950316
405,202,0.0007109931
406,202,0.00084107555
407,202,0.0006511016
408,202,0.0006115828
409,202,0.00030035526
410,202,0.0007638978
411,202,0.00029329024
412,202,0.00038596243
413,202,0.00044367556
414,202,0.00028444454
415,202,0.00058739726
416,202,0.0005080402
417,202,0.0006661052
418,202,0.0004978711
419,202,0.00066816155
420,202,0.00015274994
421,202,0.0009591002
422,202,0.00023474358
423,202,6.6653825e-05
424,202,0.00044256076
425,202,0.0006862674
426,202,0.00031586457
427,202,0.0004575476
428,202,0.00070691295
429,202,0.00021865312
430,202,0.0005707564
431,202,0.00041778572
432,202,0.00040625315
433,202,0.000841531
434,202,0.00082712434
435,202,0.0005730046
436,202,0.00060083065
437,202,0.00016283803
438,202,0.00030418858
439,202,0.00077631604
440,202,0.0005256776
441,202,0.00069561973
442,202,0.0007105237
443,202,
444,202,
445,202,
446,202,0.0005422197
447,202,0.00048733037
448,202,0.0005751839
449,202,0.00048112404
450,202,0.000591252
451,202,0.0002117157
452,202,0.00038150232
453,202,0.00031246617
454,202,0.00041927118
455,202,0.0005712453
456,202,0.0007862458
457,202,0.0005864138
458,202,0.0007556332
459,202,0.00038442574
460,202,0.00045878813
461,202,0.00092666596
462,202,0.0002318602
463,202,0.00091535226
464,202,-0.0004964536
465,202,0.001119581
466,202,0.0006263573
467,202,0.00080635585
468,202,0.00035378244
469,202,-1.2702309e-05
470,202,6.5990724e-05
471,202,0.00043872
472,202,0.00093269907
473,202,0.00068263616
474,202,9.1503374e-05
475,202,0.00066614617
476,202,0.0007964894
477,202,0.00026714616
478,202,0.0007059686
479,202,0.00023436174
480,202,0.001132831
481,202,0.00103168
482,202,0.0002979515
483,202,0.0008653039
484,202,-2.9981136e-05
485,202,0.00037351344
486,202,0.0006427765
487,202,0.0005472526
488,202,0.00083476584
489,202,0.0010444466
490,202,0.001153484
491,202,0.0012558699
492,202,0.0008753035
493,202,0.0009030551
494,202,0.0010847664
0,203,0.0005517211
1,203,0.00089747086
2,203,-2.764538e-05
3,203,0.00020719133
4,203,0.0010509342
5,203,9.768084e-05
6,203,0.00021422282
7,203,0.00021535996
8,203,0.0005065538
9,203,0.00032036752
10,203,-7.4561685e-06
11,203,0.00089124683
12,203,0.00081790145
13,203,0.00032601412
14,203,0.0005139271
15,203,0.00069487
16,203,0.0007241266
17,203,0.00014119875
18,203,0.0005923314
19,203,0.0010182932
20,203,0.0008719517
21,203,0.00062456727
22,203,0.00028281752
23,203,0.0003223149
24,203,0.00030681863
25,203,0.0006938679
26,203,0.00021596439
27,203,0.00028388947
28,203,0.00078239944
29,203,0.0010112384
30,203,0.00016869791
31,203,0.0003281217
32,203,0.00045889243
33,203,0.00057562906
34,203,0.0004110746
35,203,0.0006109448
36,203,0.00036694948
37,203,-0.00011116173
38,203,0.0005967822
39,203,0.00065123197
40,203,0.000718534
41,203,0.0006485991
42,203,0.0010364177
43,203,0.0010955026
44,203,9.9912286e-05
45,203,0.00082667544
46,203,0.00026083738
47,203,0.00066819973
48,203,0.0006800657
49,203,0.00027493108
50,203,0.0005264478
51,203,0.0003097318
52,203,9.047147e-05
53,203,0.00056354236
54,203,0.0008482337
55,203,0.0014154939
56,203,0.00048515946
57,203,0.00090257265
58,203,0.00023808796
59,203,0.00031625666
60,203,0.00027797185
61,203,
62,203,
63,203,
64,203,0.00034189597
65,203,0.00056994986
66,203,0.0006889673
67,203,-0.00049727224
68,203,0.00049739145
69,203,0.00030546356
70,203,0.00040501356
71,203,0.00010140892
72,203,0.00012614857
73,203,0.0005152952
74,203,0.0001721289
75,203,5.993992e-06
76,203,0.0008390127
77,203,9.288546e-05
78,203,0.000720826
79,203,0.0004277462
80,203,0.00038975477
81,203,0.00020410866
82,203,0.0005034581
83,203,-0.00023049489
84,203,0.0005571628
85,203,8.870382e-05
86,203,0.00046587642
87,203,0.00021030754
88,203,0.00018893927
89,203,0.0006216876
90,203,0.00056170486
91,203,0.0008135848
92,203,0.0009884359
93,203,
94,203,
95,203,
96,203,
97,203,0.00094680954
98,203,
99,203,
100,203,0.00034423918
101,203,0.00053798687
102,203,0.0006063841
103,203,0.0001836
104,203,0.0010909019
105,203,0.00039068703
106,203,0.0010930188
107,203,0.001165295
108,203,0.0010705171
109,203,0.0011105714
110,203,0.00082006026
111,203,0.0009358274
112,203,0.0009915875
113,203,0.0010763602
114,203,0.001103472
115,203,0.0010318002
116,203,0.0010164455
117,203,0.0010054214
118,203,0.0010450874
119,203,0.0007745158
120,203,0.00055010896
121,203,0.00046893395
122,203,0.00031187013
123,203,0.0005767327
124,203,0.00088216923
125,203,0.00065975916
126,203,0.00088309497
127,203,0.00089183357
128,203,0.0006946791
129,203,0.0006356947
130,203,-4.634913e-05
131,203,0.00038398523
132,203,0.0006882921
133,203,0.00013091229
134,203,0.0004904866
135,203,
136,203,
137,203,
138,203,
139,203,
140,203,
141,203,
142,203,
143,203,
144,203,
145,203,
146,203,
147,203,
148,203,
149,203,0.00064532645
150,203,0.00012302026
151,203,0.00066578947
152,203,0.00064323563
153,203,0.00074619893
154,203,0.0002211919
155,203,0.00061016344
156,203,0.0011075763
157,203,0.0005749371
158,203,0.0006350847
159,203,0.001101655
160,203,0.00074161123
161,203,0.0002535889
162,203,0.00023597758
163,203,0.00048561767
164,203,0.00064204726
165,203,0.00029327534
166,203,0.00024399534
167,203,0.000990537
168,203,9.335019e-05
169,203,0.0004518265
170,203,0.0006920509
171,203,5.727634e-05
172,203,0.0006434908
173,203,0.00051961467
174,203,-5.492568e-05
175,203,0.0006458387
176,203,0.0007948959
177,203,0.00078989565
178,203,0.00059739035
179,203,0.00052323285
180,203,0.00042439997
181,203,0.00067629386
182,203,0.00062763225
183,203,0.0004555583
184,203,0.0005877279
185,203,0.0012516333
186,203,0.00037696306
187,203,0.0009988481
188,203,0.00069597084
189,203,0.0004693428
190,203,0.00046402588
191,203,0.0003518993
192,203,-9.237416e-05
193,203,0.000590235
194,203,0.00042006187
195,203,0.00073457044
196,203,0.00042930432
197,203,0.001144615
198,203,0.00060897507
199,203,0.0008235397
200,203,5.274173e-05
201,203,0.001513767
202,203,0.00059367064
203,203,6.0837716e-05
204,203,0.0011676811
205,203,0.00081116706
206,203,0.00044016913
207,203,0.00044755265
208,203,0.00040941965
209,203,0.00039289985
210,203,0.0005382253
211,203,0.00041128788
212,203,0.0009611435
213,203,0.00058870204
214,203,0.00039367937
215,203,0.00080135185
216,203,0.0005843537
217,203,0.00016655773
218,203,0.00034677982
219,203,0.0009776521
220,203,0.0009991983
221,203,0.0007692408
222,203,0.0009918828
223,203,0.0010940284
224,203,0.00086492393
225,203,0.0007332992
226,203,0.00064224936
227,203,0.00034800824
228,203,0.0011092685
229,203,0.00051091146
230,203,0.00042690057
231,203,-0.00029590633
232,203,0.00018737279
233,203,0.0008786395
234,203,7.176958e-05
235,203,-8.784048e-05
236,203,0.00014835503
237,203,0.00040193833
238,203,0.00016686693
239,203,0.0004844237
240,203,0.0002600234
241,203,0.0009558294
242,203,0.00037196558
243,203,0.00015605334
244,203,0.0010004491
245,203,-1.8207356e-06
246,203,3.0044466e-05
247,203,0.0009858087
248,203,0.0010719169
249,203,0.0002625035
250,203,0.0006477367
251,203,0.00021834206
252,203,9.171758e-05
253,203,0.0005003875
254,203,0.0011273194
255,203,0.00093255844
256,203,0.00018002931
257,203,0.00037768483
258,203,0.00086706225
259,203,0.0002836045
260,203,4.968047e-05
261,203,0.0008726241
262,203,0.0007191403
263,203,0.00022513047
264,203,0.00093587115
265,203,0.00079456344
266,203,0.001052063
267,203,0.0007250607
268,203,0.0004477203
269,203,0.0010145046
270,203,0.00025056023
271,203,0.00025920197
272,203,0.0005825376
273,203,0.0005541267
274,203,0.00057340227
275,203,0.00012527034
276,203,6.937049e-05
277,203,0.00032380875
278,203,5.520787e-05
279,203,0.00055555906
280,203,0.0008707484
281,203,0.00070437975
282,203,0.00011306163
283,203,0.00029585976
284,203,0.0006299624
285,203,0.0007525515
286,203,0.00027962588
287,203,0.00014855526
288,203,0.00020669028
289,203,0.0005172333
290,203,0.00043228455
291,203,0.0004872689
292,203,0.00067530014
293,203,0.0003234381
294,203,0.00079594925
295,203,0.00021361001
296,203,0.00014768913
297,203,0.0005673198
298,203,-2.8698705e-05
299,203,0.00032574032
300,203,0.0009306036
301,203,0.00070435274
302,203,3.7154183e-05
303,203,0.0006775772
304,203,0.00047767535
305,203,0.00035014097
306,203,0.00044388138
307,203,0.00014196988
308,203,0.000538948
309,203,0.00041893404
310,203,0.0005445257
311,203,7.3798e-06
312,203,0.0004807487
313,203,0.0009066975
314,203,0.00055387337
315,203,0.00030978583
316,203,0.0008194456
317,203,
318,203,0.0006508101
319,203,
320,203,
321,203,0.00035509467
322,203,0.0008061435
323,203,0.0009498298
324,203,0.00114909
325,203,0.00077278446
326,203,
327,203,0.0005835071
328,203,0.0006296607
329,203,0.00058843195
330,203,0.0006725639
331,203,0.000746144
332,203,0.00081587676
333,203,0.0005395692
334,203,0.00090459455
335,203,0.0002105264
336,203,0.0005168151
337,203,0.0011136746
338,203,0.0005749427
339,203,0.00057768356
340,203,0.00058717467
341,203,0.00088679604
342,203,0.0005869074
343,203,1.40387565e-05
344,203,0.00042307656
345,203,0.00052157603
346,203,0.00021836441
347,203,0.00020102412
348,203,
349,203,0.00087538175
350,203,0.00011540856
351,203,6.120838e-05
352,203,0.00056122616
353,203,0.00012442283
354,203,
355,203,0.0002996456
356,203,0.00021865685
357,203,
358,203,0.0005643517
359,203,0.00066509936
360,203,
361,203,
362,203,
363,203,
364,203,0.00039475877
365,203,-0.00023715012
366,203,0.00020433869
367,203,0.0001335321
368,203,0.00048825052
369,203,0.00092662405
370,203,0.00032397453
371,203,0.00036367215
372,203,0.0008771131
373,203,0.0008049207
374,203,0.00023069419
375,203,0.00022394583
376,203,0.00076354016
377,203,-3.470294e-05
378,203,-0.00046629552
379,203,9.957887e-05
380,203,0.00054544676
381,203,0.0006148871
382,203,0.00051253475
383,203,0.00041507743
384,203,0.0005910788
385,203,0.001034718
386,203,0.0008166544
387,203,0.00062741525
388,203,0.00037981197
389,203,0.00042211078
390,203,0.0004787119
391,203,0.0010273308
392,203,0.00047391653
393,203,0.0004226109
394,203,0.0007670205
395,203,0.00024356227
396,203,0.00067113806
397,203,0.00036333688
398,203,0.00077306665
399,203,0.0011542458
400,203,0.0010115001
401,203,0.00068737287
402,203,0.00057044625
403,203,0.00070086773
404,203,0.0005482184
405,203,0.00054345466
406,203,0.0004816251
407,203,0.0008848421
408,203,0.0007350622
409,203,0.0009124046
410,203,0.00061786175
411,203,0.0005832119
412,203,0.0009078961
413,203,2.5060028e-05
414,203,0.00052828435
415,203,0.00055377744
416,203,0.00070410967
417,203,0.00031517074
418,203,0.0009348253
419,203,6.219745e-05
420,203,0.00043822732
421,203,0.00024293084
422,203,0.00069534406
423,203,0.00067468826
424,203,0.00012659747
425,203,0.0006265808
426,203,0.00021328591
427,203,0.00014940556
428,203,0.00075349025
429,203,0.0005144812
430,203,0.0008714851
431,203,0.00040475186
432,203,0.0006001098
433,203,0.00089915004
434,203,0.00097026303
435,203,0.0002683401
436,203,0.00037848484
437,203,0.0004420681
438,203,0.00079539884
439,203,0.0004120469
440,203,0.00046219677
441,203,0.0012780624
442,203,0.0008852547
443,203,
444,203,
445,203,
446,203,0.0010508923
447,203,0.0010407213
448,203,7.538777e-05
449,203,0.00027081277
450,203,0.00040173624
451,203,0.0010611955
452,203,0.00034609158
453,203,0.0006125262
454,203,0.0007427819
455,203,0.00072926655
456,203,0.00044244342
457,203,0.0006812401
458,203,0.0003098566
459,203,0.00091170985
460,203,0.00018820725
461,203,0.0008381661
462,203,0.00048605632
463,203,0.001197787
464,203,0.00029226765
465,203,0.00023545418
466,203,0.0012932206
467,203,0.00031706784
468,203,0.0007601632
469,203,0.0004119696
470,203,0.0015895432
471,203,0.000767583
472,203,0.00030990224
473,203,0.0005417578
474,203,0.0006931387
475,203,0.0009209765
476,203,0.0006475793
477,203,0.0006766338
478,203,0.0010513403
479,203,0.0007045213
480,203,0.0009959396
481,203,0.00028321426
482,203,0.0006013354
483,203,0.0008645896
484,203,0.0004229974
485,203,2.7658418e-05
486,203,0.0005230652
487,203,2.3014843e-05
488,203,0.00091451034
489,203,0.0006244425
490,203,-4.40469e-05
491,203,0.0011779517
492,203,0.00034371112
493,203,0.00040701218
494,203,0.0006936267
0,204,0.0011208514
1,204,0.0004061805
2,204,0.00039372966
3,204,0.00063685235
4,204,0.00045860838
5,204,0.0008070618
6,204,0.0008769203
7,204,0.00043368246
8,204,0.0009513423
9,204,0.00028862804
10,204,0.000115044415
11,204,0.00025876984
12,204,0.00026291888
13,204,0.00076757
14,204,0.0002684882
15,204,0.00019140169
16,204,0.00037467014
17,204,0.0004480118
18,204,0.00010641292
19,204,0.000113869086
20,204,0.0012612911
21,204,0.00051643234
22,204,6.463751e-05
23,204,0.00050020125
24,204,0.001008153
25,204,0.00057434104
26,204,0.0005818205
27,204,-1.3764948e-05
28,204,0.00034018047
29,204,0.00080724526
30,204,0.00037254672
31,204,0.0005915044
32,204,0.000912766
33,204,0.00030181464
34,204,0.0004930543
35,204,0.000417497
36,204,0.00058937445
37,204,0.00015462749
38,204,0.0006339988
39,204,-3.1932257e-05
40,204,0.0010527112
41,204,0.0009213351
42,204,0.0012573889
43,204,0.00029336102
44,204,0.0007750923
45,204,0.00065709185
46,204,0.00083418284
47,204,7.368624e-05
48,204,0.0005801609
49,204,0.0005949773
50,204,0.00087531656
51,204,0.00097279344
52,204,-6.6167675e-05
53,204,0.0010906514
54,204,0.0005802978
55,204,0.00061703473
56,204,0.0006071301
57,204,0.000301525
58,204,0.0009767525
59,204,-0.0002596639
60,204,0.00017105322
61,204,
62,204,
63,204,0.000112762675
64,204,0.0001349505
65,204,0.000554556
66,204,0.0004064776
67,204,0.00054113194
68,204,0.00095196255
69,204,0.0015600948
70,204,0.0005503446
71,204,0.00041192118
72,204,0.00015243515
73,204,0.0009280257
74,204,0.0006712079
75,204,-7.2084367e-06
76,204,0.0006045308
77,204,-0.00011513289
78,204,5.675666e-05
79,204,0.00028558634
80,204,0.00046511646
81,204,4.626438e-05
82,204,0.00049850997
83,204,0.0007168846
84,204,0.0003419295
85,204,0.00054675527
86,204,0.00044535752
87,204,0.00031862222
88,204,0.00064166635
89,204,4.6021305e-05
90,204,0.0002834797
91,204,0.00063505396
92,204,0.00041903183
93,204,
94,204,
95,204,
96,204,
97,204,
98,204,
99,204,0.0006498918
100,204,0.0007476853
101,204,0.0007641334
102,204,0.00059815124
103,204,0.00064128265
104,204,0.000226954
105,204,0.00085305516
106,204,0.00066549145
107,204,0.00080288015
108,204,0.00058505684
109,204,0.00090493076
110,204,0.0010279408
111,204,0.0010968791
112,204,0.0009982502
113,204,0.0010348987
114,204,0.0010728659
115,204,0.001045526
116,204,0.0009411685
117,204,0.001213314
118,204,0.00090406556
119,204,0.001074723
120,204,0.00063968357
121,204,0.0008716965
122,204,0.0005174717
123,204,0.00080971885
124,204,0.00073377974
125,204,0.0010001017
126,204,0.0006536301
127,204,0.0003488995
128,204,0.00076429546
129,204,0.00037306175
130,204,0.00066981744
131,204,0.0006677024
132,204,0.00036280788
133,204,0.00071094744
134,204,0.000378781
135,204,
136,204,
137,204,
138,204,
139,204,
140,204,
141,204,
142,204,
143,204,
144,204,
145,204,
146,204,
147,204,
148,204,
149,204,0.00034530275
150,204,0.00047334377
151,204,0.00074574817
152,204,0.00037328247
153,204,0.00023966469
154,204,0.0005767569
155,204,0.00054363906
156,204,0.0005220119
157,204,0.0010640929
158,204,0.0008033449
159,204,0.00045596994
160,204,0.0009354092
161,204,0.0003846204
162,204,0.00036920514
163,204,-0.00023385696
164,204,0.00028030854
165,204,0.00085729826
166,204,0.0004549576
167,204,0.00083789974
168,204,0.00019029807
169,204,0.0001570331
170,204,0.00090678874
171,204,0.00056507066
172,204,0.00058258977
173,204,0.0003856765
174,204,0.0001912117
175,204,0.0004144162
176,204,0.00042024255
177,204,0.00037366617
178,204,0.00033615902
179,204,0.0006263675
180,204,0.00042569824
181,204,0.0006403811
182,204,0.0012804344
183,204,0.0008343877
184,204,0.00046014506
185,204,0.0002560038
186,204,0.00056391954
187,204,0.00012423564
188,204,0.0009387927
189,204,0.00012423191
190,204,-3.610272e-05
191,204,0.0001498172
192,204,0.00059185456
193,204,0.0004135007
194,204,0.00085070264
195,204,0.00059460755
196,204,0.0006220471
197,204,0.001334996
198,204,0.00052920636
199,204,0.00027418789
200,204,0.0005309852
201,204,0.0009996351
202,204,0.00044099987
203,204,0.0009300653
204,204,9.725895e-05
205,204,-4.4660643e-05
206,204,0.000117593445
207,204,0.00044517312
208,204,0.0010454841
209,204,-0.00010068901
210,204,0.00087398663
211,204,-0.00025479123
212,204,0.00092376303
213,204,0.0007348126
214,204,0.0005754279
215,204,-0.00012024492
216,204,4.6547502e-05
217,204,0.00064629596
218,204,0.00091465004
219,204,0.0006949883
220,204,0.0005506538
221,204,0.0001747664
222,204,0.0007696366
223,204,0.00049877446
224,204,0.00037517492
225,204,0.00040995423
226,204,0.0006547803
227,204,0.0008289302
228,204,0.00023706723
229,204,0.0011633486
230,204,0.0007865485
231,204,0.00014779996
232,204,0.00062362663
233,204,6.319955e-05
234,204,0.00018198509
235,204,0.0002832152
236,204,0.0006815791
237,204,0.00023602135
238,204,0.0008749999
239,204,0.00064884126
240,204,0.00041978154
241,204,-1.9376166e-05
242,204,0.0006840285
243,204,0.0007841028
244,204,0.00068450347
245,204,0.00071616005
246,204,0.00062604155
247,204,0.00069587305
248,204,0.00041390676
249,204,0.0010732496
250,204,0.0002560094
251,204,0.0005992241
252,204,0.00091853365
253,204,0.0010359893
254,204,-0.000111523084
255,204,0.0006703306
256,204,0.00053800736
257,204,0.00037433393
258,204,0.00021496695
259,204,0.00046691485
260,204,0.00082053244
261,204,0.00022394583
262,204,0.0002465248
263,204,0.00032589678
264,204,0.00042286143
265,204,0.00025197864
266,204,0.0009484384
267,204,0.0007442022
268,204,0.0002899198
269,204,7.2075054e-05
270,204,0.0008493839
271,204,0.0003940789
272,204,0.00047217123
273,204,0.00058195554
274,204,0.0001716232
275,204,0.0003911713
276,204,0.00055567734
277,204,0.00048038177
278,204,0.000246685
279,204,0.0007350361
280,204,0.0006848173
281,204,0.00052323006
282,204,0.00021681841
283,204,0.00037564524
284,204,0.00038348231
285,204,0.00031319074
286,204,-7.917266e-05
287,204,0.0005538687
288,204,0.0012153201
289,204,0.0006943662
290,204,0.00067619886
291,204,0.00073194504
292,204,0.00030612946
293,204,0.00029799342
294,204,0.000785904
295,204,5.1223673e-05
296,204,0.00061940774
297,204,0.00049344543
298,204,0.00053164084
299,204,0.00090733264
300,204,0.00032524858
301,204,0.00021151453
302,204,0.00020846911
303,204,0.0010179412
304,204,0.0007319525
305,204,-0.00022870954
306,204,0.00031050015
307,204,0.00038018823
308,204,0.000632423
309,204,0.0002702661
310,204,0.0004491629
311,204,0.0008132532
312,204,0.00020961184
313,204,0.00014383812
314,204,0.0007097842
315,204,0.0008322224
316,204,0.0009392062
317,204,0.00024023373
318,204,0.0006777588
319,204,0.0003028484
320,204,0.00029796176
321,204,0.00012182351
322,204,0.0009175353
323,204,0.0005857125
324,204,0.00040107965
325,204,
326,204,0.00068743154
327,204,
328,204,0.00066697504
329,204,0.00046288501
330,204,0.0004525166
331,204,0.00030541327
332,204,0.00068510324
333,204,0.00091562327
334,204,0.0006974945
335,204,0.0008610096
336,204,0.00026306696
337,204,0.0008251611
338,204,0.0007268628
339,204,0.00031342544
340,204,0.00070348196
341,204,0.00040494557
342,204,0.00061936304
343,204,0.0006057853
344,204,0.0009135064
345,204,0.00071863364
346,204,0.00057162344
347,204,0.0001302734
348,204,-0.00012920145
349,204,0.00025139377
350,204,0.00079183467
351,204,0.0010281466
352,204,0.00077460613
353,204,0.0005506594
354,204,0.0003516078
355,204,0.00013954006
356,204,0.0010416061
357,204,0.0008937791
358,204,0.00036767777
359,204,
360,204,
361,204,
362,204,
363,204,
364,204,0.00022572465
365,204,0.00038518757
366,204,0.00026759133
367,204,0.00066807773
368,204,0.00011233799
369,204,0.00014359318
370,204,0.00023063459
371,204,-0.00023544114
372,204,0.00017306209
373,204,0.00044957642
374,204,0.00094951503
375,204,0.00030131545
376,204,0.00056280755
377,204,0.00042923633
378,204,0.0007593408
379,204,0.0003381651
380,204,6.768387e-05
381,204,0.00062983856
382,204,0.00033807196
383,204,0.00045816693
384,204,0.0010168096
385,204,0.00042457972
386,204,0.0007860325
387,204,0.0008012224
388,204,0.0008388227
389,204,0.0008096788
390,204,0.0009937994
391,204,0.0006065713
392,204,0.0008024927
393,204,0.0004846817
394,204,0.00054292753
395,204,0.0006021913
396,204,0.00070577115
397,204,0.00084808376
398,204,0.00048552547
399,204,0.0006360058
400,204,0.00047040172
401,204,0.00024008378
402,204,0.000865845
403,204,6.6751614e-05
404,204,0.00091471523
405,204,0.0006475756
406,204,0.00079513155
407,204,0.00065489486
408,204,0.0007150881
409,204,0.0006375024
410,204,0.0004923409
411,204,0.00043496955
412,204,0.0005045431
413,204,9.7158365e-05
414,204,0.0002180161
415,204,0.00040292833
416,204,0.00012214202
417,204,0.00046672858
418,204,0.0010278337
419,204,0.0005554203
420,204,0.00040033367
421,204,0.000599456
422,204,0.00024081673
423,204,0.0003373539
424,204,0.0009165229
425,204,0.0007958282
426,204,0.0005096253
427,204,0.00067597814
428,204,0.00012418348
429,204,0.00068495143
430,204,0.0004121419
431,204,0.0005783476
432,204,0.00072028395
433,204,0.0003696466
434,204,5.3484924e-05
435,204,0.0007020645
436,204,0.00051376503
437,204,0.00077490136
438,204,0.0007234644
439,204,0.00051612966
440,204,0.00090556405
441,204,0.00065533817
442,204,0.0010874346
443,204,
444,204,
445,204,
446,204,-0.00042897929
447,204,0.00023971591
448,204,0.0006441893
449,204,0.0005578492
450,204,0.00013140682
451,204,0.00010519475
452,204,0.00088953506
453,204,0.0005766228
454,204,0.0005977424
455,204,0.0003176909
456,204,0.00020897761
457,204,0.00031321496
458,204,0.0006047394
459,204,0.0008630529
460,204,0.00036948174
461,204,0.00022115931
462,204,0.00080215745
463,204,2.6620924e-05
464,204,0.00048019737
465,204,0.0004885383
466,204,0.0009758668
467,204,0.0008192025
468,204,0.000801119
469,204,0.0007682126
470,204,0.0007290188
471,204,0.00093969423
472,204,4.2555854e-05
473,204,0.0007159393
474,204,0.0010886053
475,204,0.0010346435
476,204,0.0003250679
477,204,0.0005639205
478,204,0.0010972628
479,204,0.0010716757
480,204,0.0006581247
481,204,0.001392114
482,204,0.00042328797
483,204,0.0006999681
484,204,0.0004873583
485,204,0.0006538555
486,204,0.00077995285
487,204,0.00045329053
488,204,0.0009871898
489,204,0.0007893117
490,204,0.0006163372
491,204,0.001297472
492,204,0.0001004599
493,204,6.360933e-05
494,204,0.0012655975
0,205,-0.00019427482
1,205,6.0154125e-06
2,205,-1.9334257e-05
3,205,0.0002454603
4,205,0.00015103724
5,205,0.00028923806
6,205,0.00031596608
7,205,0.00041587185
8,205,0.00048058573
9,205,0.00052306335
10,205,-4.646182e-05
11,205,0.0003222134
12,205,0.00086012576
13,205,-2.1523796e-05
14,205,0.0005361559
15,205,0.0006156396
16,205,0.00032361038
17,205,-3.8615428e-05
18,205,0.00074090064
19,205,-2.9481947e-05
20,205,0.00018363912
21,205,0.00034347735
22,205,0.00021145493
23,205,-0.00015127659
24,205,0.00010502245
25,205,0.0006642053
26,205,0.0006445553
27,205,1.543574e-05
28,205,0.00014174636
29,205,0.0005351901
30,205,-0.000115452334
31,205,0.0008091731
32,205,0.0006954698
33,205,0.0006375611
34,205,0.00057748146
35,205,0.0009966101
36,205,0.00043880753
37,205,0.00064021535
38,205,0.00053218286
39,205,0.00067505613
40,205,0.0006626379
41,205,0.00043567177
42,205,6.553717e-06
43,205,0.00039546657
44,205,-0.00016962271
45,205,0.0007316582
46,205,0.00037633907
47,205,0.00074210856
48,205,0.00020150468
49,205,0.0004910147
50,205,0.00065508205
51,205,0.0007492453
52,205,0.0005414104
53,205,6.157346e-05
54,205,0.00022242125
55,205,0.00043881778
56,205,0.00023960695
57,205,-3.263168e-05
58,205,0.0005923258
59,205,-6.252527e-05
60,205,0.00037569366
61,205,
62,205,0.00044957828
63,205,0.0010267971
64,205,-3.8261525e-05
65,205,0.000116678886
66,205,0.00011947099
67,205,0.000636084
68,205,0.0006517656
69,205,0.0008252207
70,205,0.00064274576
71,205,0.0006151786
72,205,0.0005392274
73,205,0.00046730228
74,205,0.0004884973
75,205,0.00038819574
76,205,0.00085800793
77,205,0.00083202776
78,205,-0.0001872452
79,205,0.00067229476
80,205,0.000351144
81,205,0.00061015785
82,205,0.0006562872
83,205,0.0006866772
84,205,0.00062601175
85,205,0.000437269
86,205,0.00064557046
87,205,0.00023569074
88,205,0.0003078524
89,205,4.0917657e-05
90,205,0.00035102386
91,205,0.00065321475
92,205,0.00048386864
93,205,
94,205,
95,205,
96,205,
97,205,
98,205,0.00031868275
99,205,0.00064978376
100,205,0.0011054305
101,205,0.00084060617
102,205,0.00046092644
103,205,0.0006668689
104,205,0.0006330935
105,205,0.00088332593
106,205,0.0011252426
107,205,0.0011144523
108,205,0.0011638626
109,205,0.0008098576
110,205,0.001177391
111,205,0.0009597009
112,205,0.0011553457
113,205,0.0011145705
114,205,0.0012724362
115,205,0.00073903985
116,205,0.0012356257
117,205,0.00082347915
118,205,0.0010833936
119,205,0.0009268075
120,205,0.00059474725
121,205,0.0005454337
122,205,0.0004997803
123,205,0.00076759886
124,205,0.0008825669
125,205,0.00066218525
126,205,0.00043463148
127,205,0.0007417388
128,205,0.001114388
129,205,0.0001496952
130,205,0.00038763508
131,205,0.0007127812
132,205,0.0006945506
133,205,0.00056051183
134,205,0.000542799
135,205,
136,205,
137,205,
138,205,
139,205,
140,205,
141,205,
142,205,
143,205,
144,205,
145,205,
146,205,
147,205,
148,205,
149,205,
150,205,0.00038548093
151,205,0.00012070499
152,205,0.0007628817
153,205,0.00016547926
154,205,0.0009861365
155,205,0.0002702102
156,205,0.00041125994
157,205,0.00066541135
158,205,0.00028341915
159,205,-3.557466e-05
160,205,0.00068634003
161,205,0.00033312477
162,205,0.00044684391
163,205,0.0006012097
164,205,0.00026337896
165,205,0.00046687666
166,205,-0.00030926336
167,205,0.00033272058
168,205,0.00049642846
169,205,0.000123268
170,205,0.00038797036
171,205,0.00053714775
172,205,0.00043623708
173,205,0.0003491128
174,205,0.00046214648
175,205,0.00038732495
176,205,0.0006409455
177,205,0.0010339599
178,205,0.00049740635
179,205,0.00015507732
180,205,0.00033961423
181,205,0.00046771113
182,205,0.00084513985
183,205,0.0006705839
184,205,0.0006031208
185,205,0.00011528283
186,205,-1.7305836e-05
187,205,0.00028792024
188,205,0.00076642074
189,205,0.00045896322
190,205,0.00040355325
191,205,0.0003185775
192,205,0.00043245032
193,205,0.0007050652
194,205,0.00037514884
195,205,0.00021007285
196,205,0.00057444815
197,205,0.0009814873
198,205,0.0011328924
199,205,0.0011562081
200,205,0.00054572243
201,205,0.0007090159
202,205,0.000512667
203,205,0.00087202806
204,205,0.0010179207
205,205,0.00070695113
206,205,0.00023176242
207,205,0.00078675244
208,205,5.222764e-05
209,205,0.00047058426
210,205,0.00052352063
211,205,0.00047151
212,205,0.00061493553
213,205,-0.0005016234
214,205,0.0002963012
215,205,-0.0001668306
216,205,0.0006402582
217,205,0.0003322661
218,205,0.0006328998
219,205,0.0010134457
220,205,0.00033464376
221,205,0.0007524248
222,205,0.0008073943
223,205,0.0004108986
224,205,0.00079965685
225,205,0.0004419163
226,205,0.000531476
227,205,0.00073975045
228,205,0.00043610577
229,205,0.00035815313
230,205,0.00045634806
231,205,0.0005951533
232,205,0.0005411655
233,205,0.00072603393
234,205,-0.0002752468
235,205,0.00065998547
236,205,0.00094763003
237,205,0.00020873267
238,205,0.00059126783
239,205,0.00048059784
240,205,0.0007079933
241,205,0.0010100976
242,205,0.00017230958
243,205,0.00011711009
244,205,0.00054732896
245,205,0.0004010098
246,205,0.0006869277
247,205,0.0005217716
248,205,0.00094022416
249,205,0.00079123955
250,205,0.0003547389
251,205,0.0002856627
252,205,0.0003241133
253,205,0.000810978
254,205,3.6298297e-05
255,205,0.00042535644
256,205,0.000119890086
257,205,0.0010535885
258,205,0.0003804434
259,205,0.00087712053
260,205,0.00041053817
261,205,0.00084828306
262,205,0.0007269513
263,205,0.0014427891
264,205,0.00063988473
265,205,0.0004778467
266,205,0.0003608046
267,205,0.0007208716
268,205,0.0005696267
269,205,0.0007017609
270,205,4.2720698e-05
271,205,0.00050143246
272,205,0.00038493238
273,205,0.0005825972
274,205,0.00030281022
275,205,0.00036468916
276,205,0.0010657236
277,205,0.0006211754
278,205,0.0009967908
279,205,-2.2761524e-05
280,205,0.0007033963
281,205,0.000581922
282,205,0.00072475336
283,205,0.000106741674
284,205,0.00021510292
285,205,0.00014125742
286,205,0.0005203318
287,205,0.000547939
288,205,0.00040314253
289,205,0.0007184651
290,205,0.0005797697
291,205,0.00080891605
292,205,0.0005991161
293,205,0.00034213904
294,205,0.00029322784
295,205,0.00035176147
296,205,0.0003308719
297,205,0.0007445691
298,205,0.00039102975
299,205,0.0007841056
300,205,0.00030577835
301,205,0.0007233927
302,205,0.00069279876
303,205,0.00012036413
304,205,0.0007136483
305,205,0.0009535402
306,205,0.000929717
307,205,0.0002466971
308,205,0.0010343529
309,205,0.00020295102
310,205,0.00012114551
311,205,0.00046709366
312,205,0.00041982252
313,205,0.00069508236
314,205,0.001061867
315,205,0.00035064574
316,205,-3.5538338e-05
317,205,
318,205,
319,205,
320,205,0.00076877326
321,205,0.0008332329
322,205,0.0010072207
323,205,
324,205,0.000329135
325,205,0.0007227501
326,205,0.00076307263
327,205,
328,205,0.0006945329
329,205,0.00029543694
330,205,0.00055914745
331,205,0.0002188934
332,205,0.0010962104
333,205,0.00054289214
334,205,0.00067273993
335,205,0.0010566376
336,205,0.00029054098
337,205,0.000805147
338,205,0.00073340256
339,205,0.00058821496
340,205,0.0001913365
341,205,0.00027689617
342,205,0.0007880889
343,205,0.0005835686
344,205,0.0005859174
345,205,0.00024436228
346,205,0.0010475311
347,205,0.00057297107
348,205,0.00012469292
349,205,0.00059494004
350,205,0.00045871548
351,205,0.0003915308
352,205,-2.3812056e-05
353,205,0.00038840994
354,205,0.0006019119
355,205,0.0005947687
356,205,0.0003329534
357,205,
358,205,0.00076066516
359,205,3.2790005e-05
360,205,
361,205,
362,205,
363,205,0.0008554328
364,205,0.0005775029
365,205,0.00068454817
366,205,0.00017648004
367,205,0.00011079386
368,205,0.00069372356
369,205,0.0005157748
370,205,0.0008995328
371,205,0.00030685682
372,205,0.0005395608
373,205,2.3080967e-05
374,205,2.7555041e-05
375,205,0.00033647753
376,205,0.00031729043
377,205,0.00062078517
378,205,0.00083764363
379,205,0.0006603589
380,205,0.00030164886
381,205,0.0005112989
382,205,0.0004063379
383,205,0.00027014408
384,205,0.00048797764
385,205,0.00063790847
386,205,0.0006831754
387,205,0.00076884404
388,205,0.00055164285
389,205,0.0010514911
390,205,0.00026540272
391,205,0.0010313243
392,205,0.0004849322
393,205,0.0005034767
394,205,0.00033584237
395,205,0.00043500774
396,205,0.00018933136
397,205,0.0003184788
398,205,0.00090870354
399,205,0.001040373
400,205,0.00032687932
401,205,0.0006684931
402,205,0.0009866878
403,205,0.00016421266
404,205,0.0006666221
405,205,0.0004884768
406,205,0.0005491469
407,205,0.0010750256
408,205,0.0010403246
409,205,0.00057551544
410,205,0.00043134205
411,205,0.0004377393
412,205,6.957911e-05
413,205,0.00028079934
414,205,0.000923818
415,205,0.00033646822
416,205,0.00045699533
417,205,0.0004893299
418,205,0.00023179688
419,205,0.0003682468
420,205,0.00070209615
421,205,0.0003460506
422,205,4.045479e-05
423,205,0.00089196395
424,205,0.0006735334
425,205,0.0005353894
426,205,0.00062138215
427,205,0.00075021014
428,205,0.000823115
429,205,0.00032307208
430,205,0.0006686151
431,205,0.000840039
432,205,0.0007601874
433,205,0.0001658937
434,205,0.00051350426
435,205,0.00030691922
436,205,0.00086634606
437,205,0.0008403063
438,205,0.0005953256
439,205,0.000672997
440,205,0.00052318815
441,205,0.00046168547
442,205,
443,205,
444,205,
445,205,
446,205,0.0007071141
447,205,-4.1831285e-05
448,205,0.0006989669
449,205,0.00051937345
450,205,0.00010078773
451,205,0.0005841069
452,205,-4.42639e-05
453,205,0.00012151897
454,205,0.00046355836
455,205,0.00027060788
456,205,0.0008742772
457,205,0.0005773222
458,205,0.000831699
459,205,0.00049316883
460,205,0.0002721334
461,205,0.0003448343
462,205,0.0007240884
463,205,0.00027037598
464,205,0.0008268934
465,205,-0.0001334222
466,205,0.00066529773
467,205,0.00024405308
468,205,0.00028799567
469,205,0.0007305611
470,205,0.0006020032
471,205,0.00012341421
472,205,0.0007622065
473,205,0.0009189779
474,205,0.00014077406
475,205,0.0004873844
476,205,0.0007828446
477,205,0.0007808311
478,205,0.0005702218
479,205,0.00052030943
480,205,0.0006666593
481,205,0.0010046717
482,205,0.00029424764
483,205,0.0008427352
484,205,0.0010687485
485,205,0.0006573126
486,205,0.00091370754
487,205,0.00017603114
488,205,0.00065226946
489,205,0.0005077217
490,205,0.0004475955
491,205,5.3036958e-05
492,205,0.00015691109
493,205,0.00042798743
494,205,0.0004149936
0,206,0.0004967898
1,206,0.0007182257
2,206,0.0007888675
3,206,0.00087749027
4,206,0.0010544946
5,206,0.0007861806
6,206,0.0005673459
7,206,0.00057573896
8,206,0.00058596954
9,206,0.00052870065
10,206,0.0012298673
11,206,0.00044711865
12,206,0.00095904805
13,206,-0.00020520948
14,206,0.0012278464
15,206,0.00060340296
16,206,0.00031302683
17,206,0.00052464195
18,206,0.00020598806
19,206,0.00022229552
20,206,0.0005255705
21,206,-0.0001623435
22,206,2.1699816e-05
23,206,0.00027596764
24,206,0.0006558625
25,206,0.0005931398
26,206,0.00029751658
27,206,0.00084482506
28,206,0.00062024966
29,206,0.00040878076
30,206,0.00095395
31,206,0.0007896852
32,206,0.00041917898
33,206,0.0005520033
34,206,0.00066041853
35,206,0.0004866505
36,206,0.00016111322
37,206,0.0003005145
38,206,0.000751527
39,206,8.997787e-05
40,206,0.00091750827
41,206,0.00015875418
42,206,0.00069023576
43,206,0.0006945506
44,206,0.00016871281
45,206,0.0006602304
46,206,0.0006901501
47,206,0.0006615631
48,206,0.0008388953
49,206,0.00032329466
50,206,0.0005476037
51,206,-0.00016209297
52,206,0.00083706714
53,206,0.00012085214
54,206,0.00040760916
55,206,0.000420616
56,206,0.00075759646
57,206,0.00012524892
58,206,0.0012774318
59,206,0.00038389675
60,206,0.0005981438
61,206,
62,206,
63,206,-3.6555342e-05
64,206,0.0004961537
65,206,0.0005286494
66,206,9.578001e-05
67,206,0.001050326
68,206,0.00079923775
69,206,0.00011789799
70,206,0.00094381254
71,206,0.0004409328
72,206,0.0008844137
73,206,0.00057897717
74,206,0.0002868399
75,206,0.0006156573
76,206,0.00083090924
77,206,0.0004751915
78,206,0.00032746047
79,206,0.00038222224
80,206,0.0006398484
81,206,0.0008354448
82,206,0.0006147213
83,206,0.0010907035
84,206,-0.0001316471
85,206,0.00076581445
86,206,0.0005668197
87,206,0.0006148089
88,206,0.00025613047
89,206,0.0006216457
90,206,0.00094010215
91,206,-5.7173893e-05
92,206,0.0006430689
93,206,0.00055304635
94,206,
95,206,
96,206,
97,206,0.0011571711
98,206,0.0006954232
99,206,0.0005999468
100,206,0.00075089093
101,206,0.00038242154
102,206,9.4447285e-05
103,206,0.00041404646
104,206,0.00055787526
105,206,0.0008784989
106,206,0.0011225278
107,206,0.0012030303
108,206,0.0011174483
109,206,0.000845545
110,206,0.001026473
111,206,0.0008019218
112,206,0.00072456896
113,206,0.0007461794
114,206,0.0009393785
115,206,0.0008144835
116,206,0.0012584245
117,206,0.0009926502
118,206,0.0010236241
119,206,0.0011378499
120,206,0.00046723057
121,206,0.0006856192
122,206,0.00060741697
123,206,0.0006186608
124,206,0.00074595027
125,206,0.0005666828
126,206,0.0006500343
127,206,0.00049244985
128,206,0.00031707995
129,206,0.000613017
130,206,0.0006412808
131,206,0.00059626345
132,206,0.0007935073
133,206,0.00042885076
134,206,
135,206,
136,206,
137,206,
138,206,
139,206,
140,206,
141,206,
142,206,
143,206,
144,206,
145,206,
146,206,
147,206,
148,206,
149,206,0.0004918976
150,206,1.2310222e-05
151,206,0.000575033
152,206,0.00055474974
153,206,0.0004004985
154,206,0.0010682037
155,206,0.00064172037
156,206,0.000248407
157,206,6.850809e-05
158,206,0.00052236114
159,206,0.00082294084
160,206,0.0009158626
161,206,0.00054517575
162,206,0.0011244984
163,206,0.0008186372
164,206,0.0009060055
165,206,0.0002767304
166,206,0.00021992158
167,206,0.00028309785
168,206,0.00024604704
169,206,3.267359e-05
170,206,0.0005584825
171,206,5.2880496e-05
172,206,0.0005663559
173,206,4.9513765e-05
174,206,0.00054263975
175,206,0.0007950803
176,206,0.0008343691
177,206,0.00077011436
178,206,0.00087328814
179,206,0.00029602926
180,206,0.00055616815
181,206,0.00076651387
182,206,0.0006373394
183,206,0.00040456653
184,206,0.00021279138
185,206,0.0007987777
186,206,0.0003221603
187,206,0.0003942512
188,206,0.0008475762
189,206,0.00027084816
190,206,0.00046983827
191,206,4.2866915e-05
192,206,-7.650722e-05
193,206,0.0005340064
194,206,0.0006815288
195,206,0.000613546
196,206,0.0008871844
197,206,0.00033083186
198,206,0.00044168904
199,206,0.00031919032
200,206,0.00021867827
201,206,0.00029693358
202,206,0.00081286393
203,206,0.00024054572
204,206,0.0008799536
205,206,0.00018634927
206,206,0.00084508955
207,206,0.00052887015
208,206,0.00058475137
209,206,0.00087658037
210,206,0.0002595205
211,206,0.00015841145
212,206,0.000512301
213,206,0.00035987236
214,206,0.00023908727
215,206,0.0010774117
216,206,0.00078449305
217,206,0.00042410195
218,206,0.00084527954
219,206,0.0007715728
220,206,0.00049869996
221,206,0.0005789278
222,206,0.00077415444
223,206,0.00042043813
224,206,0.00041630492
225,206,0.00020016171
226,206,0.0007433407
227,206,0.00019126758
228,206,0.00032503903
229,206,0.00024816487
230,206,0.00080642104
231,206,0.0005213665
232,206,0.0002917871
233,206,0.00045212172
234,206,0.0009841574
235,206,0.0010588253
236,206,0.00027663633
237,206,-0.00013132021
238,206,0.0009924294
239,206,0.00041767396
240,206,0.0004852796
241,206,0.0006735027
242,206,-5.1463023e-05
243,206,0.0008868333
244,206,0.00076888315
245,206,0.00033719465
246,206,0.00012252852
247,206,0.00022636913
248,206,0.0004518591
249,206,0.0005689608
250,206,1.7789192e-05
251,206,0.00024093501
252,206,-8.274522e-05
253,206,0.00042736344
254,206,0.0002238648
255,206,0.0009791851
256,206,8.363277e-07
257,206,0.00023543835
258,206,0.00074371137
259,206,0.0006402405
260,206,0.0006668838
261,206,-9.619724e-05
262,206,0.00059407204
263,206,-0.00033134036
264,206,0.0003338307
265,206,0.0004172502
266,206,0.00024804566
267,206,0.00031003822
268,206,0.0011613984
269,206,0.0005506724
270,206,0.0009839106
271,206,0.00032813568
272,206,0.00053215213
273,206,0.00020000525
274,206,0.0006669648
275,206,0.0005525304
276,206,5.7648867e-05
277,206,0.0008695414
278,206,0.00027216133
279,206,0.0004631551
280,206,0.00051024836
281,206,-9.2989765e-05
282,206,0.00037945434
283,206,0.00024706032
284,206,0.0004976867
285,206,0.00057538785
286,206,0.0005891826
287,206,0.0005366951
288,206,0.00035576057
289,206,0.00084535126
290,206,0.0009404775
291,206,0.00065064617
292,206,0.00047717243
293,206,0.00038369372
294,206,0.0006094426
295,206,0.00039257854
296,206,-0.00017934479
297,206,0.00066307373
298,206,0.0004674187
299,206,0.0008670883
300,206,0.0008272901
301,206,0.0004344359
302,206,0.0005453294
303,206,0.0007699691
304,206,0.00046033692
305,206,0.0007882193
306,206,0.00016952492
307,206,0.0009896439
308,206,0.0005246736
309,206,0.00067897514
310,206,0.0008989908
311,206,0.0010477994
312,206,0.00016605388
313,206,0.0005686814
314,206,0.0005217502
315,206,0.00021543354
316,206,0.0009086905
317,206,
318,206,0.00064235367
319,206,0.00044261292
320,206,
321,206,0.00047301967
322,206,0.00044084247
323,206,0.0011263816
324,206,0.001048279
325,206,0.0007207887
326,206,
327,206,
328,206,0.0007284414
329,206,0.00073371455
330,206,0.0004155878
331,206,0.00031792372
332,206,0.0009310236
333,206,0.0009169476
334,206,0.0005045505
335,206,0.0006055804
336,206,0.0007626116
337,206,0.00041104387
338,206,0.00043860916
339,206,0.0004659146
340,206,0.00086208526
341,206,0.00069044903
342,206,0.00048016198
343,206,3.9627776e-05
344,206,0.00082084443
345,206,0.0004954506
346,206,0.0005139848
347,206,0.0003814418
348,206,0.00042658206
349,206,0.00042778347
350,206,0.0008333381
351,206,0.0001998758
352,206,0.00015579257
353,206,0.00035060663
354,206,0.00036882237
355,206,0.0006577559
356,206,0.00019477494
357,206,0.00040377397
358,206,0.0005817851
359,206,0.00026514754
360,206,
361,206,
362,206,
363,206,
364,206,0.00049979426
365,206,0.0006090766
366,206,0.0006649103
367,206,0.00097569637
368,206,0.001021469
369,206,0.0009704288
370,206,0.00054380484
371,206,0.0002566781
372,206,0.00068116
373,206,0.001128614
374,206,0.0008429913
375,206,0.000697786
376,206,0.0008049803
377,206,0.0007800665
378,206,0.00038829446
379,206,0.0006513987
380,206,0.00085385144
381,206,0.00024646986
382,206,0.00025530718
383,206,3.7408434e-05
384,206,0.000717639
385,206,0.0011534598
386,206,0.0007931767
387,206,0.00034318306
388,206,0.0003518602
389,206,0.00065444503
390,206,0.00018611923
391,206,0.0006255312
392,206,0.00066265557
393,206,0.00072838087
394,206,0.0006028451
395,206,0.00068381056
396,206,0.00087596104
397,206,0.0007485952
398,206,0.00062591396
399,206,0.0006411141
400,206,0.00014860742
401,206,0.0010328619
402,206,0.00069872104
403,206,0.00055566523
404,206,0.00038832147
405,206,0.0007515941
406,206,0.00077992305
407,206,0.0008972306
408,206,0.0008997908
409,206,0.0006357217
410,206,0.0010122787
411,206,0.00050169043
412,206,0.00041527953
413,206,0.0008896021
414,206,0.0006689448
415,206,0.0003009122
416,206,0.00014148932
417,206,0.00077921245
418,206,0.00029468723
419,206,0.000654635
420,206,0.00083234254
421,206,0.00073732063
422,206,0.00075626746
423,206,0.0008339472
424,206,-0.00014212169
425,206,0.0009787399
426,206,0.00038641598
427,206,0.00056985207
428,206,0.00054027047
429,206,0.00072997436
430,206,0.0005437527
431,206,0.00076777674
432,206,0.0005208794
433,206,0.0009542769
434,206,0.000663531
435,206,0.00012412947
436,206,0.00075253844
437,206,0.0007531429
438,206,0.0015011933
439,206,0.0005408367
440,206,0.0014539361
441,206,0.0009499341
442,206,0.0005823076
443,206,
444,206,
445,206,
446,206,0.00068593584
447,206,0.0007892307
448,206,0.0010591727
449,206,0.0005884087
450,206,-0.00031309854
451,206,0.00031982455
452,206,0.0003996743
453,206,0.00064276997
454,206,0.000766878
455,206,0.00034029316
456,206,0.0006174613
457,206,0.00059235
458,206,0.00057823304
459,206,0.000402377
460,206,4.803948e-05
461,206,0.0001580948
462,206,0.00062462967
463,206,0.00093214586
464,206,0.0005642716
465,206,0.00041280687
466,206,-2.5980175e-05
467,206,0.0001934031
468,206,0.00077188015
469,206,0.0011320412
470,206,0.00046321377
471,206,0.00030662678
472,206,0.0005840156
473,206,0.0009032022
474,206,0.0005724747
475,206,-5.0035305e-05
476,206,0.00067377836
477,206,0.0005593728
478,206,-8.428469e-05
479,206,0.00041444972
480,206,7.5631775e-05
481,206,0.0001165485
482,206,0.0005673133
483,206,0.0004380904
484,206,0.00097154826
485,206,0.00088939443
486,206,0.0007785419
487,206,0.0007441668
488,206,0.00063498784
489,206,0.0008671228
490,206,0.0005676476
491,206,0.00041100383
492,206,0.0011018012
493,206,0.0008599106
494,206,0.00052161794
0,207,0.0005258387
1,207,0.0007284861
2,207,0.0006283857
3,207,0.0001732381
4,207,0.0004047025
5,207,9.47481e-05
6,207,0.00010278262
7,207,0.00078953616
8,207,0.00083008874
9,207,0.00064394996
10,207,0.00088617485
11,207,0.00015183166
12,207,0.000690083
13,207,0.000736678
14,207,0.00071851443
15,207,0.00041964743
16,207,0.0005879039
17,207,0.00017979182
18,207,0.00035418756
19,207,0.00090486
20,207,0.00041353144
21,207,0.0005043037
22,207,0.0005702423
23,207,0.0002687592
24,207,0.0001012031
25,207,0.000620218
26,207,-4.917383e-06
27,207,0.00059519056
28,207,0.00031325873
29,207,0.0002088258
30,207,0.00035084132
31,207,0.00071443804
32,207,0.00043682847
33,207,0.0012324685
34,207,0.000517834
35,207,0.00051492173
36,207,0.00047454517
37,207,0.0005086167
38,207,0.0004394157
39,207,0.0002059117
40,207,0.001019286
41,207,0.00048460998
42,207,0.00062133744
43,207,0.0005218368
44,207,0.00097522885
45,207,0.00044534076
46,207,0.00044465624
47,207,0.00073136017
48,207,0.0006206082
49,207,0.00046334974
50,207,-0.00026426744
51,207,0.0006647073
52,207,0.0003819503
53,207,0.0006892253
54,207,0.00034675654
55,207,0.0005232673
56,207,-1.568161e-05
57,207,0.00033596717
58,207,0.0009243293
59,207,-8.6011365e-05
60,207,0.0002711704
61,207,
62,207,
63,207,6.351527e-05
64,207,0.0008838419
65,207,0.000434272
66,207,0.000259744
67,207,0.00018385053
68,207,0.00017457083
69,207,0.00064113643
70,207,0.00065503176
71,207,0.00038644113
72,207,0.0004342515
73,207,0.00039443094
74,207,-2.3432076e-05
75,207,0.00020799786
76,207,0.00037744083
77,207,0.00042411033
78,207,7.593725e-05
79,207,0.00046702195
80,207,0.0007080771
81,207,0.0009158412
82,207,0.0008517392
83,207,0.00037825666
84,207,0.0006072493
85,207,1.4333054e-06
86,207,0.00044244342
87,207,0.0005566869
88,207,0.00022992864
89,207,-2.5862828e-05
90,207,0.0002103746
91,207,0.00053778663
92,207,0.00093643926
93,207,0.00061396416
94,207,0.000769672
95,207,
96,207,
97,207,0.00025685132
98,207,0.00083073415
99,207,
100,207,0.00089594815
101,207,0.00057036243
102,207,0.0006776247
103,207,0.0007889187
104,207,0.00019807369
105,207,0.00093873776
106,207,0.001072336
107,207,0.00094015244
108,207,0.00044390187
109,207,0.00076200534
110,207,0.00078457966
111,207,0.0007131994
112,207,0.0011184234
113,207,0.0009050984
114,207,0.0009781504
115,207,0.0009918483
116,207,0.0010219719
117,207,0.0009735031
118,207,0.0009264117
119,207,0.0011350187
120,207,0.00090069324
121,207,0.0009297859
122,207,0.0010257289
123,207,0.00037827063
124,207,0.00052132644
125,207,0.00080205686
126,207,0.0007202029
127,207,0.0009513246
128,207,0.0005134363
129,207,
130,207,0.0007964568
131,207,0.000633128
132,207,0.0008207215
133,207,0.0006691795
134,207,
135,207,
136,207,
137,207,
138,207,
139,207,
140,207,
141,207,
142,207,
143,207,
144,207,
145,207,
146,207,
147,207,
148,207,
149,207,0.0005378742
150,207,0.0005522184
151,207,0.0005180277
152,207,0.00011863839
153,207,0.00039785355
154,207,0.0005360693
155,207,0.0006912751
156,207,-0.000172209
157,207,0.0003286628
158,207,0.0003420133
159,207,0.00091105234
160,207,0.0006986642
161,207,0.0007845666
162,207,0.00026530493
163,207,0.00031023473
164,207,0.00064428896
165,207,0.00108724
166,207,0.00044174027
167,207,0.0009890813
168,207,0.0008496512
169,207,0.0010744929
170,207,0.0007554991
171,207,0.0002848711
172,207,0.0007193824
173,207,0.00032952987
174,207,0.00068414863
175,207,0.0009801034
176,207,0.00022061449
177,207,0.00054637715
178,207,0.00061966944
179,207,0.0006934721
180,207,0.0004372904
181,207,0.0007071486
182,207,0.0002813395
183,207,0.00062341057
184,207,0.00039806403
185,207,0.0006533386
186,207,0.0003105197
187,207,0.00058906246
188,207,0.0006004572
189,207,0.00047587324
190,207,0.0006042663
191,207,8.933898e-05
192,207,0.00069591496
193,207,0.0005969973
194,207,0.0008762395
195,207,-9.41176e-05
196,207,0.0004196046
197,207,0.00049552415
198,207,0.0010543857
199,207,0.00054715574
200,207,0.0006875349
201,207,0.00046729017
202,207,-0.00033933483
203,207,0.0007117875
204,207,0.000256788
205,207,0.000436306
206,207,0.0002604928
207,207,0.0013373513
208,207,0.00068941526
209,207,0.0008504642
210,207,0.00021449383
211,207,0.0007290356
212,207,0.00024619792
213,207,0.0007173661
214,207,0.00072327815
215,207,0.00025946274
216,207,0.00068904366
217,207,0.00051323976
218,207,0.0008182004
219,207,0.00058175996
220,207,0.0007159393
221,207,0.00031444523
222,207,0.00078636967
223,207,0.0006849142
224,207,0.000583726
225,207,1.6050413e-05
226,207,0.0005803667
227,207,0.00058811996
228,207,0.00057837553
229,207,0.00011979975
230,207,0.00042468496
231,207,0.000561025
232,207,0.0006278511
233,207,0.00079029426
234,207,5.254522e-05
235,207,0.00038505066
236,207,0.0005516689
237,207,0.00041326135
238,207,0.0005370276
239,207,0.0006795861
240,207,0.00045372266
241,207,0.00034472998
242,207,-0.00017394032
243,207,0.000120409764
244,207,0.00037723873
245,207,0.00029148627
246,207,0.00079138763
247,207,0.00014769658
248,207,0.00081095006
249,207,0.00037070923
250,207,-2.9380433e-05
251,207,0.00090818293
252,207,0.00074531324
253,207,0.00046931393
254,207,0.0003195908
255,207,-1.7144717e-05
256,207,0.001044685
257,207,0.00051961094
258,207,0.00021165144
259,207,0.0005478738
260,207,0.0004042145
261,207,0.00045789592
262,207,0.0005883761
263,207,0.0008122092
264,207,0.00046743266
265,207,0.0007290887
266,207,0.0003761761
267,207,5.1937997e-05
268,207,0.00019181613
269,207,0.0008767033
270,207,0.0007419698
271,207,0.00022787973
272,207,0.000577203
273,207,0.00060701
274,207,0.00050721597
275,207,0.0005724216
276,207,0.00064981915
277,207,0.00033844542
278,207,0.0007031467
279,207,0.00054379273
280,207,0.00026454404
281,207,0.0006984882
282,207,0.0005707713
283,207,0.00036332756
284,207,9.5983036e-05
285,207,0.00076102186
286,207,0.00015853159
287,207,0.0011253953
288,207,0.00038011093
289,207,0.000664331
290,207,0.00020482205
291,207,0.0003332952
292,207,0.00096904486
293,207,-0.00021893717
294,207,0.00088095944
295,207,0.00030205958
296,207,0.00040770136
297,207,0.0004222598
298,207,0.000569595
299,207,0.0001840759
300,207,0.00030876882
301,207,0.00021570735
302,207,0.00025632884
303,207,0.00065516774
304,207,-5.6188554e-05
305,207,0.0006209854
306,207,0.0004865285
307,207,0.00011922233
308,207,0.0007969141
309,207,0.0005924748
310,207,0.00013953075
311,207,0.0005673971
312,207,0.0007111365
313,207,7.887464e-05
314,207,0.0004246086
315,207,0.00043260865
316,207,
317,207,0.000103883445
318,207,0.00045140088
319,207,0.0006910134
320,207,0.000558408
321,207,0.0005950369
322,207,0.00022000726
323,207,0.0009221565
324,207,0.00063361786
325,207,0.00086819194
326,207,0.00053934846
327,207,0.0009443946
328,207,0.00046844129
329,207,0.0012457473
330,207,0.0005339002
331,207,0.0006576702
332,207,0.0008062562
333,207,0.0007595364
334,207,0.00024303049
335,207,0.0004614452
336,207,0.0006811954
337,207,0.00039920304
338,207,0.0005335966
339,207,0.00056251604
340,207,0.00061730016
341,207,0.0005992586
342,207,0.00092613604
343,207,0.00080717914
344,207,0.00064173806
345,207,0.0008867942
346,207,0.00044325367
347,207,0.0005862303
348,207,0.0007010121
349,207,0.0004005395
350,207,0.00019564666
351,207,0.00019558519
352,207,0.00064127706
353,207,0.0002331296
354,207,0.0005818177
355,207,-2.1621585e-05
356,207,-5.6421384e-05
357,207,0.000436238
358,207,0.0007470548
359,207,0.00077182706
360,207,
361,207,
362,207,
363,207,
364,207,0.00026616082
365,207,0.00017283391
366,207,5.6035817e-05
367,207,0.00056802295
368,207,0.0002978798
369,207,0.0006559193
370,207,0.00016322453
371,207,0.0006906446
372,207,5.8444217e-05
373,207,0.00086259097
374,207,0.0003396049
375,207,0.0011274153
376,207,0.00042217597
377,207,0.000561689
378,207,0.00031705014
379,207,0.0005424889
380,207,0.0006950386
381,207,0.00055054296
382,207,0.0007039476
383,207,0.0003416054
384,207,0.0004962478
385,207,0.00021589454
386,207,0.00078016706
387,207,0.000508504
388,207,0.00083193276
389,207,0.000551993
390,207,0.0011478886
391,207,0.0005909782
392,207,0.00040090457
393,207,0.00020680018
394,207,0.0007554684
395,207,0.00057529286
396,207,0.00039393269
397,207,0.0002654288
398,207,3.7706457e-05
399,207,0.0002474077
400,207,0.00038672052
401,207,0.00044650305
402,207,0.00042958
403,207,0.0007695928
404,207,0.00050222967
405,207,0.0006761681
406,207,0.00076908804
407,207,0.0007335283
408,207,0.00091381837
409,207,0.00073306076
410,207,0.00020603742
411,207,0.0008353712
412,207,0.0008680327
413,207,0.0007077623
414,207,0.0006448962
415,207,0.0009766277
416,207,0.00019533839
417,207,0.00035124738
418,207,0.00034560077
419,207,0.000597029
420,207,0.00083743874
421,207,0.000281116
422,207,0.00031333044
423,207,0.00086163357
424,207,0.0008689556
425,207,0.00061337836
426,207,0.0006709406
427,207,0.00061094016
428,207,-0.00035624858
429,207,0.00033766776
430,207,0.00035727862
431,207,0.0006059222
432,207,0.00037343614
433,207,0.0006282851
434,207,0.0004571043
435,207,0.000106079504
436,207,0.00025421754
437,207,0.00031454396
438,207,0.00075186417
439,207,0.0013134964
440,207,0.0011551194
441,207,0.00027036015
442,207,
443,207,
444,207,
445,207,
446,207,0.0010531237
447,207,0.00054627843
448,207,0.0004937919
449,207,0.00048386864
450,207,0.0003955532
451,207,0.00023715198
452,207,0.00081449654
453,207,0.000629575
454,207,0.00046503637
455,207,0.00044647604
456,207,0.0007345304
457,207,0.0008535581
458,207,0.0007055467
459,207,0.0007516416
460,207,0.0007064445
461,207,0.00041430723
462,207,0.0003905585
463,207,0.0011388194
464,207,0.0003365595
465,207,0.0010831645
466,207,0.00036342256
467,207,0.00031098723
468,207,0.0009441972
469,207,0.0006555859
470,207,0.00027475972
471,207,0.0005379338
472,207,0.0007914929
473,207,0.0005550906
474,207,0.0002803933
475,207,0.0005947845
476,207,0.0006096456
477,207,0.0009132484
478,207,0.00031869952
479,207,0.00045751128
480,207,0.0007534893
481,207,0.0007233042
482,207,0.0007180646
483,207,0.0007196842
484,207,0.0011506621
485,207,0.0011351127
486,207,6.556511e-05
487,207,0.0006403988
488,207,0.000420277
489,207,0.00059705134
490,207,0.00017095543
491,207,0.00026044436
492,207,0.00078270584
493,207,0.00039085094
494,207,0.00051616225
0,208,0.00029855594
1,208,0.0005014818
2,208,0.001064185
3,208,0.000790827
4,208,8.546375e-05
5,208,0.0008820109
6,208,0.00046333577
7,208,0.0007915646
8,208,0.00066517387
9,208,0.00035151746
10,208,0.00035376102
11,208,0.0001816405
12,208,0.00075453427
13,208,-0.0002342891
14,208,0.00057704747
15,208,0.00025794562
16,208,0.0005040746
17,208,0.00010858849
18,208,0.0008106893
19,208,-0.00036338158
20,208,0.0003532702
21,208,0.0005026795
22,208,7.68872e-05
23,208,0.0005281931
24,208,0.00059863366
25,208,0.00041852333
26,208,0.00023803115
27,208,0.00037316978
28,208,0.00011709239
29,208,0.0009687338
30,208,-9.000767e-05
31,208,0.00014332682
32,208,0.00032609235
33,208,0.00062103756
34,208,0.0004946608
35,208,0.000472215
36,208,0.0005262615
37,208,0.00047957618
38,208,0.00018224865
39,208,-3.8408674e-05
40,208,0.00047601014
41,208,0.000549729
42,208,0.0004974231
43,208,0.0005713813
44,208,0.00038141012
45,208,0.00011775084
46,208,0.00044935476
47,208,-6.4815395e-05
48,208,0.00049594045
49,208,0.0004849257
50,208,0.0005815942
51,208,0.00040666573
52,208,0.00021254737
53,208,0.0005864175
54,208,0.00038830284
55,208,0.0002855938
56,208,0.000539138
57,208,-0.00024132244
58,208,0.0010018181
59,208,0.00025401637
60,208,0.00025757402
61,208,
62,208,0.00064211246
63,208,0.000492963
64,208,0.0007597348
65,208,0.00056424923
66,208,0.00036016013
67,208,-0.00028653909
68,208,0.00035717245
69,208,0.0003373623
70,208,0.0001550978
71,208,0.00048359856
72,208,0.00023842137
73,208,-0.000241681
74,208,0.00026144832
75,208,-0.000114001334
76,208,0.000866876
77,208,0.00042458624
78,208,0.00024476275
79,208,3.2670796e-05
80,208,0.00034319982
81,208,0.00027611665
82,208,0.0003402885
83,208,0.0006544469
84,208,0.00041741226
85,208,0.00014269445
86,208,0.00078501645
87,208,0.0008904394
88,208,0.00096243713
89,208,0.00080802664
90,208,0.00052083656
91,208,0.00020800717
92,208,-1.0996126e-05
93,208,-0.00012981426
94,208,
95,208,
96,208,
97,208,0.00049214717
98,208,0.0004991498
99,208,0.00041150674
100,208,0.0004936224
101,208,0.0006404491
102,208,0.00079741236
103,208,0.00085232593
104,208,0.00020477362
105,208,0.0008063372
106,208,0.0010863068
107,208,0.0006575482
108,208,0.00110735
109,208,0.00075638015
110,208,0.0009806156
111,208,0.0011876374
112,208,0.00075726025
113,208,0.00092247874
114,208,0.0010513654
115,208,0.0007447945
116,208,0.00073061883
117,208,0.0011639306
118,208,0.00076662656
119,208,0.0011316659
120,208,0.0007769475
121,208,0.0006312514
122,208,0.00094147306
123,208,0.0008773012
124,208,0.00085848756
125,208,0.00060568936
126,208,0.0006696638
127,208,0.00083506294
128,208,0.0010463903
129,208,
130,208,
131,208,
132,208,
133,208,
134,208,
135,208,-9.500235e-05
136,208,
137,208,
138,208,
139,208,
140,208,
141,208,
142,208,
143,208,
144,208,
145,208,
146,208,
147,208,
148,208,
149,208,
150,208,
151,208,0.00033391267
152,208,0.00024665426
153,208,0.0009812582
154,208,0.0005942751
155,208,0.0007295031
156,208,0.000478114
157,208,0.00017182902
158,208,0.0009498466
159,208,0.00032735802
160,208,0.0006857123
161,208,0.00043669902
162,208,0.00064218696
163,208,0.0006631641
164,208,0.00064003095
165,208,0.00073228683
166,208,0.00019676238
167,208,-6.548874e-05
168,208,0.0008378709
169,208,0.00069553126
170,208,0.00086027104
171,208,0.00022337772
172,208,0.00041581132
173,208,-8.037314e-06
174,208,0.0007678168
175,208,0.0004813429
176,208,0.0008733375
177,208,0.0007887529
178,208,0.0005219234
179,208,0.0006461097
180,208,0.00089840963
181,208,9.481795e-05
182,208,0.00079244934
183,208,0.00033936463
184,208,0.0008766111
185,208,0.00053205807
186,208,0.0011330843
187,208,0.0009834738
188,208,0.00024355669
189,208,0.00078971405
190,208,0.00068133697
191,208,0.0005411431
192,208,0.0005316967
193,208,0.0002894802
194,208,-0.000100106
195,208,0.0008240584
196,208,0.00046603102
197,208,-0.00036812387
198,208,0.0010887133
199,208,0.00062003266
200,208,0.0010156287
201,208,0.0007653702
202,208,0.00055365637
203,208,-6.837584e-05
204,208,0.0014067674
205,208,0.00018328056
206,208,0.0005400665
207,208,0.0006882604
208,208,0.0011675926
209,208,0.0001957696
210,208,0.0003479151
211,208,0.00074956566
212,208,0.00030911062
213,208,5.045533e-05
214,208,0.00026467443
215,208,5.8081932e-05
216,208,0.00071256235
217,208,0.00016951095
218,208,0.00060046837
219,208,0.0007699253
220,208,0.0006447714
221,208,0.00039053615
222,208,0.00058850273
223,208,0.00068280287
224,208,0.00040012877
225,208,0.00028059632
226,208,0.0005370341
227,208,0.00021198206
228,208,0.00046145637
229,208,0.00042715762
230,208,0.00027762167
231,208,0.00026586745
232,208,0.0003277799
233,208,0.00034882966
234,208,0.00041609164
235,208,0.0009324914
236,208,-0.00031020958
237,208,-9.7461045e-05
238,208,0.0003354149
239,208,0.000121219084
240,208,0.0002573412
241,208,0.00033095572
242,208,0.00060656853
243,208,0.00054756925
244,208,0.0007550353
245,208,0.00022631511
246,208,0.00023460295
247,208,0.00024811178
248,208,0.00050128624
249,208,0.00059285015
250,208,0.00058720075
251,208,0.0008398937
252,208,0.00024295598
253,208,0.00062784087
254,208,0.00026990473
255,208,0.00094273686
256,208,0.00037375372
257,208,0.00024932157
258,208,0.00023564603
259,208,0.00066030305
260,208,0.00027288124
261,208,0.0006061271
262,208,1.7508864e-06
263,208,0.00057801977
264,208,0.0005530091
265,208,0.0006772559
266,208,-8.551404e-05
267,208,0.00033914298
268,208,-0.00014417805
269,208,0.00029620435
270,208,0.00053976104
271,208,0.0005160747
272,208,0.0009482037
273,208,0.00066639483
274,208,0.00043954607
275,208,4.518777e-06
276,208,0.0007073935
277,208,-1.999177e-05
278,208,0.00038369186
279,208,0.00032558944
280,208,0.00053113233
281,208,0.0011848258
282,208,0.0010128925
283,208,0.00025458913
284,208,0.0003133323
285,208,0.0007349765
286,208,0.00040482637
287,208,0.00040939637
288,208,0.00010192767
289,208,0.00061987713
290,208,0.00072555244
291,208,0.0005649356
292,208,0.0007807547
293,208,0.0004487401
294,208,0.000361884
295,208,0.00058906246
296,208,0.0004139142
297,208,3.9261766e-05
298,208,0.000575779
299,208,0.00036726706
300,208,0.00092227943
301,208,0.0006815875
302,208,0.0012132386
303,208,0.00043983012
304,208,0.0008215904
305,208,0.0003849864
306,208,0.000101101585
307,208,3.9655715e-05
308,208,0.0007431889
309,208,0.00028837752
310,208,0.00073602516
311,208,0.00049471203
312,208,0.0011967821
313,208,0.00094787683
314,208,3.3650547e-05
315,208,
316,208,0.0005684085
317,208,-5.0727278e-05
318,208,0.0002126582
319,208,
320,208,0.0005483702
321,208,0.0004885178
322,208,0.000770011
323,208,0.0011222474
324,208,0.00068986043
325,208,0.00018708315
326,208,0.00038890447
327,208,0.0008592643
328,208,
329,208,0.0005713934
330,208,0.0006105164
331,208,0.00032455754
332,208,0.00047057867
333,208,0.00053039566
334,208,0.00054590683
335,208,0.0010914579
336,208,0.0006301729
337,208,0.00065562036
338,208,0.0012412118
339,208,0.000489641
340,208,0.00047283154
341,208,0.00020677783
342,208,0.0006676931
343,208,0.00040758587
344,208,0.00087741483
345,208,0.00060987845
346,208,0.000567751
347,208,0.00060699787
348,208,0.00043649226
349,208,0.00042182766
350,208,0.0010577589
351,208,0.00045055524
352,208,0.00028255768
353,208,0.0002835039
354,208,0.00018411968
355,208,0.0006454438
356,208,0.0005656546
357,208,0.00075258967
358,208,0.00031747483
359,208,0.0004823692
360,208,
361,208,
362,208,
363,208,
364,208,0.0007700473
365,208,0.0005822964
366,208,-0.00019706227
367,208,-0.0002835486
368,208,6.143749e-05
369,208,0.0009389091
370,208,0.0006903624
371,208,0.00066182204
372,208,4.9182214e-05
373,208,0.00047578383
374,208,0.00057354197
375,208,0.0006288858
376,208,0.00077995844
377,208,0.00050493516
378,208,2.1272339e-05
379,208,0.00043771323
380,208,0.000693731
381,208,0.0007684715
382,208,0.0008227769
383,208,-3.8759783e-05
384,208,0.00068491977
385,208,0.00080309436
386,208,0.0006709993
387,208,0.00030374527
388,208,0.00054669194
389,208,0.0009045396
390,208,0.00074277446
391,208,2.8433278e-06
392,208,0.0009828992
393,208,0.0008128518
394,208,0.0005135769
395,208,0.00024302118
396,208,8.6193904e-05
397,208,0.00032518245
398,208,0.00044324528
399,208,0.00046273135
400,208,0.0005843295
401,208,0.0005931109
402,208,0.00070008263
403,208,0.00046724174
404,208,0.00061169825
405,208,0.0006327061
406,208,0.0003292365
407,208,0.0003547063
408,208,0.0006149588
409,208,0.0006550485
410,208,0.0007042242
411,208,0.00048525352
412,208,0.0010396522
413,208,0.00036031008
414,208,0.00037758797
415,208,0.00074632093
416,208,0.00028434582
417,208,0.00045204908
418,208,0.00023739412
419,208,0.0011635078
420,208,0.00026890077
421,208,0.00084135495
422,208,0.0006132191
423,208,0.00081494264
424,208,0.0004888931
425,208,0.00025299378
426,208,0.00070716254
427,208,0.0005983729
428,208,0.00065860525
429,208,0.00030397065
430,208,0.00060111843
431,208,0.00078886
432,208,0.0010392033
433,208,0.00048812944
434,208,0.00053894054
435,208,0.00075079314
436,208,0.000425566
437,208,0.00042858347
438,208,0.0006206734
439,208,0.00063462555
440,208,0.00121311
441,208,0.00097651035
442,208,0.00048997905
443,208,
444,208,
445,208,0.00081292633
446,208,0.0007655192
447,208,0.0002750978
448,208,0.0009991983
449,208,0.0006102538
450,208,0.00038144644
451,208,0.0006187437
452,208,0.0010701548
453,208,0.00055433996
454,208,0.0005491758
455,208,0.0005332874
456,208,0.00065829046
457,208,0.00075695384
458,208,0.0007345686
459,208,-2.0455569e-05
460,208,0.0006733155
461,208,0.00073223654
462,208,0.0008947486
463,208,0.00070786476
464,208,0.00064668525
465,208,0.00033303257
466,208,0.00055126566
467,208,0.00088763237
468,208,0.00044035725
469,208,0.0008445829
470,208,0.0007533608
471,208,-0.00010150019
472,208,0.00049096905
473,208,0.00062562525
474,208,0.0006399751
475,208,0.00094032474
476,208,0.0006904742
477,208,0.00040147174
478,208,0.00069293473
479,208,0.00079672784
480,208,0.0012930762
481,208,0.0010127444
482,208,0.00037678517
483,208,0.00113519
484,208,0.0006008055
485,208,0.00019898266
486,208,9.131152e-05
487,208,0.0002122093
488,208,0.0008456586
489,208,0.00022724364
490,208,0.0007757051
491,208,0.00037011597
492,208,0.00070355553
493,208,0.00064621866
494,208,0.0006770333
0,209,0.000650703
1,209,0.00082235504
2,209,0.0003303485
3,209,0.0007298859
4,209,0.00051236525
5,209,0.0010567186
6,209,0.0008279914
7,209,0.00073310826
8,209,0.001015747
9,209,0.000272749
10,209,0.0004999023
11,209,0.00029426254
12,209,0.0004097484
13,209,0.0003635008
14,209,0.0002446631
15,209,0.00028163288
16,209,0.00029611867
17,209,0.00051711034
18,209,0.0005549202
19,209,0.00032836944
20,209,0.000316252
21,209,0.0005989671
22,209,0.000982427
23,209,0.00019393489
24,209,0.00039243884
25,209,0.00072649494
26,209,4.7779642e-05
27,209,0.000488393
28,209,0.00028480683
29,209,0.0010205535
30,209,0.0003725551
31,209,0.00068700965
32,209,0.0006494513
33,209,0.00026134122
34,209,0.0005930057
35,209,0.00073523074
36,209,0.0007685311
37,209,0.00024622958
38,209,0.0007252842
39,209,0.00061913393
40,209,0.00032187812
41,209,0.00034882594
42,209,0.0002796324
43,209,0.0006101597
44,209,0.00063360855
45,209,0.0002209451
46,209,0.0005818885
47,209,0.00037226826
48,209,0.0011761133
49,209,0.00042614806
50,209,0.0006666435
51,209,0.00037267432
52,209,-0.000115145
53,209,0.0006506294
54,209,0.00061714184
55,209,5.9584156e-05
56,209,-0.00016250834
57,209,-1.3633631e-05
58,209,0.00035746023
59,209,4.9832277e-05
60,209,0.0011901809
61,209,0.00076375064
62,209,-0.00010142755
63,209,0.0006065462
64,209,0.00068778545
65,209,0.00034880452
66,209,0.0001075007
67,209,0.00033394713
68,209,0.00052399933
69,209,0.0007959893
70,209,9.542797e-05
71,209,0.0005054679
72,209,0.00030656625
73,209,0.0007156236
74,209,0.00061606057
75,209,0.00014088955
76,209,0.00041055586
77,209,0.00034898426
78,209,0.00037863757
79,209,0.00041368324
80,209,0.00047712773
81,209,0.00053449534
82,209,0.00046287663
83,209,0.00023061596
84,209,0.00045318156
85,209,0.0002475446
86,209,0.0009830687
87,209,0.00035846885
88,209,0.00039689615
89,209,0.0003132755
90,209,0.00071538426
91,209,0.00026228558
92,209,0.00051505305
93,209,0.0007824935
94,209,
95,209,
96,209,0.0006459728
97,209,0.0009416016
98,209,0.0007074764
99,209,0.00054967403
100,209,0.00095034763
101,209,0.00062910654
102,209,0.00088271685
103,209,0.0007041013
104,209,0.0011675116
105,209,0.0007335711
106,209,0.001014132
107,209,0.0010080412
108,209,0.00078439526
109,209,0.0010366011
110,209,0.0010263193
111,209,0.0010226034
112,209,0.0011704974
113,209,0.0012170225
114,209,0.001131502
115,209,0.00072927587
116,209,0.0008295849
117,209,0.0010199416
118,209,0.0010945406
119,209,0.0011492493
120,209,0.0012837909
121,209,0.0007417528
122,209,0.0008217944
123,209,0.0008322615
124,209,0.0006954307
125,209,0.0007201396
126,209,0.0009333771
127,209,0.00083659217
128,209,0.0005656928
129,209,1.7967075e-05
130,209,
131,209,
132,209,
133,209,
134,209,0.00026421063
135,209,0.0005097948
136,209,
137,209,
138,209,
139,209,
140,209,
141,209,
142,209,
143,209,
144,209,
145,209,
146,209,
147,209,
148,209,
149,209,0.000655096
150,209,0.00028655026
151,209,5.2548945e-05
152,209,0.00067144446
153,209,0.00057732034
154,209,0.0010420475
155,209,0.00026450306
156,209,0.0006737178
157,209,0.00010291394
158,209,0.0007323818
159,209,0.0005689021
160,209,0.000535097
161,209,0.00059381966
162,209,0.00044485833
163,209,9.52268e-05
164,209,0.00064627826
165,209,0.0009890404
166,209,0.00038899388
167,209,0.00088249706
168,209,0.0002618851
169,209,0.0006523002
170,209,0.00075827166
171,209,0.00018457882
172,209,0.00090712216
173,209,0.00025136676
174,209,0.00016249344
175,209,0.00081061944
176,209,0.0006950442
177,209,-0.00032803044
178,209,0.00028423965
179,209,0.00084970985
180,209,0.00077279843
181,209,1.6657636e-05
182,209,0.0007829908
183,209,0.0006197952
184,209,0.00091257226
185,209,0.00015123095
186,209,0.00021172222
187,209,0.0006343676
188,209,0.0009713797
189,209,0.0010031303
190,209,0.0007602805
191,209,0.00047520082
192,209,0.00036719535
193,209,0.00066161994
194,209,0.0003007427
195,209,0.0003589848
196,209,0.00027079694
197,209,0.001009699
198,209,0.00020160992
199,209,0.00036019087
200,209,0.0006135693
201,209,8.003507e-05
202,209,0.0010407679
203,209,0.0005962886
204,209,0.00092520844
205,209,0.0012795692
206,209,0.0002056621
207,209,0.00045928173
208,209,0.0002532564
209,209,0.00095000956
210,209,0.00038260221
211,209,0.0003422927
212,209,0.00092948787
213,209,0.00020266604
214,209,0.00076114666
215,209,0.0006262483
216,209,0.00031313207
217,209,0.00083719846
218,209,0.00027217064
219,209,0.00047620758
220,209,0.00052559935
221,209,0.00050756056
222,209,0.00032535754
223,209,0.0006623538
224,209,0.0005263388
225,209,0.00017791428
226,209,0.0006509591
227,209,0.0003804071
228,209,0.00035455637
229,209,0.00025502685
230,209,0.0006345762
231,209,0.00028047618
232,209,0.000669335
233,209,0.00085949246
234,209,0.0006056195
235,209,0.00013532583
236,209,0.00047733635
237,209,-3.0288473e-05
238,209,0.0002666805
239,209,-0.00017911941
240,209,3.8662925e-05
241,209,0.00025712792
242,209,0.00066458154
243,209,0.00064288266
244,209,0.00019553304
245,209,-5.435571e-05
246,209,0.00055189617
247,209,0.0005458407
248,209,0.00046587735
249,209,0.0003048582
250,209,0.00040732976
251,209,0.00054265093
252,209,-0.00011758041
253,209,0.0006556995
254,209,0.00091189705
255,209,0.00075151864
256,209,0.00061987527
257,209,0.00032406114
258,209,0.0007615257
259,209,0.0002665529
260,209,0.0011724755
261,209,0.00039863493
262,209,0.000112178735
263,209,0.00010556076
264,209,0.00039593875
265,209,-0.00029473286
266,209,2.739206e-05
267,209,0.0010062577
268,209,0.0008814037
269,209,0.00049169175
270,209,0.00037493184
271,209,8.625444e-05
272,209,0.0003923718
273,209,0.0005257586
274,209,1.9332394e-05
275,209,0.00044634286
276,209,0.00061054993
277,209,0.00064641703
278,209,0.00036969688
279,209,0.0009080209
280,209,0.0006393213
281,209,0.0005049817
282,209,0.0005281018
283,209,0.0005527232
284,209,0.00022094231
285,209,0.0006998526
286,209,0.00041680783
287,209,0.00041333586
288,209,0.00043892115
289,209,-2.95043e-05
290,209,8.286722e-05
291,209,0.00063345674
292,209,0.00049632415
293,209,4.38001e-06
294,209,0.0005057007
295,209,0.00039404258
296,209,0.00030535087
297,209,0.00047217868
298,209,0.000854739
299,209,0.00054894574
300,209,0.000660399
301,209,0.00038493145
302,209,0.00046238955
303,209,0.0004629027
304,209,0.00023944955
305,209,2.9724091e-05
306,209,-9.1081485e-05
307,209,0.00012913067
308,209,0.00080962013
309,209,0.0009890599
310,209,0.00043274835
311,209,0.0006400822
312,209,0.0005468596
313,209,0.0004084697
314,209,0.0014126124
315,209,
316,209,
317,209,0.0008514868
318,209,7.961877e-06
319,209,
320,209,0.00040683616
321,209,0.0005770484
322,209,0.00087567046
323,209,
324,209,0.00073191803
325,209,0.00067663845
326,209,0.00070176926
327,209,0.00062053185
328,209,0.0007247636
329,209,0.00021629129
330,209,0.00064259674
331,209,0.00095780846
332,209,0.00095668994
333,209,0.0009763781
334,209,0.00071254466
335,209,0.00034191553
336,209,0.0007817745
337,209,0.0009190645
338,209,0.0009055324
339,209,0.00040179584
340,209,0.00016806182
341,209,0.0006157961
342,209,0.0005480936
343,209,0.00033535901
344,209,0.0010676859
345,209,0.00041515008
346,209,0.00078015495
347,209,0.00066546444
348,209,0.0005286932
349,209,0.0007964121
350,209,0.0007047076
351,209,0.0007315837
352,209,0.000677567
353,209,0.0001031952
354,209,0.00039103813
355,209,0.0010170238
356,209,0.00072603207
357,209,0.000631107
358,209,0.00022052135
359,209,0.00033098552
360,209,
361,209,
362,209,
363,209,
364,209,0.0011463845
365,209,0.0012063691
366,209,0.00062420405
367,209,0.00062228367
368,209,0.0006411541
369,209,0.0004069917
370,209,0.00062625203
371,209,0.0005828943
372,209,0.00017032959
373,209,0.0006701797
374,209,0.0005849628
375,209,0.0009236457
376,209,0.0003249785
377,209,0.0006765593
378,209,0.0012669349
379,209,0.00065358635
380,209,0.00066015124
381,209,0.0007944675
382,209,0.0007080827
383,209,0.00046664383
384,209,0.0008095391
385,209,0.00088915136
386,209,-9.091385e-05
387,209,0.000582587
388,209,0.00036416855
389,209,0.0007539606
390,209,0.0008105552
391,209,0.0005873516
392,209,0.0004437659
393,209,0.0010429844
394,209,0.0011001918
395,209,0.00089633744
396,209,0.0005558524
397,209,0.00048412383
398,209,0.00067056995
399,209,0.0007031057
400,209,0.00046521518
401,209,0.0007248083
402,209,0.0006734086
403,209,0.00040069595
404,209,0.000350181
405,209,0.00022875052
406,209,0.0005801134
407,209,0.00037477445
408,209,0.00033254828
409,209,0.00030123908
410,209,0.00065732654
411,209,0.00048150215
412,209,0.00066316966
413,209,0.000726209
414,209,0.00078316685
415,209,0.00074036606
416,209,0.00076159835
417,209,0.0008353684
418,209,0.0005653864
419,209,0.00087854825
420,209,0.0009826142
421,209,0.0005484
422,209,0.00071153976
423,209,0.00063682627
424,209,0.00041284505
425,209,0.00041732844
426,209,0.0003678128
427,209,0.00045849383
428,209,0.0006202692
429,209,0.00075666513
430,209,0.0007226793
431,209,0.000744435
432,209,0.000629575
433,209,0.00062219426
434,209,0.0013079625
435,209,0.00039172545
436,209,0.0010254066
437,209,0.00070469454
438,209,0.0010961648
439,209,0.00044254214
440,209,0.00075223856
441,209,0.0006023636
442,209,
443,209,
444,209,0.0011197254
445,209,0.00035007857
446,209,0.0010160748
447,209,0.0006015757
448,209,0.0005722018
449,209,0.00063802395
450,209,0.00051428005
451,209,-0.0001109615
452,209,0.00065886974
453,209,0.0008110134
454,209,0.00047389325
455,209,0.00048439484
456,209,0.0007999679
457,209,0.00016541965
458,209,0.000734712
459,209,0.0009604376
460,209,0.0007460518
461,209,0.00092323683
462,209,0.00025040843
463,209,0.00066620484
464,209,0.0001578508
465,209,0.0003975015
466,209,0.00021307077
467,209,0.0005436577
468,209,0.00023180991
469,209,0.000780561
470,209,9.983126e-05
471,209,0.0009578187
472,209,0.00083227456
473,209,0.00020306837
474,209,0.00016047247
475,209,0.00045086257
476,209,0.00016270764
477,209,0.00077304617
478,209,0.00036432315
479,209,0.00076766405
480,209,0.00033648498
481,209,-4.353281e-05
482,209,0.0013143141
483,209,-5.1716343e-06
484,209,0.00062378775
485,209,0.00040907227
486,209,0.0007817447
487,209,0.00081300363
488,209,0.0002592262
489,209,0.0003873678
490,209,0.0002175998
491,209,0.00045558438
492,209,0.0005658539
493,209,0.0005677426
494,209,0.00080311764
0,210,-6.2949955e-05
1,210,0.0002626786
2,210,0.0004930496
3,210,0.0007000407
4,210,0.0006523039
5,210,0.00050046854
6,210,0.0005330201
7,210,0.0005064467
8,210,0.0005900031
9,210,0.0005246224
10,210,0.00035572425
11,210,0.00040679425
12,210,0.0012190957
13,210,0.00061176345
14,210,0.0006242292
15,210,0.00083682314
16,210,0.0013799863
17,210,0.00042760372
18,210,0.0008075135
19,210,0.00015315786
20,210,0.0003091339
21,210,0.00053537916
22,210,0.00073497184
23,210,0.0002459269
24,210,0.0005959468
25,210,0.00051652826
26,210,0.00095998496
27,210,0.0004071975
28,210,4.7564507e-05
29,210,0.0005143527
30,210,0.0004878547
31,210,0.00054096896
32,210,0.00034630578
33,210,0.00030167587
34,210,0.0004817266
35,210,0.00038904697
36,210,0.00089292414
37,210,0.0006733639
38,210,0.000205121
39,210,0.00018519908
40,210,0.00035004783
41,210,0.00061419234
42,210,0.00058970414
43,210,0.000524953
44,210,0.00016479846
45,210,0.00028336514
46,210,0.00062470045
47,210,0.0009846911
48,210,0.0005851975
49,210,-0.00010166876
50,210,0.00025100447
51,210,0.00063557737
52,210,0.00084836036
53,210,0.0010014921
54,210,0.00032009557
55,210,0.0001515625
56,210,0.00014675129
57,210,0.00060132984
58,210,0.00020103063
59,210,0.00028738007
60,210,0.0006244015
61,210,0.00067524053
62,210,0.00024770014
63,210,0.0005099131
64,210,0.00049609505
65,210,0.00021604728
66,210,-1.0329299e-05
67,210,0.00038564578
68,210,-2.825819e-05
69,210,0.00093774125
70,210,0.00055408664
71,210,0.0004311558
72,210,0.0006498201
73,210,0.00026242994
74,210,0.0009550825
75,210,0.00022486597
76,210,0.00044414587
77,210,0.00036606193
78,210,0.00068776123
79,210,0.00036349986
80,210,0.00035664625
81,210,0.00032149348
82,210,0.0006858157
83,210,0.00042195525
84,210,6.2139705e-05
85,210,0.00064587034
86,210,0.00075085834
87,210,0.00056703016
88,210,0.000600243
89,210,0.0004911404
90,210,0.00030217506
91,210,0.00046621077
92,210,-0.00011356175
93,210,0.0006179111
94,210,
95,210,
96,210,
97,210,
98,210,0.0009502731
99,210,0.000668589
100,210,0.0005096104
101,210,0.00023074728
102,210,0.0007824134
103,210,0.0006667413
104,210,0.0008729212
105,210,0.0007588444
106,210,0.0010509342
107,210,0.0008674199
108,210,0.0007139724
109,210,0.0011426741
110,210,0.0012303377
111,210,0.0009024767
112,210,0.00095142424
113,210,0.0008774912
114,210,0.001407492
115,210,0.001025945
116,210,0.0009124093
117,210,0.0008469084
118,210,0.0007365467
119,210,0.00081851985
120,210,0.0007494008
121,210,0.000628205
122,210,0.00049685314
123,210,0.0006920416
124,210,0.0007494176
125,210,0.0006157933
126,210,0.00060024485
127,210,0.0008473899
128,210,0.00061869435
129,210,0.00035393424
130,210,
131,210,
132,210,
133,210,0.000781985
134,210,
135,210,0.0005835332
136,210,
137,210,
138,210,
139,210,
140,210,
141,210,
142,210,
143,210,
144,210,
145,210,
146,210,
147,210,
148,210,
149,210,0.0004701065
150,210,0.00044583343
151,210,0.00087549444
152,210,0.0003799945
153,210,0.00086779334
154,210,0.000121240504
155,210,0.00064674113
156,210,0.0013927603
157,210,0.00032305345
158,210,0.00061427895
159,210,0.00066680834
160,210,0.00077215955
161,210,0.0006307848
162,210,0.0005406253
163,210,0.0006498704
164,210,0.00019060913
165,210,0.0003802525
166,210,0.00047952123
167,210,0.000755094
168,210,0.0006591268
169,210,0.0006296616
170,210,0.0009346446
171,210,6.370433e-05
172,210,-8.280482e-05
173,210,0.000948566
174,210,0.00096969865
175,210,3.934931e-05
176,210,0.00014709402
177,210,0.0010511624
178,210,0.00049977005
179,210,0.00023760926
180,210,0.0004115086
181,210,5.699601e-05
182,210,0.00011446979
183,210,-5.219225e-05
184,210,0.0003404636
185,210,0.00060117524
186,210,0.00077457447
187,210,0.00035589933
188,210,0.0006164601
189,210,0.0005886825
190,210,0.00020697154
191,210,0.0004399903
192,210,0.00047873147
193,210,0.0004162416
194,210,0.0002813479
195,210,0.0010856465
196,210,0.0009781886
197,210,0.00034191087
198,210,0.0006391071
199,210,0.00036891177
200,210,0.0005355086
201,210,1.2770295e-05
202,210,-0.00037507527
203,210,0.0007896507
204,210,0.0003574416
205,210,0.00086757354
206,210,-4.4478104e-05
207,210,0.00021872576
208,210,0.00028353184
209,210,0.00089556444
210,210,0.0002916064
211,210,3.0199066e-05
212,210,0.00023715198
213,210,0.0016060732
214,210,0.000735241
215,210,0.00041603297
216,210,0.00036044233
217,210,7.761642e-06
218,210,0.00042096712
219,210,0.00084414426
220,210,0.00060294475
221,210,0.00047250837
222,210,0.00043012016
223,210,0.00033051893
224,210,0.00057513267
225,210,0.00073275436
226,210,0.00089810044
227,210,0.00048416574
228,210,0.000708567
229,210,0.00046691764
230,210,-0.00028334837
231,210,0.00019187853
232,210,0.00041887537
233,210,0.00016439147
234,210,0.00022443943
235,210,-0.00013995264
236,210,0.00032481924
237,210,0.0009004604
238,210,0.0007769307
239,210,7.8870915e-05
240,210,0.0002438575
241,210,0.00052745827
242,210,9.7207725e-05
243,210,0.00067532994
244,210,0.0010369411
245,210,-2.9797666e-05
246,210,0.00061958935
247,210,0.0011053933
248,210,0.00039827544
249,210,0.00058717374
250,210,0.00030787569
251,210,0.0006554872
252,210,0.0005097976
253,210,0.0005807057
254,210,0.0006319275
255,210,0.00024568848
256,210,0.000110193156
257,210,0.0004945202
258,210,0.00018465146
259,210,0.0005319854
260,210,8.265674e-05
261,210,0.00045416877
262,210,0.00046146382
263,210,0.00060102716
264,210,0.00066901464
265,210,0.00052239373
266,210,0.00025076512
267,210,0.00014988519
268,210,0.00021631364
269,210,0.00016755518
270,210,0.0010054903
271,210,0.00024841726
272,210,0.0005784938
273,210,0.00024366938
274,210,0.00058188103
275,210,0.00019785762
276,210,0.000785253
277,210,0.00042727776
278,210,0.00014911033
279,210,0.00038158428
280,210,0.0003738273
281,210,0.00011418015
282,210,0.000528804
283,210,0.00071881246
284,210,0.00038493238
285,210,0.00034423266
286,210,0.0003513815
287,210,0.0010340288
288,210,0.00049556047
289,210,0.0006138049
290,210,0.00087266415
291,210,0.00042115524
292,210,2.0342879e-05
293,210,0.00047778152
294,210,0.0002859719
295,210,0.00087381154
296,210,0.0005306564
297,210,0.00081594195
298,210,0.000328199
299,210,0.00057167746
300,210,0.0008337153
301,210,0.00054742955
302,210,0.0002347026
303,210,0.0010966212
304,210,0.00065217353
305,210,0.00050192047
306,210,0.000762281
307,210,0.000858129
308,210,0.00019006617
309,210,0.0005479874
310,210,0.0003581224
311,210,0.0011458825
312,210,0.0007691104
313,210,7.0589595e-05
314,210,0.00022395048
315,210,0.00031866878
316,210,0.00061099324
317,210,-0.00012159813
318,210,0.0010671029
319,210,0.0006676167
320,210,0.0006967895
321,210,0.00048087165
322,210,0.0010405723
323,210,0.0010325257
324,210,0.00071607064
325,210,0.0005943142
326,210,0.0011359602
327,210,0.00058077835
328,210,0.00038123038
329,210,0.000947129
330,210,0.0010403069
331,210,0.00051408727
332,210,0.0006131986
333,210,0.00029038917
334,210,0.0010184832
335,210,0.0008314522
336,210,0.00059818476
337,210,0.00072698295
338,210,0.00082292967
339,210,0.0014385339
340,210,0.0006421106
341,210,0.00036369823
342,210,0.00018687546
343,210,0.0006114673
344,210,0.0007122755
345,210,0.0004199054
346,210,0.0008251192
347,210,0.0008098036
348,210,0.00023042504
349,210,0.00054539554
350,210,0.0006454941
351,210,0.0007311655
352,210,6.175786e-05
353,210,8.2856975e-05
354,210,0.0009841044
355,210,0.0009241365
356,210,0.00067394506
357,210,0.00040881056
358,210,0.0007939059
359,210,0.00063063856
360,210,
361,210,
362,210,
363,210,0.00046442635
364,210,0.00045359507
365,210,0.000632748
366,210,0.00046774186
367,210,0.0002750801
368,210,0.00082051195
369,210,0.0008985894
370,210,0.0008256985
371,210,0.00043657795
372,210,0.0003963029
373,210,0.00034664106
374,210,0.0006978493
375,210,0.0008682385
376,210,0.0008132197
377,210,0.00010168739
378,210,0.00082663633
379,210,0.00038591772
380,210,0.0012895456
381,210,0.000542921
382,210,0.0005738586
383,210,0.0011698185
384,210,0.0007258337
385,210,0.0007198239
386,210,0.0005820142
387,210,0.00057102554
388,210,0.0005345559
389,210,0.0008368911
390,210,0.000436306
391,210,0.00068205316
392,210,0.0009437874
393,210,0.000382456
394,210,0.00064684637
395,210,0.00068405457
396,210,0.00090187695
397,210,0.00079366006
398,210,0.0005136924
399,210,0.00046660006
400,210,0.00073319953
401,210,0.0008366462
402,210,0.000618875
403,210,0.000737655
404,210,0.0011886926
405,210,0.0003497256
406,210,0.0005751038
407,210,0.0005787611
408,210,0.00038717408
409,210,0.0008580312
410,210,0.0002941871
411,210,0.00038150046
412,210,0.0004388718
413,210,0.00059345365
414,210,0.000771204
415,210,0.00020157825
416,210,0.00062725414
417,210,0.00066083483
418,210,0.00058003236
419,210,0.00039652083
420,210,0.0004955949
421,210,0.000499757
422,210,0.0003387453
423,210,0.00029493403
424,210,0.0008962769
425,210,0.00037871115
426,210,0.0010682978
427,210,0.00029640924
428,210,0.00052304287
429,210,0.0008735461
430,210,0.0004406385
431,210,0.000591062
432,210,0.0008849092
433,210,0.00092396885
434,210,0.00086632464
435,210,0.00079793297
436,210,0.0007882733
437,210,0.00050646253
438,210,0.00041935034
439,210,0.0007209843
440,210,0.00071005523
441,210,0.000838086
442,210,
443,210,
444,210,0.0010093534
445,210,0.0005629901
446,210,0.00033721793
447,210,0.0006121695
448,210,0.00092885364
449,210,0.00014877785
450,210,0.00043524615
451,210,0.00039662886
452,210,0.0006885715
453,210,5.6055374e-05
454,210,2.1101907e-05
455,210,0.00074365456
456,210,0.00028145686
457,210,0.0010480052
458,210,0.0006058961
459,210,0.00052162353
460,210,0.00074610766
461,210,0.00053770375
462,210,0.0006172918
463,210,0.00089360494
464,210,0.0005158754
465,210,0.000262402
466,210,0.00094378553
467,210,0.00037402753
468,210,0.0005815588
469,210,0.00074533094
470,210,0.00088297576
471,210,0.0013524042
472,210,0.00039391126
473,210,0.0009111427
474,210,0.0010498753
475,210,0.00077406503
476,210,0.00067276135
477,210,0.0002293326
478,210,0.00060632266
479,210,0.0010165498
480,210,0.0009223977
481,210,0.0007057255
482,210,0.0006440459
483,210,0.00055510737
484,210,0.0004876377
485,210,0.0007222183
486,210,4.210882e-05
487,210,0.0008593537
488,210,0.00052402355
489,210,4.2938627e-05
490,210,0.00023405068
491,210,0.001103417
492,210,0.0004998343
493,210,0.00030281302
494,210,1.356937e-05
0,211,0.00075778924
1,211,0.0002615219
2,211,0.0007546032
3,211,0.00031754747
4,211,0.0006706808
5,211,0.00076941494
6,211,0.0008538319
7,211,0.00023591146
8,211,0.00096010603
9,211,0.0004932452
10,211,0.0006734375
11,211,0.0009832205
12,211,-0.00016417075
13,211,0.00040295348
14,211,0.00067687593
15,211,0.00029192306
16,211,0.0003505759
17,211,0.00092201494
18,211,0.000784331
19,211,0.00087866746
20,211,0.0002298383
21,211,2.657529e-05
22,211,0.0004483303
23,211,0.00060094893
24,211,0.0002807295
25,211,0.0005608825
26,211,0.0005103396
27,211,0.00047388487
28,211,0.0005546482
29,211,0.00044576172
30,211,0.0002314439
31,211,0.0004235115
32,211,0.00013862178
33,211,0.0006638225
34,211,0.0006566234
35,211,-0.00020860136
36,211,0.0004170779
37,211,0.00032596663
38,211,0.00035373773
39,211,0.00023864303
40,211,0.0006896956
41,211,0.00056499057
42,211,0.0004712222
43,211,0.00050288625
44,211,0.00075053703
45,211,0.0004882291
46,211,0.0005448172
47,211,0.00035873428
48,211,0.0006118696
49,211,0.00095836446
50,211,0.0006059762
51,211,0.00045628846
52,211,0.00010597706
53,211,0.0005928688
54,211,0.0002674628
55,211,0.0004151482
56,211,5.09182e-05
57,211,0.0008432092
58,211,0.00024208613
59,211,0.00011427142
60,211,0.00017549004
61,211,0.0006628707
62,211,0.00073801726
63,211,-5.4635108e-05
64,211,0.00059538335
65,211,0.00046408456
66,211,0.00041616522
67,211,0.0006811209
68,211,0.00015773531
69,211,0.00046716165
70,211,0.0008036513
71,211,-0.0002255924
72,211,6.364379e-05
73,211,0.0005088672
74,211,0.00019984599
75,211,0.0006691078
76,211,0.00022493768
77,211,0.00081420876
78,211,0.0007183533
79,211,0.00056154653
80,211,0.0006040195
81,211,0.0005081175
82,211,0.00029290654
83,211,0.00062702876
84,211,0.00057900324
85,211,0.0002131369
86,211,0.000577067
87,211,0.00059094373
88,211,0.0005733082
89,211,0.00044739898
90,211,0.0006446419
91,211,0.00058099255
92,211,0.00016557425
93,211,0.0006387485
94,211,
95,211,
96,211,0.0006008893
97,211,
98,211,0.0008882722
99,211,0.0004822472
100,211,0.00042772666
101,211,0.00075541064
102,211,-9.7854994e-05
103,211,0.0005356958
104,211,0.00074242335
105,211,0.0008539893
106,211,0.0010912819
107,211,0.000676997
108,211,0.0010150122
109,211,0.00094415806
110,211,0.00087665673
111,211,0.00080262776
112,211,0.0010277806
113,211,0.0014319541
114,211,0.0012129694
115,211,0.0011197254
116,211,0.0009367848
117,211,0.0008518826
118,211,0.0006828075
119,211,0.0011884719
120,211,0.001012669
121,211,0.0011708252
122,211,0.0006227698
123,211,0.00071459264
124,211,0.0008029863
125,211,0.0007305825
126,211,0.00094186794
127,211,0.00076200627
128,211,0.00088912994
129,211,0.0007548388
130,211,0.00033324864
131,211,
132,211,
133,211,
134,211,
135,211,
136,211,
137,211,
138,211,
139,211,
140,211,
141,211,
142,211,
143,211,
144,211,
145,211,
146,211,
147,211,
148,211,
149,211,0.0003771223
150,211,0.0003441386
151,211,0.00018221512
152,211,0.00063134823
153,211,0.00022289343
154,211,0.0005941717
155,211,0.0005024336
156,211,0.00044950657
157,211,0.00059130415
158,211,0.00058827363
159,211,0.0009979857
160,211,0.00078172237
161,211,-1.1950731e-05
162,211,0.00089198723
163,211,0.0010348223
164,211,0.00040108524
165,211,0.0006420603
166,211,0.00027868245
167,211,0.00032087695
168,211,0.0004135184
169,211,0.00059192255
170,211,0.00032941252
171,211,0.0007458031
172,211,0.0006686477
173,211,0.0010957513
174,211,0.0006911652
175,211,0.00021522585
176,211,0.00035427697
177,211,0.0006196108
178,211,0.0006433353
179,211,4.4592656e-05
180,211,0.000855959
181,211,0.0002981769
182,211,0.0006819535
183,211,0.0003517894
184,211,0.00057513174
185,211,0.0009234771
186,211,0.00089726783
187,211,0.0003790334
188,211,0.00061556045
189,211,0.0002580406
190,211,0.0012289099
191,211,0.00060666446
192,211,0.00062252115
193,211,0.00073880143
194,211,0.00052419957
195,211,0.00051487423
196,211,-0.00021792576
197,211,0.00060303416
198,211,0.00039302185
199,211,0.0006606309
200,211,0.00034510903
201,211,0.000564632
202,211,0.00046109315
203,211,-2.3823231e-05
204,211,0.00063990895
205,211,-3.737025e-05
206,211,0.0007126797
207,211,0.00026727933
208,211,0.0008918941
209,211,0.00073489826
210,211,0.0006176634
211,211,0.00047213212
212,211,0.0001329165
213,211,0.00028579775
214,211,0.00012679864
215,211,0.0005123671
216,211,0.00092240423
217,211,0.00035774335
218,211,-9.322539e-05
219,211,0.00039046723
220,211,0.00049811136
221,211,0.00071921013
222,211,0.00058323983
223,211,0.00071946904
224,211,6.0246326e-05
225,211,0.00046262797
226,211,0.00019180309
227,211,0.0004679691
228,211,0.000555655
229,211,0.0007939972
230,211,0.00063154753
231,211,0.0003305031
232,211,7.311441e-05
233,211,0.0007878542
234,211,0.0007582372
235,211,-0.00010190066
236,211,0.0006158501
237,211,0.00037845783
238,211,6.5575354e-05
239,211,0.00057865586
240,211,0.00080811605
241,211,0.0004178984
242,211,0.0008611083
243,211,0.00062348694
244,211,0.0006740438
245,211,0.00024967268
246,211,0.00088065397
247,211,0.00055386405
248,211,0.0005694544
249,211,0.00086323265
250,211,0.0005945042
251,211,6.7604706e-05
252,211,0.0008572433
253,211,0.00038035586
254,211,0.0007106401
255,211,0.00011425745
256,211,0.0007202225
257,211,0.00046273693
258,211,0.00054169353
259,211,0.00048224628
260,211,0.0003002081
261,211,0.00038125645
262,211,0.00019303896
263,211,0.00037945248
264,211,0.00067837257
265,211,0.0001578005
266,211,-0.00020491332
267,211,0.00032312982
268,211,0.00042417645
269,211,-0.0002874676
270,211,0.00019760989
271,211,0.00038344413
272,211,0.00060312916
273,211,0.0007299967
274,211,0.00047514215
275,211,0.000707807
276,211,0.00016802736
277,211,0.00036716275
278,211,0.00028443895
279,211,0.0009863758
280,211,0.0004783189
281,211,0.0007436834
282,211,0.00028221682
283,211,0.000590696
284,211,0.00063729193
285,211,0.0005712332
286,211,0.0009481134
287,211,-3.0564144e-05
288,211,0.0010558926
289,211,0.0009493325
290,211,0.0007347353
291,211,0.00086607505
292,211,0.00031705853
293,211,0.0008597411
294,211,0.00065430533
295,211,0.00086278375
296,211,0.00088730454
297,211,0.00056921225
298,211,0.00017890614
299,211,0.00016827416
300,211,0.00010074023
301,211,0.00047869887
302,211,0.0006324453
303,211,0.0006816434
304,211,0.00024993718
305,211,0.0003642924
306,211,0.0005438756
307,211,0.00032919366
308,211,0.0008041784
309,211,0.0007630512
310,211,0.0003000861
311,211,0.00033033732
312,211,0.00052950624
313,211,0.00062331744
314,211,0.0009135436
315,211,-4.6001747e-05
316,211,0.0003329739
317,211,0.0008370606
318,211,
319,211,0.00021873135
320,211,
321,211,0.0004776353
322,211,0.0010447847
323,211,0.0007628873
324,211,0.00025556795
325,211,0.00080822874
326,211,0.0006959345
327,211,0.00090158544
328,211,0.00095932465
329,211,
330,211,0.00031452533
331,211,0.0004107505
332,211,0.00038909167
333,211,0.0006972421
334,211,0.00018992834
335,211,0.00033826847
336,211,0.00024761632
337,211,0.0007808162
338,211,0.00029459596
339,211,0.0005127676
340,211,0.00076715276
341,211,0.001057174
342,211,0.0005768081
343,211,0.00074241497
344,211,0.00042604376
345,211,0.00090386067
346,211,0.00026963092
347,211,0.00044931192
348,211,0.00049513485
349,211,0.00053851027
350,211,0.0005369885
351,211,0.0005918974
352,211,0.00079934485
353,211,-0.00019253138
354,211,0.0002592299
355,211,0.000476541
356,211,0.0013731867
357,211,0.0006965054
358,211,0.0008400278
359,211,0.0005853474
360,211,0.00034413394
361,211,-0.00014806073
362,211,0.0006682845
363,211,0.00032659434
364,211,-2.7408823e-05
365,211,-0.0004226137
366,211,0.00020632334
367,211,0.00015936513
368,211,0.000676265
369,211,-9.8792836e-05
370,211,0.00025613885
371,211,0.0007672999
372,211,0.00078902114
373,211,0.0007050447
374,211,0.0008156039
375,211,0.00044297427
376,211,0.0011373255
377,211,0.00084677804
378,211,0.00094401464
379,211,0.00041722506
380,211,0.00060223136
381,211,0.00066545326
382,211,0.00048037618
383,211,0.0008574128
384,211,0.0010759654
385,211,0.0008147992
386,211,0.00064768177
387,211,0.00044636242
388,211,0.00012768432
389,211,0.00084029045
390,211,0.0005736491
391,211,0.00020812824
392,211,0.0009349566
393,211,0.0010085227
394,211,0.00070480816
395,211,0.001178775
396,211,0.0006454326
397,211,0.0010803211
398,211,0.00066711754
399,211,0.0009622639
400,211,0.0005212035
401,211,0.00035052374
402,211,0.0006921701
403,211,0.00020347536
404,211,0.0006837901
405,211,0.00014338177
406,211,0.00015489571
407,211,0.0005824724
408,211,0.00035959296
409,211,0.00023794174
410,211,0.00049753673
411,211,0.0006031962
412,211,0.000862753
413,211,0.00052614696
414,211,0.00048163813
415,211,0.0005187141
416,211,0.0010858616
417,211,0.00037543103
418,211,0.0004881546
419,211,0.00061698724
420,211,0.0003618989
421,211,0.0005609896
422,211,0.00034680776
423,211,0.00090939924
424,211,0.0003091544
425,211,0.00088319834
426,211,0.000112150796
427,211,0.00014747307
428,211,0.0005582003
429,211,0.00036929082
430,211,0.00026650913
431,211,0.0012224
432,211,0.0004034182
433,211,0.00017894618
434,211,0.0007971274
435,211,0.00073307194
436,211,0.00095240306
437,211,0.00041277148
438,211,0.0010474194
439,211,0.00125317
440,211,0.0011474192
441,211,0.0004827734
442,211,0.0009659976
443,211,
444,211,0.00061558746
445,211,0.00023945048
446,211,0.0008462779
447,211,0.0005408181
448,211,0.0005158512
449,211,0.000864923
450,211,0.0003611464
451,211,0.0005801264
452,211,0.000361762
453,211,0.0005087983
454,211,0.0005601859
455,211,0.00075200386
456,211,0.00087371
457,211,0.000563927
458,211,8.237362e-05
459,211,0.00030342024
460,211,0.0003551729
461,211,0.0009607123
462,211,0.00097385794
463,211,0.00053530093
464,211,0.00082659815
465,211,9.95677e-05
466,211,0.0006470606
467,211,0.0006216252
468,211,-9.324681e-05
469,211,0.0012187511
470,211,0.00016236398
471,211,0.0006370805
472,211,0.0009846697
473,211,5.7138503e-05
474,211,0.00054268073
475,211,0.0005891938
476,211,0.0010812404
477,211,0.000713394
478,211,0.0005234694
479,211,0.00035323855
480,211,0.0007955702
481,211,0.00012733042
482,211,0.00042728335
483,211,0.0008704988
484,211,0.00049976073
485,211,0.00027286168
486,211,0.000637535
487,211,0.00047755893
488,211,0.0005979482
489,211,0.00037042424
490,211,0.00047277566
491,211,5.5287965e-05
492,211,0.0007511256
493,211,0.00023900997
494,211,0.00031017885
0,212,0.0007339483
1,212,0.0009101033
2,212,0.0004198756
3,212,0.00064155925
4,212,0.0007130746
5,212,0.00085173175
6,212,0.000691738
7,212,0.0005519148
8,212,0.0005958639
9,212,0.0007531326
10,212,0.0003119083
11,212,0.00043073203
12,212,0.00073993765
13,212,0.00017374381
14,212,0.0010569366
15,212,9.536743e-06
16,212,0.00040243194
17,212,0.000661728
18,212,0.00044616126
19,212,0.00075864885
20,212,0.00083774887
21,212,0.00054856203
22,212,0.00033811014
23,212,-9.335019e-05
24,212,0.00011546817
25,212,0.0005406169
26,212,0.00077650417
27,212,0.00041438267
28,212,0.0004345486
29,212,0.00014917366
30,212,0.00038903393
31,212,0.00080254115
32,212,0.0003229007
33,212,0.0006216988
34,212,0.0008866852
35,212,0.0005807867
36,212,0.0005109394
37,212,0.00085705426
38,212,0.00088774506
39,212,0.00052222423
40,212,0.0006401576
41,212,0.00065341964
42,212,0.0003187703
43,212,0.00090105087
44,212,0.0004857052
45,212,-5.410053e-06
46,212,0.00060189515
47,212,0.00082396064
48,212,0.00054149143
49,212,0.0010938356
50,212,0.0003009839
51,212,0.0002767723
52,212,0.0012105517
53,212,0.0005107857
54,212,0.00077629555
55,212,0.0007241005
56,212,0.0015071835
57,212,0.0007791994
58,212,6.034039e-05
59,212,0.00023104995
60,212,0.00076826103
61,212,0.0002502324
62,212,0.0011351584
63,212,0.0010243123
64,212,0.0004091896
65,212,-0.0001669256
66,212,0.00044498034
67,212,0.00053057726
68,212,0.0007447358
69,212,0.0004903013
70,212,-5.841907e-05
71,212,-0.00014981348
72,212,0.0006798906
73,212,0.0005877558
74,212,0.0008893702
75,212,0.00042370893
76,212,0.00035163667
77,212,4.2255968e-05
78,212,0.00014235731
79,212,0.00013385527
80,212,0.0005312124
81,212,0.00037497375
82,212,0.00051143765
83,212,0.000605342
84,212,0.0011373395
85,212,0.00036598835
86,212,0.0003902316
87,212,0.00023787003
88,212,0.00025461707
89,212,0.0006483318
90,212,0.00088475924
91,212,0.00043865107
92,212,0.0006852597
93,212,0.00013268925
94,212,
95,212,
96,212,
97,212,
98,212,0.00047777314
99,212,0.00078663137
100,212,0.00058674626
101,212,0.00059045386
102,212,5.3286552e-05
103,212,0.0006506266
104,212,0.000964012
105,212,0.0010319306
106,212,0.0012771636
107,212,0.001194478
108,212,0.0011696946
109,212,0.0011925735
110,212,0.00094739813
111,212,0.00097162
112,212,0.0007516239
113,212,0.00082812645
114,212,0.0007599471
115,212,0.0011484018
116,212,0.0010613604
117,212,0.0010611797
118,212,0.0010219989
119,212,0.00085569266
120,212,0.00077381637
121,212,0.0009262413
122,212,0.0008232277
123,212,0.0006190827
124,212,0.0005945992
125,212,0.0004394073
126,212,0.0011540577
127,212,0.00092632324
128,212,0.0005898727
129,212,0.0010575382
130,212,0.00034655444
131,212,0.00073342863
132,212,0.0007111253
133,212,0.0006642584
134,212,0.00040183868
135,212,0.0002686698
136,212,
137,212,
138,212,
139,212,
140,212,
141,212,
142,212,
143,212,
144,212,
145,212,
146,212,
147,212,
148,212,
149,212,0.00034025684
150,212,6.414205e-05
151,212,0.0007357234
152,212,3.103353e-05
153,212,0.0004416285
154,212,0.00015088543
155,212,0.00066525023
156,212,0.0005495632
157,212,0.0003091395
158,212,0.00064320397
159,212,0.00052847527
160,212,0.0005680071
161,212,0.0016777823
162,212,0.0006519966
163,212,0.00087466836
164,212,0.00036545657
165,212,0.0009501325
166,212,0.00049279816
167,212,0.0009795623
168,212,0.00031190738
169,212,0.00020114612
170,212,0.00035511795
171,212,-0.00028484873
172,212,0.00036041904
173,212,0.00087823067
174,212,0.00010039192
175,212,-4.500337e-05
176,212,0.00012552924
177,212,0.0003442131
178,212,0.00029100198
179,212,0.0001117019
180,212,0.0003706161
181,212,0.00063256174
182,212,0.00093954615
183,212,0.0007211128
184,212,0.0003070701
185,212,0.00035156868
186,212,0.00060526934
187,212,0.00046145637
188,212,0.00072683673
189,212,0.0007479228
190,212,0.0008532973
191,212,-0.00019594934
192,212,0.00071647856
193,212,0.000565975
194,212,0.0005257325
195,212,0.0004170239
196,212,0.0004237676
197,212,0.00011439249
198,212,0.0003677113
199,212,0.001134092
200,212,0.00014486164
201,212,0.0005619973
202,212,0.00020326301
203,212,0.0006381525
204,212,0.0006200988
205,212,3.36105e-05
206,212,0.00083066244
207,212,0.0005730232
208,212,0.0010180203
209,212,0.00062799174
210,212,0.00027810968
211,212,0.00025204755
212,212,0.0008209981
213,212,0.00044828933
214,212,0.0005301824
215,212,0.0005951384
216,212,-9.843707e-05
217,212,0.0007165419
218,212,0.0005158093
219,212,0.0006831186
220,212,0.0007595448
221,212,0.00075647887
222,212,0.00087768957
223,212,0.0007428657
224,212,0.0006375294
225,212,0.0004494097
226,212,0.00093033724
227,212,0.00052622985
228,212,0.0007902514
229,212,0.00062549487
230,212,0.00041662436
231,212,0.0007083807
232,212,6.300956e-05
233,212,0.0010290202
234,212,0.00025226083
235,212,-3.9853156e-05
236,212,0.00065387134
237,212,5.776342e-05
238,212,0.0006032586
239,212,0.00034182426
240,212,0.000605925
241,212,0.00039690174
242,212,-0.00017022993
243,212,0.0003634384
244,212,0.0007086089
245,212,0.00032603648
246,212,0.00034708437
247,212,5.72484e-05
248,212,0.00047198683
249,212,0.0009917198
250,212,0.00041616336
251,212,0.00061686337
252,212,0.0005219802
253,212,0.00076986477
254,212,0.00045880117
255,212,0.0004929509
256,212,0.0005134139
257,212,2.2671185e-05
258,212,0.0010125609
259,212,0.0002104314
260,212,0.00086983014
261,212,0.00053279195
262,212,0.0003449684
263,212,0.00053857267
264,212,0.00013085268
265,212,0.00021652132
266,212,2.9204413e-05
267,212,0.0005410258
268,212,0.00039225072
269,212,0.00010893494
270,212,0.0011032159
271,212,9.667594e-05
272,212,5.322881e-05
273,212,0.00028514583
274,212,0.00034313183
275,212,0.0003224425
276,212,0.00017323159
277,212,0.00063668564
278,212,0.0005561039
279,212,0.0009257905
280,212,0.00066146255
281,212,0.0006255554
282,212,0.0005302476
283,212,0.00036839116
284,212,0.00049406476
285,212,0.00047258008
286,212,0.00045439322
287,212,0.0002650218
288,212,0.00081436057
289,212,0.00075764395
290,212,0.0007523615
291,212,0.0006023105
292,212,0.0012881123
293,212,0.0005798368
294,212,0.0005292464
295,212,0.00029180106
296,212,0.00052320305
297,212,0.00063020363
298,212,0.00069781207
299,212,0.00044723786
300,212,-1.21966e-05
301,212,0.0004638387
302,212,0.00087451097
303,212,0.00067877304
304,212,0.00065436773
305,212,0.00079711154
306,212,0.0005307207
307,212,0.0005164854
308,212,0.00043406058
309,212,0.00020984933
310,212,0.0010328293
311,212,0.0005713003
312,212,0.00015972182
313,212,0.00038955547
314,212,0.00012988783
315,212,
316,212,0.00082363375
317,212,0.00044835638
318,212,0.00067890435
319,212,0.00073185284
320,212,0.0003437735
321,212,0.0011363905
322,212,0.00039431266
323,212,0.00045767985
324,212,0.00058822613
325,212,0.00024616066
326,212,
327,212,0.00045717694
328,212,
329,212,0.0007279813
330,212,
331,212,0.0005979454
332,212,0.00071694143
333,212,0.000586031
334,212,0.00090057496
335,212,0.00044176448
336,212,0.00039183814
337,212,0.00052911136
338,212,0.00073913485
339,212,0.00058303494
340,212,0.00051999185
341,212,0.0007454837
342,212,9.571854e-05
343,212,0.0004989039
344,212,0.00040837657
345,212,0.0002251789
346,212,0.00092746504
347,212,0.0010166094
348,212,0.0003541503
349,212,0.0003197156
350,212,0.0010528406
351,212,0.0009117611
352,212,0.00053407624
353,212,0.00065549463
354,212,0.0010818308
355,212,0.0008508321
356,212,0.00047965162
357,212,0.0009093359
358,212,0.00074249227
359,212,0.0006794268
360,212,0.0004814472
361,212,0.00021243375
362,212,0.0007328298
363,212,0.0006863456
364,212,0.00051492173
365,212,0.0007031914
366,212,0.00067411363
367,212,7.034652e-05
368,212,0.00024671666
369,212,0.0005748812
370,212,0.00037008617
371,212,0.00043234602
372,212,0.00022881199
373,212,0.0009883381
374,212,0.00041518733
375,212,0.0007677758
376,212,0.00035289582
377,212,0.00039607286
378,212,0.0006806068
379,212,0.0006780997
380,212,0.00026523136
381,212,0.00043405034
382,212,0.0008805189
383,212,0.0004804395
384,212,0.00090750586
385,212,0.00046815537
386,212,0.000915125
387,212,0.0011690287
388,212,0.0006643031
389,212,0.00060746353
390,212,0.00085046235
391,212,0.00042860117
392,212,0.0002642749
393,212,0.0005611535
394,212,0.00040667597
395,212,0.0009426363
396,212,0.0008289041
397,212,0.00086873025
398,212,0.00033054687
399,212,0.0007170392
400,212,0.0006651534
401,212,0.00087324623
402,212,0.0006291233
403,212,0.00044625252
404,212,0.00018794928
405,212,0.00074802805
406,212,0.00078424904
407,212,0.0011690874
408,212,-8.577481e-06
409,212,0.00054136664
410,212,0.00055781286
411,212,0.00083055627
412,212,0.0008032955
413,212,0.00040021818
414,212,-0.00014808867
415,212,0.0011144141
416,212,0.0010987436
417,212,0.0005139373
418,212,0.0010121837
419,212,0.00062082894
420,212,0.00026724674
421,212,0.00038856454
422,212,0.0010459265
423,212,0.00041234307
424,212,0.00052700937
425,212,0.00051064696
426,212,0.00042217597
427,212,0.0006022379
428,212,0.0011496674
429,212,-9.4067305e-05
430,212,0.0007747263
431,212,0.00093355775
432,212,0.0005609058
433,212,0.00048522372
434,212,0.0005705375
435,212,0.0008619046
436,212,0.00029009487
437,212,0.0011943243
438,212,0.00090699084
439,212,0.0002846485
440,212,0.0005945163
441,212,0.00063443277
442,212,
443,212,
444,212,0.0010218276
445,212,-8.3461404e-05
446,212,0.000600202
447,212,0.00058795884
448,212,0.00055265985
449,212,0.0005151741
450,212,0.00043637305
451,212,0.0006538108
452,212,0.00027594436
453,212,0.0005910797
454,212,0.0006465884
455,212,0.0005298946
456,212,0.0006372491
457,212,0.00065337215
458,212,0.0005702311
459,212,0.00047099963
460,212,0.00029228255
461,212,0.00105289
462,212,0.0006102538
463,212,0.00033426564
464,212,0.0010285778
465,212,0.00070828665
466,212,0.00030795112
467,212,0.00084889494
468,212,0.0010830658
469,212,0.001077678
470,212,0.0005271761
471,212,0.0009927107
472,212,0.0004355153
473,212,0.00085593015
474,212,0.00081553217
475,212,0.00018343795
476,212,0.00054436736
477,212,0.00056998804
478,212,0.00060852896
479,212,0.0007206071
480,212,0.00089746434
481,212,0.0007700119
482,212,-0.00017924886
483,212,0.00092490204
484,212,0.00032493472
485,212,0.001127786
486,212,0.00010568462
487,212,0.00087292865
488,212,0.0004967097
489,212,0.00065397844
490,212,0.0005413629
491,212,0.0004361784
492,212,0.00029453542
493,212,0.0009392742
494,212,0.00039038341
0,213,0.0008557234
1,213,0.00030299742
2,213,0.00040990487
3,213,0.0008688774
4,213,0.00053955056
5,213,0.000781334
6,213,0.0011740318
7,213,0.0008029677
8,213,0.0010148017
9,213,0.00067027844
10,213,0.0008098399
11,213,0.00042775087
12,213,0.00085402373
13,213,0.00056586135
14,213,0.0009685755
15,213,0.0005441047
16,213,0.0005380232
17,213,0.00014490448
18,213,0.0007648375
19,213,0.0008496223
20,213,0.00028607715
21,213,0.00033361278
22,213,0.00096588675
23,213,0.00020972826
24,213,0.00045942608
25,213,0.00023402274
26,213,0.000117206946
27,213,0.0006603766
28,213,0.0002497919
29,213,0.00048013683
30,213,0.0007543601
31,213,0.00077151135
32,213,0.00053213164
33,213,0.0008234419
34,213,0.000563886
35,213,0.00037961826
36,213,0.00020168722
37,213,0.0007479666
38,213,0.0006703492
39,213,0.0006886339
40,213,0.0002566604
41,213,0.0005311249
42,213,0.000504924
43,213,0.0004606843
44,213,0.00071273465
45,213,0.0004884107
46,213,0.00041800085
47,213,0.0007183729
48,213,0.0004608892
49,213,0.00097499136
50,213,0.0007427279
51,213,0.0004916396
52,213,0.00057405606
53,213,0.00031958707
54,213,0.00027386006
55,213,0.00046769436
56,213,0.00056765694
57,213,0.000666718
58,213,0.00054082274
59,213,2.2910535e-05
60,213,-6.5027736e-05
61,213,-6.824918e-05
62,213,0.0003896607
63,213,0.00030549895
64,213,0.00045495853
65,213,0.00011447072
66,213,0.00027715787
67,213,-0.00016937498
68,213,1.8458813e-05
69,213,0.0003173966
70,213,0.00025829952
71,213,0.00015007984
72,213,0.00019259192
73,213,-0.00024591386
74,213,0.00015412737
75,213,0.0006743707
76,213,0.00034387503
77,213,0.00050072465
78,213,0.0009993892
79,213,0.00045242533
80,213,0.0003448315
81,213,0.00088769384
82,213,0.00054487307
83,213,0.00047223456
84,213,0.0005340446
85,213,0.00130908
86,213,0.00064934324
87,213,0.0005219281
88,213,0.00063274056
89,213,0.0003256444
90,213,0.00063333847
91,213,0.00055903196
92,213,0.00072368793
93,213,0.0004559448
94,213,0.0002028253
95,213,
96,213,
97,213,0.0009128591
98,213,0.00027325284
99,213,0.00064452365
100,213,0.0009896178
101,213,0.0010186993
102,213,0.0010832353
103,213,0.00101557
104,213,0.0012507392
105,213,0.001152873
106,213,0.0008033132
107,213,0.0008730944
108,213,0.0013086237
109,213,0.00078850053
110,213,0.0011049788
111,213,0.00095571764
112,213,0.0011307308
113,213,0.0012067137
114,213,0.0012373626
115,213,0.0011606356
116,213,0.0012782654
117,213,0.0006142026
118,213,0.0010639261
119,213,0.0008653309
120,213,0.0011618296
121,213,0.0010233559
122,213,0.00091758184
123,213,0.00053165946
124,213,0.00058961567
125,213,0.000656995
126,213,0.0005197665
127,213,0.0011155093
128,213,0.0007179929
129,213,0.0007742541
130,213,0.00046234857
131,213,0.00064057484
132,213,0.0001604883
133,213,0.00032869074
134,213,0.0010085385
135,213,0.0009255465
136,213,0.000741167
137,213,
138,213,
139,213,
140,213,
141,213,
142,213,
143,213,
144,213,
145,213,
146,213,
147,213,
148,213,
149,213,2.4045818e-05
150,213,0.0008120518
151,213,0.0004677279
152,213,0.0005751308
153,213,0.0005935533
154,213,0.0008013826
155,213,0.0007775882
156,213,0.00054462533
157,213,0.001081151
158,213,0.0009887153
159,213,0.00017925724
160,213,0.00076147914
161,213,0.00066184066
162,213,0.0007450208
163,213,0.0003853608
164,213,0.00023439154
165,213,0.00021469407
166,213,0.00011278689
167,213,0.00033222232
168,213,0.00033968315
169,213,0.00032760948
170,213,0.0008242298
171,213,0.00014335196
172,213,0.00022498798
173,213,0.00013667997
174,213,0.0004601851
175,213,0.0009237826
176,213,0.00044653285
177,213,1.498498e-06
178,213,3.3155084e-07
179,213,0.00032037217
180,213,0.0010286598
181,213,-0.00031883828
182,213,0.0010694796
183,213,4.971493e-05
184,213,0.001027449
185,213,-0.00027494133
186,213,0.0013225498
187,213,0.00059444364
188,213,0.00037853513
189,213,0.0007726494
190,213,0.00046492927
191,213,0.0007017581
192,213,0.00029194728
193,213,0.0006672209
194,213,0.00064539164
195,213,0.0005902853
196,213,0.00045661442
197,213,2.5025569e-05
198,213,0.0001406651
199,213,0.000546135
200,213,0.0008924445
201,213,0.0002600141
202,213,0.00035868585
203,213,0.00079743005
204,213,0.00017792825
205,213,0.00030336995
206,213,0.0002602851
207,213,0.00037014764
208,213,-0.00014404394
209,213,0.00064410735
210,213,0.00082180835
211,213,0.0009435285
212,213,0.0002280632
213,213,-9.0939924e-05
214,213,0.00033425074
215,213,0.0009916993
216,213,0.00080112927
217,213,0.00068526156
218,213,0.00045017246
219,213,0.0005786251
220,213,0.00094634853
221,213,0.0005320329
222,213,0.00081636384
223,213,
224,213,
225,213,
226,213,0.00036547426
227,213,0.00044596195
228,213,0.00096746907
229,213,0.00075678714
230,213,0.0008785911
231,213,0.00028301217
232,213,0.0005251458
233,213,0.00040518213
234,213,0.00089090876
235,213,0.0005466528
236,213,0.0003135195
237,213,0.00042093918
238,213,-0.00038478523
239,213,0.00064164214
240,213,0.0008992152
241,213,0.00097514596
242,213,0.00062558893
243,213,-0.00049774814
244,213,0.000603009
245,213,0.0004143538
246,213,0.0003068084
247,213,0.0012114048
248,213,0.0006060479
249,213,0.00042770617
250,213,0.0010423372
251,213,0.00012574717
252,213,8.725282e-05
253,213,0.00023440272
254,213,0.00075864047
255,213,0.00036040042
256,213,0.0004346557
257,213,0.00065925065
258,213,0.00048530754
259,213,0.0007254528
260,213,0.00018782727
261,213,0.00040587224
262,213,0.00048386306
263,213,0.00035986956
264,213,0.00043020677
265,213,0.0002649743
266,213,0.00065084733
267,213,-0.000100560486
268,213,0.0007791519
269,213,0.00030403864
270,213,0.00025697704
271,213,0.00067449175
272,213,0.0007249024
273,213,0.0004222868
274,213,0.00034984015
275,213,8.178875e-06
276,213,0.00038046855
277,213,0.00066879205
278,213,0.0007078927
279,213,0.0010090573
280,213,0.00038504042
281,213,0.00025555026
282,213,0.00016178563
283,213,0.00033049658
284,213,0.0003567189
285,213,0.0006539747
286,213,0.0006151255
287,213,0.0009465162
288,213,0.0009195339
289,213,0.00085494295
290,213,0.0009820145
291,213,8.5117295e-05
292,213,0.00061959773
293,213,0.00039286353
294,213,0.00040031224
295,213,0.0007008612
296,213,0.000924496
297,213,0.0007908521
298,213,0.0008049328
299,213,0.0006293366
300,213,0.00068033114
301,213,0.00024763308
302,213,0.00037439913
303,213,0.00056100637
304,213,0.00015917048
305,213,0.00038343482
306,213,0.00062577147
307,213,0.0005711466
308,213,0.00014040619
309,213,0.00031627063
310,213,0.00064056367
311,213,0.00035069976
312,213,0.0009216685
313,213,0.0004903106
314,213,0.0010521924
315,213,-0.000116093084
316,213,0.00018329639
317,213,0.0008573355
318,213,0.0010156482
319,213,0.0007214127
320,213,6.712694e-05
321,213,0.00057874527
322,213,0.00071060006
323,213,0.0002936786
324,213,0.0011349041
325,213,0.000404628
326,213,0.00038731378
327,213,0.00067808013
328,213,
329,213,0.0009195674
330,213,0.00014384184
331,213,
332,213,
333,213,-0.00031785946
334,213,0.00072965585
335,213,0.00087349117
336,213,0.0008583376
337,213,0.00010483898
338,213,0.00084480364
339,213,0.0004807301
340,213,0.000697854
341,213,0.00017359853
342,213,0.00026427303
343,213,0.0007234374
344,213,0.0006801188
345,213,0.00045979582
346,213,0.0003018258
347,213,0.0005541332
348,213,0.0007951269
349,213,0.00074087083
350,213,0.00045135338
351,213,0.00070320815
352,213,0.00044923835
353,213,0.0007306654
354,213,0.00019794144
355,213,0.0004149787
356,213,0.0003677383
357,213,0.0008383272
358,213,0.0004762821
359,213,0.0007284414
360,213,0.0005912231
361,213,0.00062364154
362,213,0.00039205234
363,213,0.00045998767
364,213,-0.00015277974
365,213,-1.5347265e-05
366,213,0.0003697388
367,213,0.00057946425
368,213,0.000642715
369,213,0.0006371606
370,213,0.0005822601
371,213,0.0005319612
372,213,0.00034811907
373,213,0.00036881305
374,213,0.0004999032
375,213,0.00041528326
376,213,0.00013689324
377,213,0.00050136726
378,213,0.00036202278
379,213,0.00038275495
380,213,0.00062420126
381,213,0.0009806352
382,213,0.00072137266
383,213,0.00061733276
384,213,0.00058129895
385,213,0.00013139751
386,213,0.00050334074
387,213,0.0002052458
388,213,0.00015171338
389,213,0.0005863663
390,213,0.00069849007
391,213,0.00020639692
392,213,0.0007814979
393,213,0.00096013956
394,213,0.0005641766
395,213,0.0007718727
396,213,0.0004493706
397,213,0.00043620355
398,213,0.0008820966
399,213,0.0006509535
400,213,0.00089784525
401,213,0.00010271836
402,213,0.0009570997
403,213,0.00060012285
404,213,0.00041401573
405,213,0.0005611172
406,213,0.00058870576
407,213,0.00042522792
408,213,0.000681838
409,213,0.00060915016
410,213,0.0007068515
411,213,0.00070946943
412,213,0.0003312612
413,213,0.0007212227
414,213,0.00032800063
415,213,0.0003368752
416,213,0.00031437166
417,213,0.00055853743
418,213,0.00039286073
419,213,0.00024581887
420,213,0.00029344484
421,213,0.0008335514
422,213,0.00088207703
423,213,0.00051718205
424,213,0.0004336629
425,213,0.00032032002
426,213,0.0005075
427,213,0.0005795201
428,213,0.00047065876
429,213,0.0005806014
430,213,0.00035815034
431,213,0.0005768053
432,213,0.00082840584
433,213,0.00095055345
434,213,0.0002590185
435,213,0.0006790571
436,213,0.0003363723
437,213,0.0006454941
438,213,0.0006981874
439,213,4.7309324e-05
440,213,0.00032444764
441,213,0.0003933031
442,213,
443,213,0.00061912835
444,213,0.00072325487
445,213,0.0007225489
446,213,-8.230563e-05
447,213,0.00069771335
448,213,0.00037685223
449,213,0.00040566083
450,213,0.00026438944
451,213,0.00044482108
452,213,0.00069938414
453,213,0.00068132207
454,213,0.00064385496
455,213,0.00028105453
456,213,0.00046654977
457,213,0.00060328096
458,213,0.00029188395
459,213,0.00063987914
460,213,0.00020621065
461,213,0.0006897375
462,213,0.0008334564
463,213,0.00040574092
464,213,0.00076773204
465,213,0.00050638895
466,213,0.0004885858
467,213,0.00031433534
468,213,0.0006520217
469,213,0.00042507425
470,213,0.0007903557
471,213,0.00077698566
472,213,0.0005294625
473,213,0.0011420175
474,213,-5.2796677e-06
475,213,0.0011822004
476,213,0.00047642644
477,213,0.0006207349
478,213,0.00087794475
479,213,0.00071489904
480,213,0.00039308053
481,213,0.00046056695
482,213,0.00012042001
483,213,0.00077741593
484,213,0.00087261107
485,213,0.00087122247
486,213,0.00089649484
487,213,0.0008864729
488,213,0.00041909795
489,213,0.001089544
490,213,0.00022463407
491,213,0.00046527013
492,213,0.0002962984
493,213,0.0010255501
494,213,0.00040289387
0,214,0.00069658086
1,214,0.00033140928
2,214,0.0007517012
3,214,0.0008149743
4,214,0.00070849527
5,214,0.00044262875
6,214,0.00092491694
7,214,0.0009923913
8,214,0.0009713881
9,214,0.0008656066
10,214,0.0006091371
11,214,0.0010553412
12,214,0.0006954009
13,214,0.0004814556
14,214,0.00036813784
15,214,0.00048327167
16,214,0.00069297943
17,214,0.0007550912
18,214,0.0009922013
19,214,0.00029107183
20,214,0.00022336096
21,214,0.00093084015
22,214,0.0008161031
23,214,0.0009453967
24,214,0.000931656
25,214,0.0010985257
26,214,0.0006420333
27,214,0.00031753536
28,214,0.00070051383
29,214,0.000832933
30,214,0.00041799992
31,214,4.5064837e-05
32,214,0.00050851144
33,214,0.0008904869
34,214,0.00043436885
35,214,0.00053952634
36,214,0.00042294152
37,214,0.00021878071
38,214,0.0006636353
39,214,0.00027538277
40,214,0.00037555397
41,214,0.0005070986
42,214,0.00047617964
43,214,0.0007854765
44,214,0.0007110946
45,214,0.001154542
46,214,0.00076713413
47,214,0.0008162027
48,214,0.00066683535
49,214,0.00066718087
50,214,0.0004218798
51,214,0.00060019456
52,214,0.0006613312
53,214,0.0007512942
54,214,0.0008347994
55,214,0.0008839853
56,214,0.00046818983
57,214,0.0005717585
58,214,0.0007866854
59,214,0.00090909004
60,214,0.00023947936
61,214,0.0005340278
62,214,0.000728406
63,214,0.00023091305
64,214,-6.0098246e-05
65,214,0.00012217648
66,214,0.00036875904
67,214,0.0007396182
68,214,0.00023764558
69,214,0.00021796487
70,214,-0.00022991095
71,214,0.00054008607
72,214,0.00061673485
73,214,0.00084448233
74,214,0.0005802745
75,214,0.0005637128
76,214,0.0004960289
77,214,-0.00013289135
78,214,0.00020427536
79,214,0.00079405494
80,214,0.0006938726
81,214,0.0006142184
82,214,8.645747e-05
83,214,0.00094160065
84,214,0.000754606
85,214,0.0006956011
86,214,0.000586682
87,214,0.00018598698
88,214,0.00052654557
89,214,0.000658907
90,214,0.00069245696
91,214,0.00019018352
92,214,0.00023406744
93,214,0.00026357546
94,214,-0.00040102936
95,214,
96,214,
97,214,0.0008748872
98,214,0.0006518094
99,214,0.0003945725
100,214,0.0005018739
101,214,0.00069433264
102,214,0.000549295
103,214,0.0010789717
104,214,0.0009836508
105,214,0.0011796849
106,214,0.0010786345
107,214,0.0011710078
108,214,0.0014181025
109,214,0.0009707548
110,214,0.00093546696
111,214,0.00076135807
112,214,0.0013314206
113,214,0.001042271
114,214,0.0012943372
115,214,0.00078296755
116,214,0.00088814367
117,214,0.0007979516
118,214,0.000997154
119,214,0.0005295947
120,214,0.0006908085
121,214,0.00096473284
122,214,0.00081775524
123,214,0.0008497061
124,214,0.00041481853
125,214,0.0007523149
126,214,0.00057934504
127,214,0.0009225672
128,214,0.00058223587
129,214,0.0006244313
130,214,0.00031915866
131,214,0.00088068563
132,214,0.0004762942
133,214,0.00028999988
134,214,0.0008145757
135,214,0.00025635026
136,214,0.001115582
137,214,
138,214,
139,214,
140,214,
141,214,
142,214,
143,214,
144,214,
145,214,
146,214,
147,214,
148,214,
149,214,0.00034753792
150,214,0.000818599
151,214,0.0008786814
152,214,0.00021666754
153,214,0.0003592791
154,214,0.0003375206
155,214,0.00089311413
156,214,0.0006193174
157,214,0.0010874243
158,214,0.0005924748
159,214,0.0009484794
160,214,0.00075211655
161,214,0.00016863458
162,214,0.0005338071
163,214,0.00044577755
164,214,0.00061115436
165,214,0.00097320694
166,214,0.0005422272
167,214,0.00079194456
168,214,0.0009274492
169,214,0.000117883086
170,214,0.0003229566
171,214,0.00040507875
172,214,0.00057292357
173,214,0.00018382352
174,214,0.0005392814
175,214,0.0005501546
176,214,0.00071183965
177,214,0.0003463868
178,214,0.00019284803
179,214,0.000288954
180,214,-5.6865625e-05
181,214,0.00029277708
182,214,0.00079120044
183,214,0.00026123133
184,214,0.0006957613
185,214,0.0003165491
186,214,0.0005093664
187,214,0.00076268334
188,214,0.00074015465
189,214,0.00046510063
190,214,-6.364938e-05
191,214,0.0005295165
192,214,0.00023188628
193,214,0.00055169314
194,214,0.00037326012
195,214,0.0009264415
196,214,0.0005228473
197,214,0.00051577296
198,214,0.000634945
199,214,0.00033626799
200,214,0.0006759437
201,214,0.0005414123
202,214,0.00045148004
203,214,0.00034275837
204,214,0.0001624152
205,214,0.0002818415
206,214,0.00012878049
207,214,0.0005991515
208,214,0.0007013101
209,214,0.00056322105
210,214,0.0004714094
211,214,0.00018262397
212,214,0.00036319252
213,214,7.054582e-05
214,214,0.0006719548
215,214,0.000915288
216,214,0.0007076906
217,214,0.00052660704
218,214,0.0004986478
219,214,0.0006153798
220,214,0.00058050454
221,214,0.0009140186
222,214,0.0009485129
223,214,
224,214,0.00060655177
225,214,0.0005604364
226,214,0.0011007786
227,214,0.00054599624
228,214,0.00052081514
229,214,0.00048503932
230,214,0.0005961871
231,214,0.00070902985
232,214,0.00054201856
233,214,0.00033656228
234,214,0.00039508846
235,214,0.00036760978
236,214,-5.364418e-07
237,214,0.00072839204
238,214,-8.5638836e-05
239,214,0.00026247092
240,214,0.00021888223
241,214,0.00084088277
242,214,0.00034942757
243,214,0.0006613061
244,214,0.000110572204
245,214,0.00013645366
246,214,0.0008628927
247,214,0.0004457049
248,214,0.00017708633
249,214,0.00041550677
250,214,0.00030113012
251,214,1.3818964e-05
252,214,0.00011939369
253,214,0.0007388722
254,214,0.00067687035
255,214,-0.00036471244
256,214,0.0004271837
257,214,0.00060555525
258,214,0.0002033338
259,214,0.0007461719
260,214,0.00022609904
261,214,0.00043906271
262,214,0.00054241344
263,214,0.0003157165
264,214,3.1791627e-05
265,214,0.00032236055
266,214,0.00039633363
267,214,-7.839873e-06
268,214,0.00039894506
269,214,2.273079e-05
270,214,0.00053784903
271,214,0.00053328276
272,214,0.0004400583
273,214,0.00031247176
274,214,0.0009311661
275,214,0.0010350533
276,214,0.0002538003
277,214,0.00062748604
278,214,0.0003556274
279,214,0.00035005156
280,214,0.0006232308
281,214,7.034745e-05
282,214,0.0006376114
283,214,0.00029261876
284,214,3.542006e-05
285,214,0.0005219951
286,214,0.00052451156
287,214,0.0003646314
288,214,0.00078126136
289,214,0.00080686994
290,214,0.00056431536
291,214,0.0006395634
292,214,-4.7254376e-05
293,214,0.00053521525
294,214,0.0008383356
295,214,0.00082570035
296,214,0.00065083057
297,214,0.0006803153
298,214,0.0010105688
299,214,3.694091e-05
300,214,0.0010306546
301,214,0.00024236646
302,214,0.00014430191
303,214,0.00032660645
304,214,3.973767e-05
305,214,0.00041116774
306,214,0.0004541967
307,214,0.0008841837
308,214,0.00038474612
309,214,0.0011904426
310,214,0.00069225114
311,214,0.0005922802
312,214,0.00038757455
313,214,0.00046198163
314,214,0.0006646216
315,214,0.0009064982
316,214,0.0009826971
317,214,6.13248e-05
318,214,0.0004082732
319,214,0.0010057138
320,214,0.0005884813
321,214,0.0004159324
322,214,0.00038769748
323,214,0.0007039802
324,214,0.000239552
325,214,0.00044966396
326,214,0.00014342088
327,214,0.0008310061
328,214,0.0010771211
329,214,0.00091207307
330,214,0.00060318876
331,214,0.0006347699
332,214,
333,214,
334,214,
335,214,0.00039802212
336,214,-0.00018429011
337,214,9.714998e-05
338,214,0.0004198607
339,214,0.00047680642
340,214,0.00059837475
341,214,0.000276695
342,214,0.0008394448
343,214,0.0005103303
344,214,0.0008153999
345,214,0.00034137722
346,214,0.0009966847
347,214,0.00090070534
348,214,0.00060330797
349,214,0.0001297053
350,214,0.00044572074
351,214,0.0009933822
352,214,0.00073106587
353,214,0.0008476246
354,214,0.00021597836
355,214,0.0008580284
356,214,0.0005711578
357,214,0.0005264357
358,214,0.0007536495
359,214,0.00071198307
360,214,0.0005894024
361,214,0.00015341863
362,214,0.00026416313
363,214,0.00074074324
364,214,0.000190855
365,214,-0.00018312782
366,214,0.00024011452
367,214,0.00076764915
368,214,0.00065664016
369,214,0.00028502196
370,214,0.00045031775
371,214,0.0009109955
372,214,0.00050701294
373,214,0.00091997907
374,214,0.00055472646
375,214,0.0011205142
376,214,0.0008392073
377,214,0.00096861646
378,214,0.00043790136
379,214,0.00044454169
380,214,0.00063618086
381,214,0.00079282187
382,214,0.0007073404
383,214,0.00046626665
384,214,0.00048230588
385,214,-5.9849583e-05
386,214,0.00069321133
387,214,0.00067343377
388,214,0.000543396
389,214,0.0006503351
390,214,0.0009072013
391,214,0.0007483065
392,214,0.00057005975
393,214,0.0004902892
394,214,0.00063702744
395,214,0.00067139603
396,214,0.00047420524
397,214,0.000510918
398,214,0.00057240017
399,214,0.0010892348
400,214,0.00054888707
401,214,0.0008245604
402,214,0.00026157964
403,214,0.00022349879
404,214,0.0012224447
405,214,0.0012955461
406,214,0.00043300446
407,214,0.000565961
408,214,0.0007652119
409,214,0.0005624136
410,214,0.0010460922
411,214,0.0008923337
412,214,0.00088896323
413,214,0.00053722225
414,214,0.0007418394
415,214,0.0009284187
416,214,0.0004808139
417,214,4.235003e-05
418,214,0.0005725892
419,214,0.0004935656
420,214,0.0005171085
421,214,0.0008120788
422,214,0.00043631252
423,214,0.00079154875
424,214,0.00030137878
425,214,0.00057192426
426,214,0.0010012565
427,214,0.00066987704
428,214,0.00027264562
429,214,0.00068501476
430,214,0.0011629406
431,214,0.0008526994
432,214,0.0005922029
433,214,0.00049153157
434,214,0.0008473918
435,214,0.0005655559
436,214,0.00044100825
437,214,0.0009148279
438,214,0.001208581
439,214,0.00034514721
440,214,0.0009583812
441,214,0.0011121053
442,214,
443,214,0.0006635515
444,214,0.001142988
445,214,0.00032658596
446,214,0.00021082722
447,214,0.00068493467
448,214,-3.241375e-05
449,214,0.000429241
450,214,0.0006399518
451,214,0.0005836664
452,214,0.00038057007
453,214,0.00044269487
454,214,0.0005063787
455,214,0.00056212116
456,214,0.00028582383
457,214,0.0002626581
458,214,0.00040933955
459,214,0.00043301377
460,214,0.0006427113
461,214,0.00040477887
462,214,0.0010446338
463,214,0.00012308359
464,214,0.00073057227
465,214,0.0002515195
466,214,0.00064546056
467,214,0.00073645636
468,214,0.00042006373
469,214,0.00043590087
470,214,0.00074737146
471,214,0.0007168688
472,214,0.0006147502
473,214,0.00039847288
474,214,0.00039399415
475,214,0.0012287544
476,214,0.00053192675
477,214,0.00078632496
478,214,0.000567602
479,214,0.0006122049
480,214,0.00068758987
481,214,0.0005198335
482,214,0.0005430868
483,214,0.00048542395
484,214,0.00034009852
485,214,0.00066809356
486,214,0.0009611985
487,214,0.0003076531
488,214,0.00092274137
489,214,0.00024810713
490,214,0.0003623804
491,214,0.0002284944
492,214,0.000934124
493,214,0.0011902535
494,214,0.00079328567
0,215,0.00093115494
1,215,0.0008568736
2,215,0.0005571386
3,215,0.00065109506
4,215,0.00068920944
5,215,0.0009594364
6,215,0.0009918483
7,215,0.001232733
8,215,0.0010276521
9,215,0.00091929454
10,215,0.00087660085
11,215,0.00040215254
12,215,0.00094665773
13,215,0.0009353068
14,215,0.0007755719
15,215,0.0002637906
16,215,0.00049668364
17,215,0.00023184065
18,215,0.000862699
19,215,0.0002081301
20,215,0.0010192282
21,215,0.0005327072
22,215,0.00073334295
23,215,0.0008072648
24,215,0.00011835061
25,215,0.00028833188
26,215,0.00016131438
27,215,0.00041877758
28,215,0.00024077669
29,215,0.00034275092
30,215,0.00026655477
31,215,0.0002857605
32,215,0.00046692695
33,215,0.0004456835
34,215,0.0001835255
35,215,0.0006818818
36,215,9.305868e-05
37,215,0.00080444757
38,215,0.00080427714
39,215,0.0003281338
40,215,0.00024956465
41,215,0.0002437383
42,215,0.00045630336
43,215,0.0006079972
44,215,0.00057191215
45,215,0.0008570263
46,215,0.0008791741
47,215,0.00051645655
48,215,0.00047041476
49,215,0.0009002434
50,215,0.0004571667
51,215,0.000595225
52,215,0.0006812662
53,215,0.0012294473
54,215,0.0007728208
55,215,0.00044089835
56,215,0.0008442085
57,215,0.00039376412
58,215,0.0005836068
59,215,0.00081146415
60,215,-0.00014238805
61,215,-0.00012528617
62,215,0.00045858603
63,215,0.000473693
64,215,0.0002054302
65,215,0.0006142305
66,215,0.0002824571
67,215,0.0001128884
68,215,0.00060512684
69,215,0.00034783967
70,215,6.739423e-05
71,215,0.0007229699
72,215,6.602425e-05
73,215,0.0005078679
74,215,0.00061474834
75,215,0.00033075176
76,215,0.0004471643
77,215,0.0006011296
78,215,0.00027739722
79,215,0.00040932186
80,215,0.0004750453
81,215,0.00019789115
82,215,0.00078493915
83,215,0.00033521652
84,215,0.0005975645
85,215,0.00075087044
86,215,0.00055891275
87,215,0.00048185326
88,215,0.0008809166
89,215,0.0003721835
90,215,0.00039092172
91,215,0.00044481643
92,215,0.0006946018
93,215,0.0003467044
94,215,0.0005937172
95,215,0.0005933
96,215,
97,215,8.338783e-05
98,215,0.00047935825
99,215,0.00040471368
100,215,0.0005745813
101,215,-1.21910125e-05
102,215,0.0010014437
103,215,0.00087817106
104,215,0.001056822
105,215,0.0007317066
106,215,0.0013250848
107,215,0.0010516886
108,215,0.0009550452
109,215,0.0010071062
110,215,0.0012509646
111,215,0.0012011528
112,215,0.0009645261
113,215,0.0011713691
114,215,0.001068146
115,215,0.0011251997
116,215,0.0010310924
117,215,0.0009979466
118,215,0.00062227435
119,215,0.00117232
120,215,0.0012025693
121,215,0.0010656454
122,215,0.00083572976
123,215,0.0009776046
124,215,0.0004171133
125,215,0.00044461899
126,215,0.0008077733
127,215,0.00045706704
128,215,0.0010955399
129,215,0.000341787
130,215,0.0007762378
131,215,0.00092867576
132,215,0.00062153675
133,215,0.000758376
134,215,0.00060945563
135,215,0.0003140457
136,215,0.00039634667
137,215,
138,215,
139,215,
140,215,
141,215,
142,215,0.00023584161
143,215,
144,215,
145,215,
146,215,
147,215,
148,215,
149,215,8.772686e-05
150,215,0.0002979664
151,215,0.00067975465
152,215,0.0006391769
153,215,0.00076376833
154,215,0.0007231645
155,215,0.00039894227
156,215,0.00024407078
157,215,0.000552956
158,215,0.00023852848
159,215,0.0010158932
160,215,0.00022043101
161,215,0.0010716692
162,215,0.0005330136
163,215,0.00036487728
164,215,0.00037960056
165,215,0.0012572939
166,215,-4.184246e-05
167,215,0.00082817674
168,215,0.00041577127
169,215,0.00051131845
170,215,0.00035749003
171,215,0.00043754466
172,215,0.0005353233
173,215,0.0010489905
174,215,0.00034575723
175,215,0.0005461499
176,215,0.0004668748
177,215,0.0007108003
178,215,-0.00034783967
179,215,0.0005008215
180,215,0.00036994554
181,215,0.00076904614
182,215,0.00055591296
183,215,0.0004100483
184,215,0.0006257398
185,215,0.00018876418
186,215,0.00040208828
187,215,0.00032490678
188,215,0.0006436156
189,215,0.0004916154
190,215,0.00053946394
191,215,0.00027192105
192,215,0.0007163994
193,215,0.00067053176
194,215,0.00040078722
195,215,0.00074744225
196,215,0.00038315915
197,215,0.000884844
198,215,0.00087046623
199,215,0.0010929937
200,215,0.0008293558
201,215,0.00045876577
202,215,-0.0001652455
203,215,0.0007361267
204,215,0.0005539227
205,215,0.0006068237
206,215,0.0005159592
207,215,0.00043132808
208,215,0.0004947446
209,215,5.9450045e-05
210,215,0.0002321424
211,215,0.00062169787
212,215,0.000462275
213,215,0.00047101453
214,215,0.00042798836
215,215,0.00027681794
216,215,0.00038459525
217,215,0.00063320063
218,215,0.00058138743
219,215,0.0006663846
220,215,0.00092468783
221,215,0.0011999393
222,215,0.00052204076
223,215,0.0005406365
224,215,0.0008517867
225,215,0.001392006
226,215,0.00044810027
227,215,0.0005618185
228,215,0.0005921135
229,215,0.00055355206
230,215,0.00078647304
231,215,0.00053171813
232,215,0.00031813327
233,215,0.00032157358
234,215,0.00061959587
235,215,0.00027809478
236,215,0.00057942886
237,215,0.00010227226
238,215,-1.1064112e-05
239,215,0.0007265145
240,215,0.0004070094
241,215,-0.00017324463
242,215,0.000833245
243,215,0.00052991323
244,215,0.00011042226
245,215,0.0008025244
246,215,0.00068219565
247,215,0.00033482723
248,215,0.0010514995
249,215,0.0005089119
250,215,0.00016237143
251,215,0.00096725486
252,215,0.00081909355
253,215,0.0005916022
254,215,0.00029197428
255,215,3.5283156e-05
256,215,0.00052635465
257,215,0.0003638398
258,215,0.00035380386
259,215,0.00080676377
260,215,0.00077190995
261,215,0.0013291063
262,215,0.00036777928
263,215,-2.0700507e-05
264,215,0.00087622274
265,215,0.0003357213
266,215,0.0006753579
267,215,0.00047386996
268,215,0.00053194165
269,215,0.0004873192
270,215,8.229166e-06
271,215,0.0008651037
272,215,0.00044595264
273,215,0.0006739637
274,215,0.0003536893
275,215,0.00019384362
276,215,0.00014667865
277,215,0.00018767826
278,215,0.0001436118
279,215,0.00073243305
280,215,0.0011353884
281,215,0.00028892886
282,215,0.0006256178
283,215,0.0005366709
284,215,0.0009934511
285,215,0.00025101937
286,215,0.00031651184
287,215,0.0005130833
288,215,0.0001629116
289,215,0.00030966103
290,215,0.0006288346
291,215,0.00038856082
292,215,0.00029182993
293,215,0.0005750498
294,215,0.00058853626
295,215,0.00034228433
296,215,0.00013860036
297,215,0.00022910722
298,215,0.00060282834
299,215,0.00068327226
300,215,0.0013314579
301,215,0.000720446
302,215,0.00044119637
303,215,0.00070475694
304,215,0.0002483204
305,215,0.000560876
306,215,0.00057646725
307,215,0.0006393334
308,215,0.0010052063
309,215,0.0005106013
310,215,0.00081160106
311,215,0.00045767613
312,215,0.00052176695
313,215,8.73832e-05
314,215,0.00021260139
315,215,0.00060980767
316,215,0.0010159565
317,215,0.00031235814
318,215,0.00065052137
319,215,0.000914786
320,215,0.0006737653
321,215,0.0006410219
322,215,0.00037600473
323,215,0.0002925126
324,215,0.00036808476
325,215,0.000785267
326,215,0.0009447653
327,215,0.00012884568
328,215,0.00039777346
329,215,0.0007090485
330,215,0.0001636669
331,215,0.00036842562
332,215,
333,215,
334,215,
335,215,0.00028087012
336,215,0.0005663447
337,215,0.0006808322
338,215,0.00019025803
339,215,8.90363e-05
340,215,0.001038298
341,215,0.0009823404
342,215,0.00090097915
343,215,0.0006187875
344,215,0.00041336007
345,215,0.000420616
346,215,0.0006870143
347,215,0.00012906268
348,215,0.00045782328
349,215,0.0006172173
350,215,0.00073227007
351,215,0.00044568442
352,215,0.00030053686
353,215,0.00038988236
354,215,0.00067681633
355,215,0.0009871153
356,215,0.00057805795
357,215,0.00014291145
358,215,0.0005856594
359,215,0.00016619824
360,215,0.000707712
361,215,0.00051715784
362,215,0.00036866125
363,215,0.00072271004
364,215,7.2624534e-06
365,215,0.0003029164
366,215,0.0009929016
367,215,0.00050016586
368,215,0.0007859571
369,215,0.00063347444
370,215,0.0003307825
371,215,9.5314346e-05
372,215,0.00062695146
373,215,0.00047881808
374,215,0.0006610127
375,215,0.00061459094
376,215,0.00066269096
377,215,0.00056165457
378,215,0.00025493558
379,215,0.0001284182
380,215,0.0012540799
381,215,0.00011278037
382,215,8.204114e-05
383,215,0.00054663606
384,215,0.000498645
385,215,0.00064361
386,215,0.000546583
387,215,0.0006943876
388,215,0.00055490434
389,215,0.0005368497
390,215,0.00078295264
391,215,0.0006937012
392,215,0.0007085996
393,215,8.1483275e-05
394,215,0.0005501453
395,215,0.0006609736
396,215,0.0007605152
397,215,0.00075631496
398,215,0.0006607026
399,215,0.0003875969
400,215,0.0009821262
401,215,0.0005775904
402,215,0.0007374892
403,215,0.0010151295
404,215,0.0005947482
405,215,0.00038693845
406,215,0.0007975027
407,215,0.0002125008
408,215,0.00038686302
409,215,0.00095511414
410,215,0.00074711256
411,215,0.00043426827
412,215,0.00037402287
413,215,0.00056620035
414,215,0.0002764063
415,215,-0.00012434274
416,215,0.001020615
417,215,-7.2892755e-05
418,215,0.0006260425
419,215,0.00037787575
420,215,0.00040913932
421,215,0.00058199465
422,215,0.00046581868
423,215,-5.4198317e-05
424,215,0.0005297046
425,215,0.0006867489
426,215,0.00038334634
427,215,0.0004710909
428,215,0.0005165711
429,215,0.0006071357
430,215,0.00041554496
431,215,5.5597164e-05
432,215,0.0005021505
433,215,0.00087966584
434,215,0.00087765884
435,215,0.0005972395
436,215,0.0006739963
437,215,0.0010784334
438,215,0.00064596813
439,215,0.0006609801
440,215,0.0005580066
441,215,
442,215,0.00048126094
443,215,0.00034559425
444,215,0.00057027675
445,215,0.0007451549
446,215,0.00062075164
447,215,0.0002767006
448,215,0.0010263072
449,215,0.0005799541
450,215,0.0005965177
451,215,0.00053505227
452,215,2.5085174e-05
453,215,0.00077549275
454,215,0.00090508536
455,215,0.0013616867
456,215,0.0007382259
457,215,0.00081803463
458,215,0.0005037496
459,215,0.00036655087
460,215,0.00024801958
461,215,0.00036760885
462,215,0.00084828585
463,215,0.0001491839
464,215,0.00081541575
465,215,0.00093238614
466,215,0.00031695142
467,215,0.00053038076
468,215,0.0006715702
469,215,0.0009889379
470,215,0.0007930668
471,215,0.0013453895
472,215,0.00083734374
473,215,0.00030737277
474,215,0.000954818
475,215,3.7904829e-06
476,215,0.00022878405
477,215,0.0002475055
478,215,0.0008694194
479,215,0.00089654606
480,215,0.0008376427
481,215,0.00088255946
482,215,0.000884654
483,215,0.0005769208
484,215,0.0005239872
485,215,0.00066883955
486,215,0.00085144397
487,215,0.0008872105
488,215,0.00014857575
489,215,0.00062347576
490,215,0.00027370825
491,215,0.0005289158
492,215,0.00012430921
493,215,6.473996e-05
494,215,0.00076290686
0,216,0.0005494328
1,216,0.00089646876
2,216,0.0009818254
3,216,0.00041441992
4,216,0.00078399293
5,216,0.001008478
6,216,0.0006746985
7,216,0.00072693825
8,216,0.0008649519
9,216,0.0010604477
10,216,0.00089285895
11,216,0.0007029548
12,216,0.00090685394
13,216,0.0009234529
14,216,0.001062992
15,216,0.0004888363
16,216,0.000191194
17,216,0.00040517282
18,216,2.3627654e-05
19,216,0.0009949422
20,216,0.00015324168
21,216,0.0010508075
22,216,0.00039149262
23,216,0.00032155775
24,216,0.0003147181
25,216,8.8940375e-05
26,216,0.00062754843
27,216,0.00018665288
28,216,0.00047648977
29,216,0.000776032
30,216,0.0005093571
31,216,0.00023731776
32,216,0.00019599404
33,216,0.00028559566
34,216,0.00020608678
35,216,0.00062243175
36,216,0.00012994464
37,216,0.0005997
38,216,0.00013424456
39,216,0.000318503
40,216,0.000717422
41,216,0.00086879265
42,216,0.0013363687
43,216,0.0005937768
44,216,0.0006731339
45,216,0.00077401474
46,216,0.0010190876
47,216,0.0010007992
48,216,0.000729003
49,216,0.00082574785
50,216,0.0007767873
51,216,0.0003879685
52,216,0.0007252246
53,216,0.0008299099
54,216,0.00087061245
55,216,0.0007509431
56,216,0.0009175595
57,216,0.00044022128
58,216,0.00061120745
59,216,4.667323e-05
60,216,0.00077917706
61,216,0.0005954588
62,216,0.00033265725
63,216,-0.00025609415
64,216,0.0003391644
65,216,0.00038321596
66,216,0.00022845156
67,216,0.00022746902
68,216,0.0006759688
69,216,0.00023295358
70,216,0.00075925887
71,216,2.0140782e-05
72,216,0.00049882196
73,216,-0.00016900431
74,216,9.6714124e-05
75,216,0.000515976
76,216,-0.000140002
77,216,0.00040541217
78,216,0.0010206895
79,216,0.00075011794
80,216,0.0003732862
81,216,0.0007404508
82,216,0.00061986037
83,216,0.0006338218
84,216,0.0007120799
85,216,0.0009121578
86,216,0.0006441735
87,216,0.00030526333
88,216,0.00054055825
89,216,0.00045713782
90,216,0.00048832875
91,216,0.0007444434
92,216,0.00011177175
93,216,0.000904602
94,216,0.0006523598
95,216,
96,216,
97,216,0.0008644825
98,216,0.00081936177
99,216,0.0007254202
100,216,0.0002643466
101,216,0.00033151172
102,216,0.00050543714
103,216,0.0010728147
104,216,0.0008956725
105,216,0.00126216
106,216,0.0009243423
107,216,0.0008527525
108,216,0.0007199738
109,216,0.0011772588
110,216,0.0010736976
111,216,0.0006887261
112,216,0.0009657629
113,216,0.00093386974
114,216,0.0006656023
115,216,0.0009743087
116,216,0.00048821233
117,216,0.00077218004
118,216,0.00091813784
119,216,0.00059630815
120,216,0.00083781686
121,216,0.0009697629
122,216,0.0009168424
123,216,0.0005689226
124,216,0.00050906185
125,216,0.000597802
126,216,0.0005302308
127,216,0.00069271214
128,216,0.00080171414
129,216,0.0004607821
130,216,0.00074348226
131,216,0.00062035955
132,216,0.0007565385
133,216,0.00044009276
134,216,0.0002114661
135,216,0.0007616859
136,216,0.0010158382
137,216,
138,216,
139,216,
140,216,
141,216,
142,216,
143,216,
144,216,
145,216,
146,216,
147,216,
148,216,
149,216,0.00064391736
150,216,0.00046184845
151,216,0.0006854348
152,216,0.0004019728
153,216,0.00094751734
154,216,0.00045367517
155,216,0.0005649673
156,216,0.0005382225
157,216,0.0008192761
158,216,0.00010907557
159,216,0.0010539917
160,216,0.0013338085
161,216,0.0005834419
162,216,0.00045332965
163,216,0.00053860154
164,216,0.00043233018
165,216,0.0004170835
166,216,0.0006997725
167,216,0.00018926337
168,216,0.0005667396
169,216,0.00073898677
170,216,0.0010313336
171,216,0.00073478185
172,216,0.00041421875
173,216,5.038455e-07
174,216,0.0005505858
175,216,0.000308563
176,216,0.00056375936
177,216,9.426288e-05
178,216,0.0009835893
179,216,0.0008442085
180,216,0.00042361487
181,216,-0.00024226308
182,216,0.000115212984
183,216,0.0003708452
184,216,0.00043562334
185,216,0.0005586762
186,216,0.00029895827
187,216,0.0005916469
188,216,0.0009269593
189,216,0.00018285867
190,216,0.00048701558
191,216,0.00061077904
192,216,0.0005455287
193,216,0.00052343216
194,216,0.00044167228
195,216,0.00072049256
196,216,0.0007121619
197,216,0.00015150942
198,216,0.0005674735
199,216,0.0005350597
200,216,-7.758383e-05
201,216,0.00030141696
202,216,-3.4036115e-05
203,216,0.00035395846
204,216,0.0007847985
205,216,0.00053540897
206,216,0.000161984
207,216,0.00042559393
208,216,0.00073756836
209,216,0.00090963487
210,216,0.00031115394
211,216,0.00080553815
212,216,0.00018566288
213,216,0.00070141535
214,216,-0.0002359394
215,216,0.0006972803
216,216,0.0006498704
217,216,0.00040267035
218,216,0.00055535976
219,216,0.0008597374
220,216,0.00061187893
221,216,0.00083932
222,216,0.0008185683
223,216,0.0005166307
224,216,0.00050225854
225,216,0.00021910109
226,216,0.00022771955
227,216,0.0008551106
228,216,0.00047215633
229,216,0.00090993755
230,216,0.00076259486
231,216,0.0005429918
232,216,0.0007881792
233,216,0.0008185534
234,216,0.0005534142
235,216,0.000378971
236,216,0.00014788471
237,216,0.00023279991
238,216,0.00014397409
239,216,0.0006392924
240,216,0.0003078105
241,216,0.00067479815
242,216,-0.00017047767
243,216,0.0005013319
244,216,-0.00014537014
245,216,0.0003510518
246,216,0.00036465563
247,216,0.00050101615
248,216,0.0008228747
249,216,0.0008998802
250,216,0.00088439137
251,216,0.000103707425
252,216,0.0005855197
253,216,0.0007305341
254,216,0.00026633125
255,216,-3.4226105e-06
256,216,0.0009043999
257,216,-0.00016506854
258,216,0.0005189534
259,216,0.0008629877
260,216,0.00084094517
261,216,0.0007273117
262,216,0.0006600246
263,216,0.00032977387
264,216,0.00036851037
265,216,0.00026214123
266,216,0.00042309985
267,216,0.00036088843
268,216,0.00036989897
269,216,-2.3729168e-05
270,216,0.0004069414
271,216,0.0006579207
272,216,0.0005138116
273,216,0.0011479752
274,216,0.00026320387
275,216,0.00010911003
276,216,0.0009439783
277,216,0.0008129822
278,216,0.00080610253
279,216,0.00043761544
280,216,0.0007207487
281,216,0.0005486626
282,216,0.00054469146
283,216,0.00028503407
284,216,0.00067493785
285,216,0.00093206856
286,216,0.0003117919
287,216,0.000105742365
288,216,0.00026257057
289,216,0.00044946
290,216,0.00026903395
291,216,0.00066694804
292,216,0.0005263509
293,216,0.0009206971
294,216,-0.00030270405
295,216,0.0012006555
296,216,0.00039719045
297,216,0.00035102945
298,216,0.0008414425
299,216,0.00064064004
300,216,0.00038709398
301,216,0.0009038858
302,216,0.00046854373
303,216,0.00042140204
304,216,0.0009718295
305,216,-0.00012504682
306,216,-0.0003559459
307,216,0.0009754477
308,216,0.0011664173
309,216,4.2359345e-05
310,216,0.00064240117
311,216,0.00052947085
312,216,0.00061966665
313,216,0.00060522836
314,216,0.0004714299
315,216,0.00018604193
316,216,-5.135499e-05
317,216,0.0006720526
318,216,0.00020708237
319,216,0.0007090997
320,216,0.00051851943
321,216,0.000277278
322,216,0.0005403664
323,216,0.00081920903
324,216,0.0007224744
325,216,0.00033674855
326,216,0.0005063806
327,216,
328,216,0.0006840946
329,216,0.0009345701
330,216,0.00048825704
331,216,0.0010337187
332,216,
333,216,
334,216,0.0007377602
335,216,0.0005334271
336,216,0.0010243794
337,216,0.00017983839
338,216,0.0007118322
339,216,0.0003680745
340,216,0.00058398955
341,216,0.00097575877
342,216,0.0005419664
343,216,0.000268762
344,216,0.00062218774
345,216,8.937251e-05
346,216,0.0004508011
347,216,0.000921865
348,216,0.0004513096
349,216,0.0008533001
350,216,6.8710186e-05
351,216,0.0009708004
352,216,9.1440976e-05
353,216,0.000575969
354,216,0.0010152003
355,216,0.000643271
356,216,0.00039984938
357,216,0.0006305976
358,216,0.00020016823
359,216,0.0010228949
360,216,0.0007646326
361,216,-3.104005e-05
362,216,0.00012912974
363,216,0.00019178167
364,216,0.00064775534
365,216,0.0001705829
366,216,0.00095679425
367,216,0.00047849212
368,216,0.0005686097
369,216,0.0004987437
370,216,0.00014595035
371,216,0.00075037684
372,216,0.00082129706
373,216,0.001205367
374,216,0.00029045902
375,216,0.00023512263
376,216,0.0013586581
377,216,0.0008293232
378,216,9.359047e-05
379,216,0.0005061049
380,216,0.0011758655
381,216,0.0010980042
382,216,0.0003086729
383,216,0.00054359715
384,216,0.0007588435
385,216,0.00085197017
386,216,0.0005049249
387,216,0.0002879193
388,216,0.00068307016
389,216,0.00023357198
390,216,0.0009131208
391,216,0.0010460829
392,216,0.00043336023
393,216,0.000936538
394,216,0.00085601583
395,216,0.0002007559
396,216,0.0007761372
397,216,0.0007180888
398,216,0.0011872705
399,216,0.0007054517
400,216,0.0006670179
401,216,0.00034287944
402,216,0.0006259065
403,216,0.00085951854
404,216,0.0010447446
405,216,0.0005848985
406,216,0.0002092775
407,216,0.0005616406
408,216,0.00096883904
409,216,0.00042701513
410,216,0.00062184315
411,216,0.0006251661
412,216,0.0008073868
413,216,0.0008489033
414,216,0.00036364794
415,216,0.00057379156
416,216,0.001047424
417,216,-4.9907714e-05
418,216,0.00016405061
419,216,0.00028274953
420,216,0.00064255204
421,216,0.0010884218
422,216,0.00027004816
423,216,0.0008623507
424,216,0.00076292176
425,216,0.00032134447
426,216,0.0003465144
427,216,0.00044432655
428,216,0.0005891938
429,216,0.0008487357
430,216,0.0007379912
431,216,0.00054804236
432,216,0.00064404216
433,216,0.0009799255
434,216,0.0009556068
435,216,0.00016349275
436,216,0.00080796145
437,216,0.0010579629
438,216,0.0003997283
439,216,0.00063712616
440,216,
441,216,0.0010611685
442,216,
443,216,0.0004572319
444,216,3.1895004e-05
445,216,0.0003722664
446,216,0.00013653375
447,216,-0.00038302224
448,216,0.00012088008
449,216,0.00042673014
450,216,0.0009087464
451,216,-3.265217e-06
452,216,0.0006287461
453,216,0.00078823976
454,216,0.00045720208
455,216,0.0004554838
456,216,0.00051748566
457,216,0.00060337875
458,216,0.00022919755
459,216,0.0005289102
460,216,0.0005517611
461,216,0.00045376457
462,216,0.00050825253
463,216,0.00012901239
464,216,0.0005183155
465,216,0.0005298443
466,216,0.0005368758
467,216,0.00021161139
468,216,0.0010366514
469,216,0.0005127983
470,216,0.00047127996
471,216,0.0006395811
472,216,-4.5867637e-05
473,216,0.0012181122
474,216,0.0011474965
475,216,0.00029560272
476,216,0.00034941174
477,216,0.00092668366
478,216,-0.00029455777
479,216,0.00050139986
480,216,0.0008541923
481,216,0.0009553991
482,216,0.0007546088
483,216,0.00036175642
484,216,9.852648e-05
485,216,0.00036617555
486,216,0.00011138618
487,216,5.7583675e-05
488,216,0.0009364607
489,216,0.0005428586
490,216,0.00039228797
491,216,0.0006523356
492,216,0.0005368311
493,216,0.000527462
494,216,0.00042899232
0,217,0.00074192975
1,217,0.0008347351
2,217,0.0011579599
3,217,0.0008529825
4,217,0.0010367818
5,217,0.0004009828
6,217,0.00049612485
7,217,0.0010919515
8,217,0.0011529168
9,217,0.0008894764
10,217,0.0004384024
11,217,0.0007409472
12,217,0.00057409797
13,217,0.0001576962
14,217,0.0008073868
15,217,0.00053393
16,217,0.0008534184
17,217,7.12974e-05
18,217,0.00041351095
19,217,0.00044966862
20,217,0.0006238669
21,217,0.00069268234
22,217,0.0009779902
23,217,0.0006714547
24,217,0.00052309036
25,217,0.00038738642
26,217,0.00064176694
27,217,0.00023745093
28,217,0.0006510215
29,217,0.00048768334
30,217,0.00027584564
31,217,0.000603877
32,217,0.00086906366
33,217,-1.20783225e-05
34,217,9.9412166e-05
35,217,0.00048725214
36,217,0.0005833069
37,217,0.0007350696
38,217,0.00053695217
39,217,0.000114995986
40,217,0.0006150827
41,217,2.4260953e-05
42,217,0.00048495177
43,217,0.0007696012
44,217,0.000615282
45,217,0.00082842447
46,217,0.00047350582
47,217,0.0007590093
48,217,0.0006102966
49,217,0.00088426657
50,217,0.0004397696
51,217,0.00061542634
52,217,0.0007616393
53,217,0.0006363522
54,217,0.00049682334
55,217,0.0005217679
56,217,0.00031343848
57,217,0.0010749716
58,217,0.00039220136
59,217,0.0005932115
60,217,-4.9966387e-05
61,217,-2.3408793e-05
62,217,0.0008492749
63,217,0.0005488433
64,217,0.00077813957
65,217,0.00035260618
66,217,-5.8120117e-05
67,217,0.00028433185
68,217,0.00041397195
69,217,0.00039009936
70,217,0.0005245302
71,217,0.00035539642
72,217,5.35585e-05
73,217,0.0003425395
74,217,0.0001618145
75,217,-4.0713698e-05
76,217,0.00044227485
77,217,0.0007035453
78,217,0.0007178942
79,217,0.00057461206
80,217,0.00049120653
81,217,0.0004603658
82,217,0.0003182683
83,217,0.00036252476
84,217,0.0010368302
85,217,0.0006156638
86,217,0.00073680375
87,217,0.00045802537
88,217,0.00058345683
89,217,0.00033971667
90,217,0.0007153312
91,217,0.00015190523
92,217,0.0004072804
93,217,0.00052271783
94,217,0.0003023278
95,217,
96,217,
97,217,0.00032213237
98,217,0.0009298669
99,217,0.000785267
100,217,0.0005826326
101,217,0.000615241
102,217,0.0006861882
103,217,0.0010452168
104,217,0.00088357646
105,217,0.0010747304
106,217,0.0014890125
107,217,0.0009113196
108,217,0.0009003952
109,217,0.0008563511
110,217,0.0013015512
111,217,0.00077082124
112,217,0.00057589356
113,217,0.0009406507
114,217,0.0011307802
115,217,0.0010167342
116,217,0.000759108
117,217,0.0010927347
118,217,0.0013153143
119,217,0.00096423645
120,217,0.0010637809
121,217,0.00078742206
122,217,0.0009922311
123,217,0.0010590972
124,217,0.0005086735
125,217,0.00046309736
126,217,0.00058671087
127,217,0.0006638495
128,217,0.0008079596
129,217,0.00063140877
130,217,0.0007034959
131,217,0.00033470336
132,217,0.0008795094
133,217,0.00026192982
134,217,0.00050780363
135,217,0.00058673136
136,217,0.0008483799
137,217,
138,217,
139,217,
140,217,
141,217,
142,217,0.00053899083
143,217,
144,217,
145,217,
146,217,
147,217,
148,217,
149,217,-7.908791e-06
150,217,-2.19699e-06
151,217,0.00044925977
152,217,0.0007440075
153,217,0.00056659617
154,217,0.00073535554
155,217,0.0002852874
156,217,0.0008199783
157,217,0.0006872853
158,217,8.923933e-06
159,217,0.00071832817
160,217,0.0005035242
161,217,0.00080253184
162,217,0.0003690999
163,217,0.00063527096
164,217,5.1992014e-05
165,217,0.0008561965
166,217,-0.00016863737
167,217,0.00012834556
168,217,0.00046051666
169,217,0.0006164601
170,217,0.00049667805
171,217,-0.00041800085
172,217,0.0006337259
173,217,0.00019399077
174,217,0.0007740166
175,217,0.00046650786
176,217,0.00025898218
177,217,0.0003241906
178,217,0.00048532244
179,217,0.0005668681
180,217,0.00024777744
181,217,0.0003407132
182,217,-3.9070845e-05
183,217,0.00017147325
184,217,0.0004954478
185,217,5.484931e-05
186,217,0.00038376078
187,217,0.0004399484
188,217,0.0008767769
189,217,0.0004134979
190,217,-0.00036503747
191,217,1.9892119e-05
192,217,0.00046700332
193,217,0.00078638457
194,217,-5.6754798e-06
195,217,0.00076181535
196,217,0.0005988525
197,217,0.00046314485
198,217,0.00039532222
199,217,0.00013576448
200,217,0.0005190149
201,217,0.00026196148
202,217,0.0013245214
203,217,0.00022315234
204,217,0.00071133114
205,217,0.00042199902
206,217,0.00066136103
207,217,0.0008233022
208,217,0.0008309698
209,217,0.00039482675
210,217,0.00036525074
211,217,0.0005992055
212,217,0.00036619045
213,217,0.00040990673
214,217,0.0005312422
215,217,9.861309e-05
216,217,0.0011535203
217,217,0.00043549575
218,217,0.0010874886
219,217,0.00085019786
220,217,0.00068761036
221,217,0.00031828508
222,217,0.00071839616
223,217,0.0007718103
224,217,0.00086588226
225,217,0.000520397
226,217,0.00094874855
227,217,0.0008136146
228,217,0.0011032298
229,217,0.0005859751
230,217,0.00070128404
231,217,0.00053935125
232,217,0.00070557743
233,217,0.00029840786
234,217,-0.00025897194
235,217,0.00023336895
236,217,0.0012246976
237,217,0.00056983903
238,217,0.0010713395
239,217,0.0007299222
240,217,0.000269535
241,217,0.00044314563
242,217,0.00088994484
243,217,0.00029529352
244,217,0.00036859233
245,217,0.00023006648
246,217,0.0005708542
247,217,0.00075839646
248,217,4.6091154e-06
249,217,0.00020946655
250,217,0.00048350077
251,217,0.00048703142
252,217,7.7419914e-05
253,217,0.00052979495
254,217,0.00027204584
255,217,0.0002276767
256,217,0.00049958937
257,217,0.00017919205
258,217,0.00015950389
259,217,2.864562e-05
260,217,0.00074678194
261,217,0.0007549273
262,217,0.00068649556
263,217,0.00019130763
264,217,0.00056111626
265,217,0.00021465216
266,217,0.00038799644
267,217,0.0004883632
268,217,0.0004807338
269,217,5.9070066e-05
270,217,0.0012678336
271,217,0.00051452965
272,217,-1.38049945e-05
273,217,0.0003762478
274,217,0.0003622733
275,217,0.0003680233
276,217,0.00044157356
277,217,0.0006640628
278,217,0.00019570347
279,217,3.3295713e-05
280,217,0.00043485593
281,217,0.0006033024
282,217,9.5425174e-05
283,217,0.00044019427
284,217,0.00039310195
285,217,0.00041700806
286,217,0.0008297013
287,217,0.00015778374
288,217,0.00087601785
289,217,0.0007420061
290,217,0.00053641666
291,217,0.0005535772
292,217,0.0007438557
293,217,0.00059231184
294,217,0.00044557452
295,217,0.00012395065
296,217,0.00053054
297,217,0.00092535745
298,217,0.0007456131
299,217,0.0002503991
300,217,0.00047143083
301,217,0.0008912608
302,217,0.00065189693
303,217,0.0004582042
304,217,0.00020589493
305,217,0.0008683242
306,217,0.0007888153
307,217,0.00038402807
308,217,0.00085466355
309,217,0.0007718578
310,217,0.0008565802
311,217,0.00075293053
312,217,0.00070438907
313,217,0.00060336944
314,217,0.00045848358
315,217,
316,217,0.00033534598
317,217,1.5844591e-05
318,217,0.00078734197
319,217,0.0006612707
320,217,0.00024768338
321,217,0.00033531897
322,217,0.0005313447
323,217,0.0006616777
324,217,0.0003058985
325,217,0.0006741509
326,217,0.00033150613
327,217,0.00061971694
328,217,0.0006245002
329,217,0.00037758425
330,217,0.000381317
331,217,0.00066469517
332,217,
333,217,
334,217,0.0007302612
335,217,0.00082046073
336,217,0.0005132882
337,217,0.00020668935
338,217,0.0002069734
339,217,0.00036124885
340,217,0.00046033412
341,217,0.00047536194
342,217,-6.901473e-05
343,217,0.00052529946
344,217,0.000701556
345,217,0.0007923627
346,217,0.000498198
347,217,0.0006847866
348,217,0.0005527381
349,217,0.00021146797
350,217,0.00068436284
351,217,0.00011090655
352,217,0.00066154636
353,217,8.686632e-05
354,217,0.00065600686
355,217,0.000844392
356,217,0.0002797693
357,217,0.0007019285
358,217,0.0003323853
359,217,0.00047220849
360,217,0.0006999336
361,217,0.00047356356
362,217,0.00050753914
363,217,0.00043677166
364,217,0.0008836929
365,217,0.00030130334
366,217,0.00037893374
367,217,0.0004683975
368,217,0.0005508736
369,217,0.001032182
370,217,0.00029690936
371,217,0.00076715834
372,217,0.0010306193
373,217,0.0005028555
374,217,0.00035991147
375,217,0.0007814821
376,217,0.0007429747
377,217,0.00031020865
378,217,0.0006477507
379,217,0.00050516427
380,217,0.00090436917
381,217,0.00073793996
382,217,0.0006351201
383,217,0.00039923284
384,217,0.00013821851
385,217,0.00073564146
386,217,0.0003898777
387,217,0.0002542287
388,217,0.0005194526
389,217,0.0013754508
390,217,0.00036924146
391,217,0.0005881265
392,217,0.0005751215
393,217,0.00072007906
394,217,0.00046793837
395,217,0.00063800067
396,217,0.0003147684
397,217,0.00086729415
398,217,0.00096411444
399,217,0.00072950684
400,217,0.00041858293
401,217,0.00072695874
402,217,0.0005104849
403,217,0.00018072873
404,217,0.0005814284
405,217,0.00060190633
406,217,0.00033247937
407,217,0.0008487394
408,217,0.0007361956
409,217,0.000775259
410,217,0.00022990815
411,217,0.00060097035
412,217,0.0009743953
413,217,0.00039705634
414,217,0.00067555346
415,217,0.00043761544
416,217,0.0009510042
417,217,0.00051198155
418,217,0.0006301617
419,217,0.000624042
420,217,0.0007971572
421,217,0.00016267598
422,217,0.0008374136
423,217,0.0008822307
424,217,0.0007222323
425,217,0.00041730236
426,217,0.00042017363
427,217,0.000876775
428,217,0.0007541282
429,217,0.0003610514
430,217,0.00065569766
431,217,0.00024783146
432,217,0.0009798268
433,217,0.0012604175
434,217,0.0012622988
435,217,0.00096485484
436,217,0.00092901755
437,217,0.0005816445
438,217,0.00031967182
439,217,0.00091162696
440,217,
441,217,
442,217,0.0002559442
443,217,0.0010432992
444,217,0.0006125998
445,217,0.0005557453
446,217,0.0004626941
447,217,0.0007670531
448,217,0.0006029522
449,217,0.00031168573
450,217,0.00040894747
451,217,0.0007231515
452,217,0.0004455503
453,217,0.00047290325
454,217,0.0014407877
455,217,0.0005517574
456,217,0.000247119
457,217,0.000659734
458,217,0.00044475682
459,217,0.00034472346
460,217,0.0005869828
461,217,0.00044066552
462,217,0.0008047158
463,217,0.00020552147
464,217,0.0006464673
465,217,0.00022820383
466,217,0.00039147586
467,217,0.00024737138
468,217,0.00061421003
469,217,0.0004447056
470,217,0.00041569397
471,217,0.0006155437
472,217,0.0006069839
473,217,0.0005439753
474,217,0.00045018364
475,217,0.00042996556
476,217,0.00014772266
477,217,-0.00020447094
478,217,0.00037612114
479,217,-0.00020225905
480,217,0.00075037405
481,217,0.00034562778
482,217,0.00076135714
483,217,0.0003296677
484,217,0.00059531257
485,217,0.00024924986
486,217,0.0008364357
487,217,0.000845328
488,217,0.00041987374
489,217,0.00046316534
490,217,0.00034573488
491,217,0.00027051382
492,217,0.00051164813
493,217,0.000372014
494,217,0.0005279742
0,218,0.0006078277
1,218,0.0007200716
2,218,0.00078291446
3,218,0.0008130912
4,218,0.0009744046
5,218,0.00058106985
6,218,0.00076104794
7,218,0.00079980306
8,218,0.0010641599
9,218,0.0011236891
10,218,0.0010812758
11,218,0.00095960125
12,218,0.0008057384
13,218,0.00065382384
14,218,0.00050595496
15,218,0.00014105625
16,218,0.0008929381
17,218,0.0006075883
18,218,0.00031574257
19,218,-5.2620657e-05
20,218,-0.00013638753
21,218,0.00018427614
22,218,7.060543e-05
23,218,0.00043215416
24,218,4.256796e-05
25,218,0.00041805953
26,218,0.00040011667
27,218,0.00042940024
28,218,0.0002987599
29,218,0.0006217975
30,218,0.000958588
31,218,0.00023694895
32,218,0.0005505737
33,218,2.8535724e-06
34,218,0.0004513217
35,218,0.00041623786
36,218,0.00034049712
37,218,0.00046223402
38,218,0.00038238429
39,218,0.0004731184
40,218,0.0006742701
41,218,0.00092468224
42,218,0.00090475753
43,218,0.00076655485
44,218,0.0007416811
45,218,0.0008182209
46,218,0.0005269889
47,218,0.0006241165
48,218,0.00057905726
49,218,0.0008031819
50,218,0.00075619854
51,218,0.00064599514
52,218,0.0006199777
53,218,0.0006249128
54,218,0.0005412549
55,218,0.0005051624
56,218,0.00022854749
57,218,0.00072714686
58,218,8.951686e-05
59,218,0.0003185235
60,218,8.955039e-05
61,218,0.00041194633
62,218,0.00030020718
63,218,0.00040122215
64,218,0.0008702297
65,218,0.0006292816
66,218,0.00013224687
67,218,0.0005296422
68,218,0.00017787889
69,218,0.0003095325
70,218,0.0003855545
71,218,0.00037456956
72,218,0.00046103075
73,218,0.00048020482
74,218,0.00015852042
75,218,0.0003466783
76,218,0.00039604492
77,218,0.00012436695
78,218,0.00037839916
79,218,0.0009699613
80,218,0.0004518982
81,218,0.00027708802
82,218,0.00055251457
83,218,0.00068482663
84,218,0.00013331231
85,218,0.0008165259
86,218,0.00062231254
87,218,0.00028553605
88,218,0.0005777944
89,218,0.0007705875
90,218,0.00086410437
91,218,0.0002666898
92,218,0.00011432823
93,218,0.0007719118
94,218,0.00022197794
95,218,
96,218,
97,218,
98,218,0.00070504844
99,218,3.8551167e-05
100,218,0.0003986489
101,218,0.0009877225
102,218,0.00102707
103,218,0.00096445903
104,218,0.0008290801
105,218,0.0011657961
106,218,0.001362388
107,218,0.0010578092
108,218,0.00110141
109,218,0.001162406
110,218,0.0009388346
111,218,0.0013147565
112,218,0.0009843362
113,218,0.0011404781
114,218,0.00091831386
115,218,0.0009076707
116,218,0.0008954294
117,218,0.00060962513
118,218,0.0007879473
119,218,0.0008897912
120,218,0.00096106436
121,218,0.00092986505
122,218,0.00080803595
123,218,0.0011998322
124,218,0.000746022
125,218,0.0006669983
126,218,0.00046052784
127,218,0.00077091996
128,218,0.00092940964
129,218,0.0010114256
130,218,0.0006084787
131,218,0.00027418789
132,218,0.0005620634
133,218,0.0007916838
134,218,0.00065606553
135,218,0.00060791057
136,218,0.00042949244
137,218,0.00049611274
138,218,
139,218,
140,218,
141,218,
142,218,
143,218,
144,218,
145,218,
146,218,
147,218,
148,218,
149,218,0.00064276345
150,218,0.0006130254
151,218,0.00059560966
152,218,0.0004697591
153,218,0.000774988
154,218,0.00032510608
155,218,0.0007964689
156,218,0.0003949199
157,218,0.00085365213
158,218,0.0009988341
159,218,0.0010605911
160,218,0.00079124887
161,218,0.0010371562
162,218,0.00048429985
163,218,0.0006523514
164,218,0.0006833002
165,218,-0.00013418216
166,218,0.0005222941
167,218,3.0670315e-05
168,218,0.00020993222
169,218,0.0005726116
170,218,0.0005525835
171,218,0.00018162187
172,218,0.0003655916
173,218,0.00082718953
174,218,0.00057896506
175,218,0.00083020516
176,218,0.0011034459
177,218,0.0011879448
178,218,-0.00017129723
179,218,0.00082255993
180,218,0.0007387409
181,218,0.0005368814
182,218,0.0003352072
183,218,0.0012457687
184,218,0.00078450143
185,218,0.00025718845
186,218,0.00045221765
187,218,-9.566918e-05
188,218,0.0003806604
189,218,-0.0002578739
190,218,0.00065195374
191,218,0.00083917845
192,218,0.00063092634
193,218,0.00049129967
194,218,0.00017659459
195,218,0.00067318603
196,218,0.0008123107
197,218,0.00042667333
198,218,0.0003653774
199,218,0.00057608355
200,218,0.00017023273
201,218,0.0004969239
202,218,0.00048931316
203,218,0.0006185919
204,218,0.0003003981
205,218,0.00046097673
206,218,0.0007127002
207,218,0.00037733186
208,218,0.0002766475
209,218,0.00052586384
210,218,0.0008245623
211,218,0.0002976926
212,218,0.00033307262
213,218,9.9658035e-05
214,218,0.00066451356
215,218,0.00024679862
216,218,0.00030242093
217,218,0.0007477738
218,218,0.00036798324
219,218,0.00079762004
220,218,0.0009739045
221,218,0.00027074013
222,218,0.0005303463
223,218,6.850809e-05
224,218,0.00047352817
225,218,9.340793e-05
226,218,0.00061146077
227,218,0.0006658193
228,218,0.00033522118
229,218,0.0001947619
230,218,0.00022885017
231,218,0.0003833901
232,218,0.00089088455
233,218,0.00049261935
234,218,0.00065756217
235,218,0.00024568848
236,218,0.0009033084
237,218,0.0005598115
238,218,0.0004229229
239,218,0.00035350397
240,218,-0.00035007298
241,218,0.0008396171
242,218,0.00035397522
243,218,0.0007857634
244,218,0.00034835096
245,218,0.0005474128
246,218,0.0007673083
247,218,0.00013529416
248,218,0.0005153185
249,218,-0.00018090755
250,218,-0.000114467926
251,218,0.00015935674
252,218,0.00050678663
253,218,0.000112938695
254,218,0.00029884
255,218,0.0002686521
256,218,0.00034471508
257,218,0.00013422221
258,218,0.00026788656
259,218,0.00043494906
260,218,0.00056353584
261,218,-6.860867e-05
262,218,0.00075302087
263,218,0.00032495894
264,218,0.00026703253
265,218,0.00090014935
266,218,0.000102693215
267,218,0.00061471853
268,218,0.0004563406
269,218,0.00057748985
270,218,0.00059273466
271,218,0.00064909924
272,218,0.00041192677
273,218,0.000813107
274,218,0.0004502628
275,218,0.0006197076
276,218,0.0008778451
277,218,0.0007680077
278,218,0.00048402697
279,218,0.001077042
280,218,0.00052424986
281,218,0.0005492233
282,218,0.00065047387
283,218,-7.2469935e-05
284,218,0.001111242
285,218,0.00045385957
286,218,0.0003970582
287,218,0.0003736457
288,218,9.150803e-05
289,218,0.0006454382
290,218,0.0009936839
291,218,0.00060106535
292,218,0.00046802685
293,218,0.00039264
294,218,0.00024541095
295,218,5.53634e-05
296,218,0.0007160455
297,218,7.322058e-06
298,218,0.00022850744
299,218,7.8983605e-05
300,218,0.00085354317
301,218,0.00045563374
302,218,0.0011336002
303,218,0.00034868158
304,218,0.0005555805
305,218,0.00058378465
306,218,0.0003114324
307,218,0.0011617662
308,218,0.0003137868
309,218,0.00044297986
310,218,0.00090642646
311,218,0.0003865678
312,218,0.00089320354
313,218,0.00046911184
314,218,0.0009773131
315,218,0.0005614329
316,218,1.9474886e-05
317,218,0.0009813458
318,218,-0.00019108877
319,218,0.0004106937
320,218,0.000719185
321,218,0.00024433248
322,218,0.00075216126
323,218,0.0010665301
324,218,0.0009947158
325,218,0.0005999459
326,218,0.00036456995
327,218,0.0008627288
328,218,0.00085904915
329,218,-0.00025539938
330,218,0.0005577048
331,218,0.00083755143
332,218,
333,218,
334,218,0.0004556179
335,218,0.0005562119
336,218,0.00014191773
337,218,0.000450979
338,218,0.00034177955
339,218,0.00049225055
340,218,0.0005734619
341,218,0.0006847391
342,218,0.0005479045
343,218,0.000448375
344,218,0.0010911329
345,218,0.0006991327
346,218,0.00054124556
347,218,0.00062810257
348,218,0.0012941547
349,218,0.0012219595
350,218,0.00078326
351,218,0.001088663
352,218,0.00048732944
353,218,0.00024666265
354,218,0.00090930425
355,218,0.0009666141
356,218,0.0006554583
357,218,0.00053148717
358,218,0.0007727854
359,218,0.0008115256
360,218,0.00085672084
361,218,0.00084216986
362,218,0.0008235788
363,218,0.00071290974
364,218,0.00037025195
365,218,0.00058281794
366,218,0.00063144416
367,218,0.000649401
368,218,0.0004216386
369,218,0.0005737897
370,218,0.00057690963
371,218,0.0007844707
372,218,0.0004036976
373,218,0.0005538557
374,218,0.0006762445
375,218,0.00037194882
376,218,0.00057017244
377,218,0.00025812723
378,218,0.00038003363
379,218,0.0005123876
380,218,0.0008213753
381,218,0.00021277554
382,218,0.0008005779
383,218,0.00032583904
384,218,0.00055846013
385,218,0.00052352063
386,218,0.0008667484
387,218,0.00012267567
388,218,0.0004209159
389,218,0.00067452993
390,218,0.00045684725
391,218,0.00065934286
392,218,0.0005196966
393,218,0.00062646996
394,218,0.00064165145
395,218,0.0004589418
396,218,0.0006512301
397,218,0.0004404094
398,218,0.00021319278
399,218,0.0005632574
400,218,0.0006117979
401,218,0.00065298285
402,218,0.0010016039
403,218,0.0007526241
404,218,0.00084115565
405,218,0.00093952566
406,218,0.00040046033
407,218,0.0002240846
408,218,0.00035637524
409,218,0.0004710732
410,218,0.00035514124
411,218,0.00048109237
412,218,0.00089515466
413,218,0.0012320522
414,218,0.0002744412
415,218,0.00075842254
416,218,0.0009868266
417,218,0.00030219462
418,218,0.0008320436
419,218,0.00091261696
420,218,0.0008414993
421,218,0.0009291237
422,218,0.0003423607
423,218,0.0007882649
424,218,0.00062326435
425,218,0.00061655603
426,218,0.0005895449
427,218,0.0009022504
428,218,0.0012507578
429,218,0.00067071617
430,218,0.0010858737
431,218,0.0009798957
432,218,0.0009245556
433,218,0.0011931388
434,218,0.00092253275
435,218,0.0011507552
436,218,0.00035337172
437,218,0.0009682076
438,218,0.00042610522
439,218,
440,218,0.00024558697
441,218,
442,218,0.00036516972
443,218,0.00074410904
444,218,0.0007439498
445,218,0.00042010657
446,218,3.068056e-05
447,218,0.0010201493
448,218,0.0007207906
449,218,0.0006249454
450,218,0.0006187437
451,218,0.00028488133
452,218,0.00044003315
453,218,0.0009727143
454,218,3.5901554e-05
455,218,0.0010174261
456,218,0.00032651704
457,218,0.00052528083
458,218,-2.214592e-05
459,218,0.00082410313
460,218,0.00020272098
461,218,0.00061892066
462,218,0.00065767486
463,218,0.00071075
464,218,0.0008237399
465,218,0.00054842886
466,218,0.00020493008
467,218,3.5973266e-05
468,218,0.00064768177
469,218,0.0010419851
470,218,0.00048470218
471,218,0.0009362316
472,218,0.00031261984
473,218,0.0006181486
474,218,0.00054311845
475,218,0.00072978716
476,218,0.0007256763
477,218,0.00062366016
478,218,0.00071597565
479,218,0.0013562869
480,218,0.00078570936
481,218,0.00067626126
482,218,0.00045113266
483,218,0.00067272596
484,218,0.0004966762
485,218,0.0007472681
486,218,5.4261647e-05
487,218,0.000652072
488,218,0.0006734375
489,218,0.00025574025
490,218,4.2189844e-05
491,218,0.00037863292
492,218,0.00039112382
493,218,0.00013775658
494,218,0.00051602256
0,219,0.0009069331
1,219,0.0010825191
2,219,0.0014162539
3,219,0.00071520545
4,219,0.0006195139
5,219,0.0011489661
6,219,0.0010477165
7,219,0.000873236
8,219,0.0011672713
9,219,0.0011790739
10,219,0.0008946145
11,219,0.0010957541
12,219,0.00084860716
13,219,0.0005348036
14,219,0.0005380586
15,219,0.0009445511
16,219,0.00011215918
17,219,0.00031739566
18,219,0.00065147877
19,219,0.0009235656
20,219,0.00030227844
21,219,0.00015959982
22,219,0.00036866125
23,219,0.00069721974
24,219,0.00041598827
25,219,0.00022642408
26,219,-0.00020120293
27,219,0.00048206933
28,219,0.00012356974
29,219,-5.768612e-06
30,219,0.0008116253
31,219,0.0004500486
32,219,0.0006312253
33,219,0.00052422285
34,219,0.0005791541
35,219,0.0007542018
36,219,0.00031551532
37,219,0.00094813015
38,219,0.00065469183
39,219,-5.5970624e-05
40,219,0.00065080635
41,219,0.00070054736
42,219,0.00056887884
43,219,0.0007206211
44,219,0.0009508878
45,219,0.00046112388
46,219,0.001072349
47,219,0.00068848487
48,219,0.0006575044
49,219,0.0006513549
50,219,0.00015450362
51,219,0.00033086818
52,219,0.0008450765
53,219,0.0008769538
54,219,0.0004917588
55,219,0.00051014405
56,219,0.00042298157
57,219,0.0004217187
58,219,0.0008902047
59,219,0.00089831464
60,219,2.381578e-05
61,219,-5.262345e-05
62,219,0.000531693
63,219,0.00022879895
64,219,0.0005756803
65,219,0.00018106308
66,219,0.00029096007
67,219,-0.0001129685
68,219,0.0007035481
69,219,0.0003323257
70,219,0.00064344145
71,219,0.0004594326
72,219,0.0007400038
73,219,0.0002135504
74,219,0.00045596343
75,219,0.00052218046
76,219,0.00047260523
77,219,0.00031622313
78,219,0.00068172254
79,219,0.00077439565
80,219,0.00047172047
81,219,4.4640154e-05
82,219,0.00051050633
83,219,0.00046149734
84,219,0.00043785106
85,219,0.0006624833
86,219,0.00094327144
87,219,0.00058475696
88,219,0.00049762893
89,219,0.0008301735
90,219,0.00086347945
91,219,0.0005180491
92,219,0.00025309436
93,219,0.00082621723
94,219,0.00037473906
95,219,
96,219,
97,219,0.0001117643
98,219,0.0005926881
99,219,0.000611363
100,219,0.0009498
101,219,0.00043713674
102,219,0.0007858481
103,219,0.0007030275
104,219,0.00095498003
105,219,0.0010727616
106,219,0.0008251043
107,219,0.00080348644
108,219,0.0008287234
109,219,0.0009965748
110,219,0.0010897759
111,219,0.0008719452
112,219,0.0009259349
113,219,0.0006491449
114,219,0.0009853058
115,219,0.0016465522
116,219,0.0009047482
117,219,0.0012365784
118,219,0.00072841905
119,219,0.000953353
120,219,0.00077459123
121,219,0.0007727705
122,219,0.00093904417
123,219,0.0010991218
124,219,0.00043920893
125,219,0.0005490482
126,219,0.00035871752
127,219,0.0011142027
128,219,0.0010300595
129,219,0.0008991379
130,219,0.00059392024
131,219,0.00067808013
132,219,0.0004374981
133,219,0.00081874337
134,219,0.00046588015
135,219,0.0008338541
136,219,0.00032293983
137,219,
138,219,
139,219,
140,219,
141,219,
142,219,
143,219,
144,219,
145,219,
146,219,
147,219,
148,219,
149,219,0.0004300559
150,219,0.00030592922
151,219,0.0009569265
152,219,0.0008688066
153,219,0.00060144253
154,219,0.00034229178
155,219,-9.668991e-06
156,219,0.0006992072
157,219,0.00043728203
158,219,4.7408976e-05
159,219,-0.00011422206
160,219,0.0007614996
161,219,0.0009350283
162,219,0.00042577926
163,219,0.0007473733
164,219,0.00036174245
165,219,0.0007027369
166,219,6.0133636e-05
167,219,0.0006582765
168,219,0.0006488338
169,219,0.00024096388
170,219,0.00048582815
171,219,0.0004980983
172,219,0.00053643994
173,219,0.00084389
174,219,0.0009056367
175,219,0.00061348546
176,219,1.4947727e-05
177,219,0.0006034663
178,219,0.0006608516
179,219,0.0007214062
180,219,0.00077817496
181,219,0.001217816
182,219,0.0008657761
183,219,0.0006726952
184,219,0.0005156798
185,219,0.00049133133
186,219,0.00014448352
187,219,-0.000107121654
188,219,0.0002968507
189,219,0.00078897085
190,219,0.00040882826
191,219,0.00017218012
192,219,0.00077348016
193,219,0.0003965199
194,219,0.00030775368
195,219,0.0005734805
196,219,0.00014430657
197,219,0.00044951215
198,219,0.0006247824
199,219,0.00045765098
200,219,0.00031613838
201,219,0.00014170539
202,219,0.000491878
203,219,0.00031606574
204,219,0.00044819806
205,219,0.0006784983
206,219,0.00057012774
207,219,0.0003572069
208,219,0.0010636253
209,219,0.0007198993
210,219,0.00016645994
211,219,0.000701176
212,219,0.00048374385
213,219,0.00038915593
214,219,0.00036214944
215,219,
216,219,0.00043314602
217,219,0.00066733547
218,219,0.00064795744
219,219,0.0006734645
220,219,0.00086425524
221,219,9.155832e-05
222,219,0.00065503176
223,219,0.00039489474
224,219,0.00052977726
225,219,0.0007143952
226,219,0.00016449299
227,219,0.0004813075
228,219,0.0008315407
229,219,0.0006847754
230,219,0.0007931683
231,219,0.0007714601
232,219,-0.0002514897
233,219,0.00024414156
234,219,0.00068244897
235,219,0.0002224883
236,219,-0.00013407599
237,219,0.00049120374
238,219,0.0005455762
239,219,0.0006486047
240,219,0.00024805777
241,219,0.0007817922
242,219,0.0004450539
243,219,0.00066866726
244,219,0.00062084384
245,219,0.0007637376
246,219,0.00038636103
247,219,0.00064604543
248,219,0.00018157344
249,219,0.00088492595
250,219,3.492087e-05
251,219,0.0006287638
252,219,0.00033132266
253,219,0.00091225654
254,219,0.00026312005
255,219,0.00014264788
256,219,0.00011780765
257,219,0.0007693991
258,219,0.00025144685
259,219,0.0005116351
260,219,0.00048666913
261,219,0.00033372547
262,219,0.0005529411
263,219,0.0005644234
264,219,-0.00019013416
265,219,0.0001796605
266,219,0.0011056084
267,219,-8.1709586e-05
268,219,0.000509982
269,219,1.5149824e-05
270,219,0.0002575321
271,219,9.8257326e-05
272,219,0.0009734407
273,219,0.0005604159
274,219,0.0005420381
275,219,0.0001669731
276,219,0.00048550125
277,219,0.0001916783
278,219,0.00059835985
279,219,0.00048017874
280,219,0.000311926
281,219,0.0006161714
282,219,0.00016555376
283,219,0.00042225048
284,219,0.00080309995
285,219,0.0006864527
286,219,0.00057290867
287,219,0.0005791094
288,219,0.00067753904
289,219,0.00041414797
290,219,0.00034688506
291,219,-5.4484233e-05
292,219,8.753501e-05
293,219,0.00067997165
294,219,0.0011249548
295,219,0.0005111601
296,219,0.0007305555
297,219,0.000296521
298,219,0.0006416775
299,219,-5.8110803e-05
300,219,0.00079158135
301,219,0.0005521085
302,219,-0.00021326542
303,219,0.0008841902
304,219,-1.6605482e-06
305,219,0.00031290762
306,219,0.00034135953
307,219,0.0004359316
308,219,0.00080567785
309,219,0.0006468799
310,219,0.00032556802
311,219,0.000643231
312,219,0.0006167218
313,219,0.0006468389
314,219,0.00054619275
315,219,-0.0002573682
316,219,0.00039756857
317,219,0.0005926071
318,219,0.00037049316
319,219,0.0008413745
320,219,0.00043209363
321,219,0.0008296529
322,219,0.00081188325
323,219,0.0008119568
324,219,0.0006943466
325,219,0.0005022567
326,219,0.00040951557
327,219,0.0004743412
328,219,0.0008237446
329,219,0.00035269
330,219,0.00045038946
331,219,0.0007823864
332,219,
333,219,
334,219,3.9072707e-05
335,219,0.0006113183
336,219,0.0008583553
337,219,0.0005810894
338,219,0.00020507444
339,219,0.00085595995
340,219,0.00049110875
341,219,0.00034140237
342,219,0.00056896545
343,219,0.00047201663
344,219,0.0010939194
345,219,0.0005742563
346,219,0.00045969244
347,219,0.00089635514
348,219,0.00064329524
349,219,0.00047910865
350,219,0.0005515469
351,219,0.0005594129
352,219,0.0008576261
353,219,0.000782921
354,219,0.00033521373
355,219,0.00029062014
356,219,0.0004199315
357,219,0.0004809117
358,219,0.00090675894
359,219,0.00061427057
360,219,0.00063800067
361,219,0.0005487148
362,219,0.0011302345
363,219,0.00092893746
364,219,0.0005685892
365,219,0.00021956954
366,219,0.00040397514
367,219,0.0006372798
368,219,0.000702505
369,219,0.0005614832
370,219,0.0005103955
371,219,0.0007623518
372,219,0.0008019144
373,219,0.00073067937
374,219,0.00060955435
375,219,0.0002897419
376,219,0.00021926872
377,219,0.00048296712
378,219,0.00062252115
379,219,0.00019944366
380,219,0.0002763588
381,219,0.00046157464
382,219,0.0002819067
383,219,0.000691507
384,219,0.0011634408
385,219,0.0002345955
386,219,0.0005793348
387,219,0.0007932782
388,219,0.00048199669
389,219,0.0005890373
390,219,9.9764206e-05
391,219,0.00023393612
392,219,0.0005361121
393,219,0.00097002275
394,219,0.00059630536
395,219,0.0002665855
396,219,0.00092155114
397,219,0.00070379674
398,219,0.00037939567
399,219,0.0010110652
400,219,0.0006406298
401,219,0.0009102691
402,219,0.00068438053
403,219,0.00011069607
404,219,0.00083355606
405,219,0.00038314052
406,219,0.0007046899
407,219,0.0008941656
408,219,0.00070410315
409,219,0.00061295927
410,219,0.00063155126
411,219,0.0004867697
412,219,0.00064531714
413,219,0.00043197162
414,219,0.00029006414
415,219,0.0005154945
416,219,0.00081422646
417,219,0.000458193
418,219,0.0008935528
419,219,0.00061790366
420,219,0.0009837933
421,219,0.0006029587
422,219,0.00076785125
423,219,9.931158e-05
424,219,0.00045638718
425,219,0.00076595787
426,219,0.0007586023
427,219,0.00078478176
428,219,0.00031842757
429,219,0.00040811487
430,219,0.0013264306
431,219,0.0010105986
432,219,0.00076235924
433,219,0.0004942212
434,219,0.0009211404
435,219,0.000551492
436,219,0.00066567585
437,219,2.590008e-05
438,219,
439,219,0.0006171372
440,219,0.0008563241
441,219,0.0004985407
442,219,0.00036708638
443,219,0.0008153301
444,219,0.00065371767
445,219,0.0001984816
446,219,0.0004853541
447,219,0.0002807891
448,219,0.00034468807
449,219,0.00050400756
450,219,0.0005241586
451,219,-0.00012771785
452,219,0.0006799353
453,219,0.0007963097
454,219,0.00022459589
455,219,0.00046943873
456,219,0.00049137697
457,219,0.00057259575
458,219,0.00033088122
459,219,0.0005596038
460,219,0.0002167467
461,219,0.0007353509
462,219,0.00039983075
463,219,0.00030900445
464,219,0.00025627762
465,219,0.000693012
466,219,0.00059718266
467,219,0.00046043377
468,219,0.00021804776
469,219,0.00030231476
470,219,0.0007375367
471,219,0.0005428428
472,219,0.00021555182
473,219,0.00064085517
474,219,0.00065188296
475,219,0.0002488168
476,219,0.0002773553
477,219,0.00071166083
478,219,0.0007548304
479,219,0.0007401174
480,219,0.00060715806
481,219,0.0006480748
482,219,0.00068533234
483,219,0.0009649256
484,219,0.00037059374
485,219,0.000817379
486,219,0.00051541347
487,219,0.00051719975
488,219,0.00084204227
489,219,0.0007243613
490,219,0.0005148733
491,219,0.00050772727
492,219,0.0006196052
493,219,0.00083895493
494,219,0.00044283923
0,220,0.0013199355
1,220,0.0009766323
2,220,0.0006123008
3,220,0.0011892645
4,220,0.0011120578
5,220,0.00081739295
6,220,0.0011149729
7,220,0.0008692676
8,220,0.0006835181
9,220,0.00084493216
10,220,0.0006259503
11,220,0.001020587
12,220,0.0007587541
13,220,0.0009514587
14,220,0.0006326558
15,220,0.00048247166
16,220,0.0008071959
17,220,0.0008726027
18,220,0.00050396007
19,220,0.0004797671
20,220,0.000896547
21,220,0.00074221846
22,220,0.00077925995
23,220,0.0005146032
24,220,0.00058533903
25,220,0.0002773013
26,220,0.0003451407
27,220,0.000491309
28,220,-1.4698133e-05
29,220,0.00030935835
30,220,0.00046523474
31,220,0.00027540606
32,220,0.00077755377
33,220,0.0006994819
34,220,0.00017873757
35,220,0.00045558996
36,220,0.00044171512
37,220,0.0005905004
38,220,-0.00013882574
39,220,0.00050153397
40,220,0.00068992004
41,220,0.00060776155
42,220,0.00039749127
43,220,0.0006188601
44,220,0.00089336745
45,220,0.00056640897
46,220,0.000624612
47,220,0.00040505826
48,220,0.00083853584
49,220,0.00078707
50,220,0.0006938707
51,220,0.0006051576
52,220,0.0008107908
53,220,0.0005998844
54,220,0.001051764
55,220,0.0007767491
56,220,0.000581366
57,220,0.00046348944
58,220,0.00032182783
59,220,0.0001613712
60,220,0.00089058187
61,220,0.00084880926
62,220,0.00041504577
63,220,0.00065160356
64,220,0.0010019541
65,220,0.0005642995
66,220,0.00011298712
67,220,0.00059367344
68,220,0.0003980063
69,220,0.0006007124
70,220,0.0007839948
71,220,0.00063605886
72,220,0.0003934577
73,220,0.0006227009
74,220,0.00024709664
75,220,5.7808124e-05
76,220,0.00051055476
77,220,-0.000103214756
78,220,0.00046145823
79,220,0.00031021517
80,220,0.00014529005
81,220,0.00047444273
82,220,0.0005111005
83,220,0.0004541073
84,220,0.00039281417
85,220,0.00034740567
86,220,0.0007935511
87,220,0.0004484728
88,220,0.00049480423
89,220,0.0005936045
90,220,0.0005371459
91,220,0.00040807575
92,220,0.0005402472
93,220,0.0005776379
94,220,0.0003761351
95,220,
96,220,
97,220,0.0004896298
98,220,0.0009073764
99,220,0.00051538367
100,220,0.00035456382
101,220,0.00013949163
102,220,0.0004789997
103,220,0.00083995797
104,220,0.0006393343
105,220,0.0006768452
106,220,0.0007465603
107,220,0.000987051
108,220,0.0008736411
109,220,0.0007909518
110,220,0.0009721145
111,220,0.0007339446
112,220,0.0010252595
113,220,0.00044509862
114,220,0.00078817643
115,220,0.00094529055
116,220,0.0009787893
117,220,0.0010330547
118,220,0.0012297649
119,220,0.0012656711
120,220,0.00082746334
121,220,0.00056895334
122,220,0.0010488983
123,220,0.0009628404
124,220,0.0010877615
125,220,0.00046783313
126,220,0.00062006805
127,220,0.00043125357
128,220,0.0006512478
129,220,0.0004384853
130,220,0.0007017441
131,220,0.0003200518
132,220,0.0004185913
133,220,0.0006446382
134,220,0.00052151177
135,220,0.00062242243
136,220,9.283889e-05
137,220,0.0005905833
138,220,
139,220,
140,220,
141,220,
142,220,
143,220,
144,220,
145,220,
146,220,
147,220,
148,220,
149,220,0.0006219726
150,220,0.00063793734
151,220,0.0007154336
152,220,0.00088011567
153,220,0.00034140982
154,220,0.0009190673
155,220,0.00092501193
156,220,0.00036349893
157,220,0.0002727108
158,220,0.0009163907
159,220,0.0005955249
160,220,0.00079183
161,220,-3.41041e-05
162,220,0.00080691464
163,220,0.0003113849
164,220,0.00016111601
165,220,0.000524763
166,220,0.0002811132
167,220,0.00036728103
168,220,0.00035004131
169,220,0.00021210313
170,220,0.0011394955
171,220,0.00069898646
172,220,0.0005023824
173,220,0.0005711885
174,220,0.00032934453
175,220,-0.0003176108
176,220,0.0006125411
177,220,0.00051226094
178,220,0.00080432463
179,220,0.00025553722
180,220,0.00067340024
181,220,0.0010825144
182,220,0.0004280433
183,220,-0.00025586784
184,220,0.0002503004
185,220,0.0004188381
186,220,0.0003177747
187,220,0.0007148795
188,220,0.00012210757
189,220,0.0001273239
190,220,0.0007335963
191,220,-3.8535334e-05
192,220,0.0007143235
193,220,0.00051267724
194,220,7.867627e-05
195,220,0.00035254285
196,220,0.00045983866
197,220,0.00044213422
198,220,0.0007294398
199,220,0.0003934251
200,220,0.0005140444
201,220,0.0011834744
202,220,0.0005737003
203,220,0.00038500503
204,220,-6.708782e-05
205,220,0.00036494248
206,220,0.00035878923
207,220,0.0004817089
208,220,5.0367787e-05
209,220,0.00042566098
210,220,0.00058712903
211,220,0.00031998195
212,220,0.00049914606
213,220,0.00018450059
214,220,
215,220,
216,220,0.00030430872
217,220,0.0005949624
218,220,0.00029307697
219,220,0.0006809337
220,220,0.00038445368
221,220,0.00053749885
222,220,0.00095090456
223,220,0.0006220527
224,220,0.00052923243
225,220,0.00042453595
226,220,-0.00033867825
227,220,0.0005483832
228,220,0.00031891
229,220,0.0003320556
230,220,0.00067971274
231,220,0.00091138575
232,220,0.0005811518
233,220,0.0001067305
234,220,0.00033898838
235,220,0.00017094146
236,220,0.00015754253
237,220,0.0005329391
238,220,0.00014115497
239,220,0.00020864792
240,220,0.00089292787
241,220,0.00026364997
242,220,0.0004133312
243,220,0.0003481349
244,220,0.00047463644
245,220,0.0003697928
246,220,0.000605504
247,220,0.0005376609
248,220,-2.4479814e-05
249,220,0.0006125597
250,220,7.158518e-05
251,220,0.0007671919
252,220,0.00028294884
253,220,0.0003940193
254,220,0.00045302883
255,220,0.0006644828
256,220,0.00025430508
257,220,0.0007408885
258,220,0.0004776083
259,220,0.0006580027
260,220,-4.1002408e-05
261,220,0.00049957726
262,220,-0.0003188057
263,220,0.0001763748
264,220,0.00067694206
265,220,-5.5314973e-05
266,220,0.00095774047
267,220,0.00071343035
268,220,-0.00013821013
269,220,0.00028898567
270,220,0.00023518503
271,220,0.00052438676
272,220,0.00033956766
273,220,0.00060136244
274,220,0.0004132418
275,220,0.00036320463
276,220,0.00015324913
277,220,0.0009458242
278,220,0.00040295906
279,220,0.0009491369
280,220,0.00052434485
281,220,0.0005004518
282,220,0.00073991343
283,220,0.00029245485
284,220,0.0004560817
285,220,0.0006008856
286,220,0.00035841484
287,220,0.00090570934
288,220,0.0004975982
289,220,0.0004601786
290,220,0.00044864137
291,220,0.00090416335
292,220,-2.427306e-05
293,220,0.00019662641
294,220,-4.343968e-05
295,220,0.0001642853
296,220,0.0006522415
297,220,0.00040614326
298,220,0.00036611408
299,220,0.00048341323
300,220,0.00030213315
301,220,0.00036387425
302,220,0.00046565942
303,220,0.00043672603
304,220,0.0006762501
305,220,0.00065339543
306,220,0.00026159827
307,220,0.00069181435
308,220,0.0005264357
309,220,0.0007031765
310,220,0.00075510796
311,220,0.0003848141
312,220,0.00061286427
313,220,0.0005718684
314,220,0.00028710347
315,220,0.0005858168
316,220,9.512529e-05
317,220,0.00043469388
318,220,0.0008918643
319,220,0.0006832825
320,220,0.00048303045
321,220,0.00070875976
322,220,0.0011380212
323,220,0.0005640434
324,220,0.00061241724
325,220,0.0007839063
326,220,0.00081898086
327,220,0.0009185206
328,220,0.00035922602
329,220,0.0004181685
330,220,0.00046198536
331,220,
332,220,
333,220,
334,220,0.00047084037
335,220,0.00079986453
336,220,0.00090713706
337,220,3.216602e-05
338,220,0.00036102347
339,220,0.00075853243
340,220,0.0006763935
341,220,0.0007729288
342,220,0.00060976483
343,220,0.00063759275
344,220,0.0007662121
345,220,0.00010044314
346,220,0.0008035647
347,220,0.0005651517
348,220,0.0011015665
349,220,0.00042746775
350,220,0.00030717347
351,220,0.00094887335
352,220,0.00021668803
353,220,0.00011248235
354,220,0.0003534807
355,220,0.00032757968
356,220,0.00010077655
357,220,0.0006015552
358,220,0.0005376395
359,220,0.00066490937
360,220,0.0004839236
361,220,0.0006698584
362,220,0.00060961023
363,220,0.00040105078
364,220,0.0002719257
365,220,0.0005470384
366,220,0.00029844232
367,220,0.0004956387
368,220,0.00046499446
369,220,0.00053306296
370,220,0.0007675197
371,220,0.0008442011
372,220,0.0008382378
373,220,0.0008386299
374,220,0.0005060667
375,220,0.00056628697
376,220,0.0005624434
377,220,0.00058181584
378,220,0.0006322088
379,220,0.0003788611
380,220,0.00050906744
381,220,0.00032346882
382,220,0.0010309536
383,220,0.00080039725
384,220,0.000842141
385,220,0.00047270022
386,220,0.0003931746
387,220,0.0006886367
388,220,0.0005549416
389,220,0.00060361624
390,220,0.0002414938
391,220,0.00064222515
392,220,0.00049989205
393,220,4.998222e-05
394,220,0.0003665341
395,220,0.00026142318
396,220,0.00055271573
397,220,0.00063627027
398,220,0.0005432358
399,220,0.0003391197
400,220,0.0003630696
401,220,0.00066570286
402,220,0.00096662063
403,220,0.00028841197
404,220,0.00039359555
405,220,0.00051158946
406,220,0.0003399048
407,220,0.00068894774
408,220,0.0001953654
409,220,0.00060993433
410,220,0.00044010952
411,220,0.0009175297
412,220,0.0007974375
413,220,0.00049714465
414,220,0.00041724928
415,220,0.0009731278
416,220,0.00024659932
417,220,0.0011562575
418,220,0.0006145509
419,220,6.5238215e-05
420,220,0.00044693332
421,220,0.0005451329
422,220,0.00032569095
423,220,0.00044027902
424,220,0.00029263925
425,220,0.00072175823
426,220,0.00039357413
427,220,0.00097293314
428,220,0.0007418962
429,220,0.00049739424
430,220,0.00076478906
431,220,0.0011974759
432,220,0.0010325322
433,220,0.0009625284
434,220,0.00036985707
435,220,-0.00034255255
436,220,0.00089095626
437,220,0.0005776584
438,220,0.00087586325
439,220,
440,220,0.0009661289
441,220,0.0004950138
442,220,0.0007968452
443,220,5.3328462e-05
444,220,0.00029286835
445,220,0.00044557825
446,220,0.0003867913
447,220,0.0003167987
448,220,0.0005644923
449,220,0.00020171143
450,220,0.00017824769
451,220,0.0003481144
452,220,0.00014423393
453,220,-0.0003131125
454,220,0.00034716167
455,220,0.0009058481
456,220,0.0005006818
457,220,0.00056553073
458,220,-4.4600107e-05
459,220,0.00072694384
460,220,0.0006843433
461,220,0.0007654717
462,220,0.0006730193
463,220,0.00064025074
464,220,0.00088854134
465,220,0.00025740638
466,220,0.0002286043
467,220,0.00028234813
468,220,0.0006973725
469,220,0.0007837014
470,220,-0.0002765879
471,220,0.00015066843
472,220,0.0007004412
473,220,0.00029608607
474,220,0.0005280003
475,220,0.00019824039
476,220,0.00014648587
477,220,0.0005773213
478,220,8.878019e-05
479,220,0.0006965641
480,220,0.00029347092
481,220,0.0005293563
482,220,0.0010144748
483,220,0.000592147
484,220,0.00021263957
485,220,0.00036520697
486,220,0.0008171899
487,220,0.0004240917
488,220,0.000531449
489,220,0.00050646905
490,220,0.00037091598
491,220,0.00045987312
492,220,0.00073872507
493,220,0.00017681718
494,220,0.0007201582
0,221,0.00075159315
1,221,0.0008578673
2,221,0.00072328094
3,221,0.0007965695
4,221,0.0008852314
5,221,0.0009353021
6,221,0.0007047858
7,221,0.000959415
8,221,0.0010058656
9,221,0.00096321106
10,221,0.0011641076
11,221,0.0012302641
12,221,0.000780656
13,221,0.0007199291
14,221,0.0009631198
15,221,0.0005945703
16,221,0.001129536
17,221,0.00066360366
18,221,0.00090954173
19,221,0.00096638594
20,221,-5.6400895e-06
21,221,0.00023133308
22,221,0.000562625
23,221,0.00020795781
24,221,0.00041344203
25,221,7.907115e-05
26,221,-0.00017587654
27,221,0.000612231
28,221,0.00060503744
29,221,0.0003657965
30,221,0.00021360908
31,221,0.00025104824
32,221,0.00047375076
33,221,0.00057669263
34,221,0.00064389594
35,221,0.0007619411
36,221,0.0009969631
37,221,0.00058248546
38,221,0.0005886704
39,221,0.00047307555
40,221,0.00062110834
41,221,0.0002986351
42,221,0.0011501927
43,221,0.0008166358
44,221,0.00053808
45,221,0.0007960778
46,221,0.00093515404
47,221,0.000855688
48,221,0.0009843558
49,221,0.0005241167
50,221,0.0007138364
51,221,0.00072346814
52,221,0.0007835701
53,221,0.0008171024
54,221,0.0006632954
55,221,0.001036033
56,221,0.0008797627
57,221,0.0007311329
58,221,-7.307157e-05
59,221,-4.879292e-05
60,221,0.0006084051
61,221,0.00017438177
62,221,0.00084800925
63,221,6.940495e-05
64,221,0.00054629333
65,221,0.0001424374
66,221,0.0007880246
67,221,0.00018494949
68,221,0.00066989847
69,221,-0.00029276684
70,221,0.00036555063
71,221,0.0007277224
72,221,0.00047279242
73,221,0.00044120383
74,221,0.0008628331
75,221,0.00038826466
76,221,0.00040259678
77,221,0.000111144036
78,221,0.0006555645
79,221,0.0001097545
80,221,0.0003757663
81,221,0.00058753137
82,221,0.00035424437
83,221,0.00055822916
84,221,0.0006940104
85,221,0.00048117805
86,221,6.3175336e-05
87,221,0.0009758072
88,221,0.0003881473
89,221,0.00082220696
90,221,0.0005750768
91,221,0.0004556449
92,221,0.0005833125
93,221,0.00027496833
94,221,0.00023001991
95,221,
96,221,
97,221,0.00055677816
98,221,0.0006524138
99,221,0.00032172538
100,221,0.00078650936
101,221,0.0012721503
102,221,0.00084900577
103,221,0.0010071816
104,221,0.0011889637
105,221,0.00076678395
106,221,0.0009229798
107,221,0.000905416
108,221,0.0010731779
109,221,0.0010477388
110,221,0.0008837469
111,221,0.0012134379
112,221,0.00084767584
113,221,0.00073202327
114,221,0.0009415727
115,221,0.0011010114
116,221,0.0007389132
117,221,0.0012482777
118,221,0.0012035863
119,221,0.0010874774
120,221,0.00058891065
121,221,0.0010305215
122,221,0.00078037195
123,221,0.0009211106
124,221,0.00075254217
125,221,0.0011311388
126,221,0.0006746305
127,221,0.00062984135
128,221,0.0005553793
129,221,0.00051348377
130,221,0.0008123182
131,221,0.00075893383
132,221,0.00042955205
133,221,0.00060962513
134,221,0.00069447234
135,221,0.00065811723
136,221,0.0005869856
137,221,0.00062216166
138,221,
139,221,
140,221,
141,221,
142,221,
143,221,
144,221,
145,221,
146,221,
147,221,
148,221,
149,221,
150,221,0.00015139021
151,221,0.0004959367
152,221,0.0006345883
153,221,0.0005703317
154,221,0.00050311163
155,221,0.0011312431
156,221,0.0006148303
157,221,0.0009375559
158,221,0.0008714292
159,221,0.00016372185
160,221,0.0006066775
161,221,0.00048994087
162,221,1.2821518e-05
163,221,0.0004102476
164,221,0.00011620764
165,221,0.00056681596
166,221,0.0006237803
167,221,0.0011270866
168,221,0.0005277656
169,221,0.00024291966
170,221,3.546197e-05
171,221,0.00040057302
172,221,0.00041420385
173,221,0.00026713032
174,221,0.00037732534
175,221,0.0006242143
176,221,0.00021007378
177,221,0.00089887343
178,221,0.0004267292
179,221,0.00046819448
180,221,0.0007328363
181,221,0.0004597623
182,221,6.105006e-05
183,221,5.1084906e-05
184,221,0.0005359724
185,221,0.0008766744
186,221,0.00035934336
187,221,0.0004981421
188,221,0.00036583468
189,221,0.000981017
190,221,0.00046343636
191,221,0.000495919
192,221,0.00013369787
193,221,0.00010265596
194,221,0.0009468412
195,221,0.0010700896
196,221,0.0006932374
197,221,0.00090840086
198,221,0.0011688368
199,221,-0.00010393001
200,221,0.0007742094
201,221,0.0006542336
202,221,0.0010915343
203,221,0.0005115401
204,221,0.0009636143
205,221,0.0005266592
206,221,0.0002950253
207,221,0.00026598666
208,221,0.00046888646
209,221,0.00090341363
210,221,0.00033789594
211,221,0.0005284315
212,221,0.00093284715
213,221,
214,221,
215,221,
216,221,
217,221,
218,221,0.00059459265
219,221,0.0006386684
220,221,0.000601463
221,221,0.00046037603
222,221,0.0005432777
223,221,0.00039385445
224,221,0.00046749413
225,221,0.00026374683
226,221,0.0005724868
227,221,0.0005723834
228,221,0.0005697757
229,221,0.00044562947
230,221,0.0007797647
231,221,0.0006117653
232,221,7.396098e-05
233,221,0.0001861304
234,221,0.00021096133
235,221,0.0005086763
236,221,0.00031160843
237,221,-7.3567964e-05
238,221,0.00068604294
239,221,0.0009558182
240,221,0.0005337931
241,221,0.00045741256
242,221,0.00076978095
243,221,0.0003990708
244,221,0.0004078783
245,221,0.00013224036
246,221,0.00039492827
247,221,0.0007260395
248,221,0.0005794689
249,221,0.0009396104
250,221,0.00035652146
251,221,-9.172596e-06
252,221,-4.160218e-06
253,221,0.00068253186
254,221,0.0005929824
255,221,0.00023772474
256,221,0.00049276184
257,221,0.0006091166
258,221,0.0010984577
259,221,1.5560538e-05
260,221,0.00049187057
261,221,0.0004814677
262,221,0.00065109134
263,221,0.000560577
264,221,0.0002712272
265,221,0.0006981157
266,221,6.811973e-05
267,221,0.00018474367
268,221,0.0007998906
269,221,-6.2175095e-05
270,221,-0.00021752901
271,221,0.00039122812
272,221,0.0002593007
273,221,0.00067764986
274,221,0.0004936652
275,221,0.0004837243
276,221,0.0009505162
277,221,0.00054150075
278,221,0.00053884555
279,221,0.00026744697
280,221,0.00013277773
281,221,0.00039640255
282,221,0.0011952771
283,221,0.00019255653
284,221,0.00060017407
285,221,0.0007178858
286,221,0.0005437443
287,221,0.00028001145
288,221,0.00089231133
289,221,0.0008043926
290,221,0.000945434
291,221,0.00010459311
292,221,0.0010063341
293,221,0.00073315017
294,221,0.000428183
295,221,0.00016042124
296,221,0.00029443763
297,221,0.0007025283
298,221,0.00022551976
299,221,0.00039576553
300,221,0.0003599003
301,221,0.0004727468
302,221,0.00045561232
303,221,2.7359463e-05
304,221,0.00094053056
305,221,0.0006422419
306,221,0.0009969538
307,221,0.0005343519
308,221,0.0003716508
309,221,0.00058316626
310,221,0.0005398141
311,221,0.00043622684
312,221,0.0010321541
313,221,4.463643e-05
314,221,0.0008332962
315,221,0.0006686151
316,221,-4.263688e-05
317,221,0.00046270248
318,221,0.0008617267
319,221,0.0007082494
320,221,0.0005216934
321,221,0.00088115316
322,221,0.00053648744
323,221,0.00092964806
324,221,0.0007053884
325,221,0.0007496821
326,221,0.00087282807
327,221,0.00062768627
328,221,
329,221,0.0010384312
330,221,0.00038877502
331,221,
332,221,-0.000106276944
333,221,0.0006525004
334,221,0.00031366292
335,221,0.00078259036
336,221,0.00062319916
337,221,0.00039473735
338,221,0.0007303031
339,221,0.0005986914
340,221,0.0011163997
341,221,0.0008710427
342,221,-2.4214387e-05
343,221,0.0004784176
344,221,0.00055683963
345,221,0.0009188084
346,221,0.00019789394
347,221,0.00034631696
348,221,0.00015838817
349,221,0.0006307028
350,221,0.00077781547
351,221,0.00034233276
352,221,0.00095489714
353,221,0.0002691932
354,221,0.0006871717
355,221,0.00087099057
356,221,0.00085606147
357,221,0.00074222777
358,221,0.0005990425
359,221,0.0006057462
360,221,0.0002072705
361,221,0.0007397318
362,221,-0.00027838163
363,221,0.0006354647
364,221,0.00046257675
365,221,0.0005987566
366,221,0.0007078508
367,221,0.00056781806
368,221,0.0002889419
369,221,0.00058318675
370,221,0.0008582389
371,221,0.000998144
372,221,0.0006863298
373,221,0.0008867439
374,221,0.0008416632
375,221,0.00031068362
376,221,0.00032703672
377,221,0.00021942984
378,221,-9.858888e-05
379,221,0.00074468646
380,221,-0.00020950288
381,221,0.00011658296
382,221,0.00071414
383,221,0.00056542456
384,221,0.00064227637
385,221,0.0003701318
386,221,0.0007768767
387,221,0.00033424143
388,221,0.0005381424
389,221,0.00042871665
390,221,0.000401441
391,221,0.0008603297
392,221,0.0003487058
393,221,0.00024332851
394,221,0.00063055754
395,221,0.00044076703
396,221,6.654393e-05
397,221,0.0010576528
398,221,0.00041440688
399,221,0.00076779723
400,221,0.00035971496
401,221,0.00023238361
402,221,0.0005791001
403,221,0.0004965393
404,221,0.0007007709
405,221,0.00047904067
406,221,0.0005091252
407,221,0.00019546412
408,221,0.00057334267
409,221,0.0009401338
410,221,0.00047670305
411,221,0.00077172276
412,221,0.0009638285
413,221,0.00026702788
414,221,0.00088789966
415,221,0.00018969178
416,221,0.0002796175
417,221,0.00058128405
418,221,0.0006699264
419,221,0.00082578417
420,221,0.00057305396
421,221,0.0005583316
422,221,0.00029763486
423,221,0.0007678736
424,221,0.0005999794
425,221,0.00063035917
426,221,0.0007594144
427,221,0.0009739846
428,221,0.00038838852
429,221,
430,221,0.00036756508
431,221,0.00036882889
432,221,0.00033482164
433,221,0.00037850067
434,221,2.554059e-05
435,221,0.0009365082
436,221,0.00033012312
437,221,5.522184e-05
438,221,-6.52289e-05
439,221,
440,221,
441,221,0.00052134227
442,221,-0.0001456691
443,221,-5.234219e-05
444,221,0.0007594498
445,221,0.00023836829
446,221,0.0007928014
447,221,0.00041469093
448,221,-1.301337e-05
449,221,0.00020558946
450,221,9.573903e-05
451,221,0.00072014425
452,221,0.00060028676
453,221,0.0004092818
454,221,0.0007967511
455,221,0.0006109709
456,221,1.0678545e-05
457,221,0.00058080535
458,221,0.00030856952
459,221,0.0003734203
460,221,0.0010100584
461,221,0.0008481126
462,221,0.0007381663
463,221,0.00055166706
464,221,7.253233e-05
465,221,0.000554326
466,221,6.8562105e-05
467,221,0.00064749643
468,221,0.0004228875
469,221,0.000101165846
470,221,0.00080165826
471,221,0.00077706575
472,221,0.00034479145
473,221,0.00031452905
474,221,0.00060182996
475,221,0.00058517326
476,221,0.00047628954
477,221,0.00023853593
478,221,0.00036550127
479,221,0.00016219262
480,221,0.00043400005
481,221,0.00097630266
482,221,0.0004763091
483,221,0.0010154601
484,221,0.0003247317
485,221,0.000537565
486,221,0.0004955083
487,221,-1.0111369e-05
488,221,0.0008917479
489,221,0.0004621558
490,221,0.0005020704
491,221,0.00049699657
492,221,0.00089870766
493,221,7.22548e-05
494,221,0.00043570064
0,222,0.00094049424
1,222,0.0011500092
2,222,0.0007594442
3,222,0.00082098506
4,222,0.00125142
5,222,0.00066143647
6,222,0.00066765957
7,222,0.0008426113
8,222,0.0006667292
9,222,0.0013816375
10,222,0.00091153383
11,222,0.00061110687
12,222,0.00089730136
13,222,0.00033103582
14,222,0.00081925467
15,222,0.0008726828
16,222,0.0004532067
17,222,0.00047804043
18,222,0.0005298378
19,222,6.5257773e-06
20,222,0.0005764272
21,222,0.00088945124
22,222,0.00073068123
23,222,0.00041041058
24,222,0.00039171055
25,222,0.00033841655
26,222,0.00010939501
27,222,0.0006856704
28,222,0.0005622646
29,222,0.00043287035
30,222,0.00064327195
31,222,0.0005513085
32,222,0.0006515626
33,222,0.00017524138
34,222,0.0006670933
35,222,0.00028186943
36,222,0.0006368719
37,222,0.0003991872
38,222,-0.00011685863
39,222,0.0007141363
40,222,0.00091710594
41,222,0.0007249592
42,222,0.0011177463
43,222,0.0004235413
44,222,0.00049798656
45,222,0.00075418875
46,222,0.00090804324
47,222,0.00061995815
48,222,0.0010103881
49,222,0.0009140372
50,222,0.0010306463
51,222,0.0010385504
52,222,0.0012787879
53,222,0.0009694025
54,222,0.0009706877
55,222,0.0009490736
56,222,0.0013555624
57,222,0.0010680072
58,222,0.00088591594
59,222,0.00049074553
60,222,-1.1141412e-05
61,222,0.00028864574
62,222,0.00033337343
63,222,0.00050497614
64,222,-4.2202882e-05
65,222,0.0003958363
66,222,0.0002002595
67,222,0.00056668743
68,222,0.0007243091
69,222,6.175414e-05
70,222,0.000578301
71,222,0.00035735406
72,222,0.00052298047
73,222,0.0006218646
74,222,0.000482372
75,222,0.0001787832
76,222,0.00037139654
77,222,0.0001900075
78,222,0.0007433556
79,222,0.00071723014
80,222,0.00071503967
81,222,0.00032836106
82,222,0.0002587922
83,222,0.00056701433
84,222,0.00035751052
85,222,0.00096166134
86,222,0.0005603675
87,222,0.00045554154
88,222,0.0007272884
89,222,0.0002517281
90,222,0.0004287539
91,222,0.00060905516
92,222,-0.000110157765
93,222,0.00046564545
94,222,
95,222,0.0006870022
96,222,0.0005718153
97,222,
98,222,0.0008311607
99,222,0.0003572693
100,222,0.00011539459
101,222,0.0010558171
102,222,0.00075433124
103,222,0.0008112099
104,222,0.0010067737
105,222,0.000843443
106,222,0.0008535795
107,222,0.0009165518
108,222,0.0006891871
109,222,0.0009380989
110,222,0.0012815036
111,222,0.0011181515
112,222,0.0007807892
113,222,0.0006469125
114,222,0.0011324938
115,222,0.0008460013
116,222,0.000975145
117,222,0.00068472046
118,222,0.0012079403
119,222,0.0012440905
120,222,0.00088932645
121,222,0.0012185983
122,222,0.00060255453
123,222,0.00073158834
124,222,0.0006323382
125,222,0.0005748132
126,222,0.00082847197
127,222,0.0007431125
128,222,0.0007844828
129,222,0.00081205927
130,222,0.0010413453
131,222,0.0008346131
132,222,0.0007266011
133,222,0.0009108158
134,222,0.0005005915
135,222,0.0008625081
136,222,0.00041497592
137,222,0.000553675
138,222,0.0008368911
139,222,
140,222,
141,222,
142,222,
143,222,
144,222,
145,222,
146,222,
147,222,
148,222,
149,222,
150,222,
151,222,0.0007912442
152,222,0.00050061755
153,222,0.00046705268
154,222,0.0006935671
155,222,0.0010825591
156,222,0.0007487014
157,222,0.0004292531
158,222,0.00085465424
159,222,0.00061972253
160,222,0.00068680476
161,222,0.0004543187
162,222,0.00035607908
163,222,0.0007185945
164,222,0.00066172704
165,222,8.47131e-05
166,222,0.00046701264
167,222,0.00059983134
168,222,2.4285167e-05
169,222,0.0005554622
170,222,0.00015311316
171,222,0.0002672039
172,222,0.00031576585
173,222,0.00042742118
174,222,0.00020118151
175,222,0.00029970054
176,222,0.000107023865
177,222,0.00022452883
178,222,0.00029203668
179,222,0.0004300559
180,222,-0.0001387354
181,222,0.0007497063
182,222,0.0011025704
183,222,0.00032916386
184,222,0.00019140262
185,222,0.0010313848
186,222,0.00034972467
187,222,0.0003235992
188,222,0.00032677315
189,222,0.00014596712
190,222,0.0002640048
191,222,0.0007049544
192,222,0.000540114
193,222,0.00033921376
194,222,0.00014004018
195,222,0.0011036284
196,222,8.5383654e-05
197,222,0.00075822975
198,222,0.0007460052
199,222,0.00037991907
200,222,0.00045533106
201,222,0.00050577056
202,222,0.0003672894
203,222,0.00020773243
204,222,0.0009129029
205,222,0.00075208023
206,222,0.0011548335
207,222,-1.9690953e-05
208,222,0.0006442545
209,222,0.00039735623
210,222,0.00045240764
211,222,-0.00013329554
212,222,0.00078818295
213,222,0.0003520269
214,222,
215,222,0.0006952416
216,222,0.0006470131
217,222,
218,222,
219,222,0.00086930115
220,222,0.00044507906
221,222,0.00039552804
222,222,0.00059206784
223,222,0.00071145874
224,222,0.0007316936
225,222,0.00018730666
226,222,0.0003334172
227,222,0.00013215281
228,222,0.0006489828
229,222,6.758422e-05
230,222,0.000188509
231,222,0.00020340364
232,222,0.00051495805
233,222,0.00030691363
234,222,0.0002468191
235,222,-2.5453046e-06
236,222,0.00036761258
237,222,0.0002978891
238,222,0.000794285
239,222,0.00026016124
240,222,0.00049371365
241,222,0.00013270415
242,222,0.00053991564
243,222,0.0006115809
244,222,0.0002905568
245,222,0.0010247827
246,222,0.00060020015
247,222,0.0004180018
248,222,0.00038092397
249,222,0.00022454001
250,222,0.00056395214
251,222,0.00083986577
252,222,0.00048102066
253,222,0.00014086254
254,222,-4.9499795e-06
255,222,0.0009891158
256,222,0.00046087336
257,222,-4.09754e-05
258,222,0.00052863173
259,222,0.000118277036
260,222,0.0004459601
261,222,-0.00016881619
262,222,7.81687e-05
263,222,0.00047531445
264,222,0.0009481348
265,222,0.0005298853
266,222,0.00017177686
267,222,0.0007969681
268,222,0.00011394173
269,222,0.00024491083
270,222,0.0008235853
271,222,0.00066764466
272,222,0.0005768677
273,222,0.0005077552
274,222,0.0007044086
275,222,0.00026080385
276,222,0.0008106455
277,222,0.0001635477
278,222,0.0010911133
279,222,0.0010548225
280,222,0.0005048886
281,222,0.00028936286
282,222,0.0007115621
283,222,0.0002605524
284,222,0.0008250745
285,222,0.00046287477
286,222,-2.2339635e-05
287,222,0.00085271057
288,222,0.00020540413
289,222,0.0005307412
290,222,0.0005438272
291,222,6.3365325e-05
292,222,0.0008684434
293,222,0.0007112734
294,222,0.0005020285
295,222,0.00067780353
296,222,0.0010457598
297,222,0.00096325297
298,222,0.00061108824
299,222,0.0012654448
300,222,0.00050485414
301,222,0.00085223094
302,222,0.0005281847
303,222,0.00041015912
304,222,0.00070966594
305,222,0.00038749538
306,222,0.000935873
307,222,0.0006140331
308,222,0.00038271863
309,222,0.0010008244
310,222,0.00037695188
311,222,0.00073769316
312,222,0.0009258287
313,222,0.00052946806
314,222,0.0008166395
315,222,0.00043623615
316,222,
317,222,0.00028656702
318,222,0.000668318
319,222,0.000655951
320,222,0.00044656266
321,222,0.00071798544
322,222,0.0007509282
323,222,0.00024848897
324,222,0.00037119724
325,222,0.0010796562
326,222,0.0007989658
327,222,0.0008921977
328,222,0.00013857428
329,222,
330,222,
331,222,0.0006000744
332,222,0.00037348364
333,222,0.0007043481
334,222,0.00048793294
335,222,0.00093128625
336,222,0.0004320573
337,222,0.001000083
338,222,0.0004814202
339,222,0.00051079877
340,222,0.0008562468
341,222,0.00039014127
342,222,0.00075513497
343,222,0.00053625926
344,222,0.00035544485
345,222,0.0004602056
346,222,0.00020684674
347,222,0.0013920227
348,222,0.0003640363
349,222,0.0007599667
350,222,0.000653198
351,222,0.0010826485
352,222,0.00029187836
353,222,0.0007694401
354,222,0.00046565384
355,222,0.00079691503
356,222,0.0005888203
357,222,0.00010496564
358,222,0.00018169731
359,222,0.0009822408
360,222,0.0008669328
361,222,-1.3370067e-05
362,222,0.00058869086
363,222,0.00018412154
364,222,0.0003865119
365,222,0.0008160947
366,222,0.00038314145
367,222,0.0004611509
368,222,0.0005718563
369,222,0.0003691269
370,222,0.000774337
371,222,0.00059509557
372,222,0.00050298404
373,222,0.00029407442
374,222,0.00063708704
375,222,0.00046539865
376,222,0.00050657336
377,222,0.00086612906
378,222,0.00069883093
379,222,0.0006026039
380,222,9.348616e-06
381,222,0.00060196593
382,222,2.5862828e-05
383,222,0.0009926576
384,222,0.0003086524
385,222,0.0006499225
386,222,0.0010186508
387,222,0.000821352
388,222,4.0099025e-05
389,222,0.00058254134
390,222,0.000532683
391,222,0.00046409573
392,222,0.00033374783
393,222,0.0003495477
394,222,0.0009417832
395,222,0.0007576067
396,222,0.00059462525
397,222,0.00071725063
398,222,0.0008846754
399,222,0.00091622584
400,222,0.00034117233
401,222,0.00029074028
402,222,0.0007192511
403,222,0.00033936463
404,222,0.00037380587
405,222,0.00078190677
406,222,0.00046531018
407,222,0.00048769638
408,222,0.0003119316
409,222,0.00014057755
410,222,0.00032587722
411,222,0.0003790632
412,222,0.00049368665
413,222,0.00051924214
414,222,0.00034466013
415,222,0.00021781959
416,222,0.00047338847
417,222,0.00084684324
418,222,0.00045449566
419,222,0.000102996826
420,222,0.0007986706
421,222,0.00031614862
422,222,0.00025924295
423,222,0.0008158423
424,222,0.0004629232
425,222,0.0009085182
426,222,0.0009866329
427,222,0.00035854615
428,222,-0.00016631745
429,222,0.0007828949
430,222,
431,222,0.0008316431
432,222,0.00017864536
433,222,0.0003965171
434,222,0.0006079301
435,222,0.0004290687
436,222,
437,222,0.0008900417
438,222,
439,222,
440,222,0.00078231096
441,222,0.0010311762
442,222,0.00039074104
443,222,0.0001848638
444,222,0.0005758358
445,222,0.00038869772
446,222,0.00023386627
447,222,0.00017551053
448,222,0.00048412383
449,222,0.0007651914
450,222,0.00020487048
451,222,0.0006522415
452,222,0.0005891947
453,222,0.00014047977
454,222,0.00038559176
455,222,0.0006665569
456,222,0.00031777285
457,222,0.00051958114
458,222,0.00037139747
459,222,0.0010562968
460,222,0.00045950897
461,222,-1.5225261e-05
462,222,0.0006789323
463,222,0.000584933
464,222,0.00036106352
465,222,0.00066716876
466,222,0.00077932514
467,222,0.0005158102
468,222,0.00045752153
469,222,0.000441432
470,222,0.0005335873
471,222,0.0002209302
472,222,0.00053566974
473,222,0.00047975592
474,222,-0.00010318309
475,222,0.0009011859
476,222,0.0007162867
477,222,0.00062197726
478,222,0.00012377556
479,222,0.000741411
480,222,0.00044901017
481,222,0.000757982
482,222,0.000688971
483,222,0.0012368355
484,222,0.0007097116
485,222,0.00012213364
486,222,0.0006115008
487,222,0.0008743284
488,222,0.0006301496
489,222,0.00032589026
490,222,0.00097161625
491,222,0.0008777948
492,222,0.00045900606
493,222,0.00065630954
494,222,0.00022328459
0,223,0.0008526817
1,223,0.0006738752
2,223,0.0008583311
3,223,0.0008858079
4,223,0.0010113912
5,223,0.0006062044
6,223,0.0008922536
7,223,0.00069098454
8,223,0.00074035674
9,223,0.0010173786
10,223,0.0013588779
11,223,0.00092515536
12,223,0.0008820556
13,223,0.00056803506
14,223,0.0009609889
15,223,0.00087739434
16,223,0.00047206134
17,223,0.0008286927
18,223,0.00054954085
19,223,0.00058358535
20,223,0.00025080144
21,223,-0.0004872363
22,223,0.00038522668
23,223,0.00018296205
24,223,0.00027386472
25,223,-9.24496e-05
26,223,-9.461213e-05
27,223,0.0005547665
28,223,0.00045594573
29,223,0.00032822322
30,223,0.00046471693
31,223,0.0006216727
32,223,0.00044274796
33,223,0.0006941967
34,223,0.00062700175
35,223,0.00029809028
36,223,0.0006216988
37,223,0.0006294111
38,223,0.0004790807
39,223,0.00036999397
40,223,0.00075898506
41,223,0.00058241375
42,223,0.00014461763
43,223,0.00047403574
44,223,0.00039949454
45,223,0.00059524924
46,223,0.001405864
47,223,0.0007610731
48,223,0.001093911
49,223,0.0010951357
50,223,0.0009669252
51,223,0.0011534542
52,223,0.0011203568
53,223,0.001264004
54,223,0.00096943416
55,223,0.0010174951
56,223,0.0009398367
57,223,0.0011003418
58,223,0.001026676
59,223,0.00077810325
60,223,0.00027038157
61,223,0.0003442783
62,223,0.00017026812
63,223,0.00028447062
64,223,0.0007378934
65,223,0.0005137753
66,223,0.00020095147
67,223,-0.00015845336
68,223,6.035436e-05
69,223,4.0118583e-05
70,223,0.00059932563
71,223,0.00023213215
72,223,0.00089678075
73,223,0.0004915958
74,223,0.000653442
75,223,0.00033730455
76,223,0.00038791168
77,223,0.00028862432
78,223,0.00040911883
79,223,0.00094215386
80,223,0.0005526012
81,223,0.0002895696
82,223,0.00039005373
83,223,0.0007582158
84,223,0.00036076363
85,223,0.0006012516
86,223,0.00055896584
87,223,0.0011163373
88,223,0.00096390955
89,223,0.0005997699
90,223,0.00088264514
91,223,0.00050505064
92,223,0.0006591184
93,223,0.00039022136
94,223,
95,223,0.00079025887
96,223,0.0004603574
97,223,0.00059644505
98,223,0.00025888067
99,223,0.00042525772
100,223,0.00035238173
101,223,0.0008582864
102,223,0.0011906456
103,223,0.0007584058
104,223,0.001075604
105,223,0.001095511
106,223,0.0008738488
107,223,0.0011020359
108,223,0.00075627957
109,223,0.0011337101
110,223,0.0013643801
111,223,0.00071212277
112,223,0.00076244865
113,223,0.000917227
114,223,0.00070956256
115,223,0.0007250756
116,223,0.0012079282
117,223,0.0008982932
118,223,0.0010675453
119,223,0.00083728787
120,223,0.0011196453
121,223,0.0008248342
122,223,0.0010597315
123,223,0.00076129567
124,223,0.001126619
125,223,0.0005714437
126,223,0.00055836607
127,223,0.0007896051
128,223,0.0005421778
129,223,0.0007509077
130,223,0.000655137
131,223,0.0003929874
132,223,0.000950234
133,223,0.0004799273
134,223,0.0005539041
135,223,0.0007324163
136,223,0.00038628932
137,223,0.00017323345
138,223,0.00054299086
139,223,0.00063564815
140,223,0.00032313168
141,223,
142,223,
143,223,0.00047861226
144,223,
145,223,
146,223,
147,223,
148,223,
149,223,
150,223,
151,223,0.00067537185
152,223,0.0007487526
153,223,0.00072989706
154,223,0.00037368387
155,223,-1.6842037e-05
156,223,0.0008421801
157,223,0.00037503894
158,223,0.0006761234
159,223,9.507127e-05
160,223,0.00066497456
161,223,0.000490454
162,223,0.00017447025
163,223,0.00052248966
164,223,0.0001497455
165,223,0.0006227894
166,223,-0.00012666546
167,223,0.0008187648
168,223,0.0005365871
169,223,0.00042547286
170,223,0.00030787848
171,223,0.0004970338
172,223,0.0006496003
173,223,0.0002182275
174,223,0.00048777927
175,223,0.00042338762
176,223,0.0005421918
177,223,0.0003421856
178,223,0.0005718004
179,223,0.0002196338
180,223,0.00021161791
181,223,0.00052746944
182,223,0.0005509071
183,223,0.0006546434
184,223,0.00065583363
185,223,0.0006499719
186,223,-0.000163069
187,223,0.00047699548
188,223,0.0004573008
189,223,0.0007393528
190,223,0.0008870559
191,223,0.0006982861
192,223,0.0003391849
193,223,0.000121669844
194,223,0.0007936219
195,223,0.0006624572
196,223,0.0002981322
197,223,0.00071067456
198,223,0.00035340153
199,223,0.00027257856
200,223,0.0005267309
201,223,0.0003954172
202,223,0.00046120677
203,223,0.00010905322
204,223,0.00045412965
205,223,0.0005428754
206,223,0.00016632304
207,223,0.00027036667
208,223,0.0006903121
209,223,0.00091319345
210,223,-5.0133094e-05
211,223,0.0005993154
212,223,7.7998266e-05
213,223,0.0009631496
214,223,0.00045047514
215,223,0.00034028292
216,223,0.0006420482
217,223,0.00054648705
218,223,
219,223,0.00056617893
220,223,0.00043512136
221,223,0.00042605586
222,223,0.00023335405
223,223,0.0006519528
224,223,0.0008272799
225,223,0.0001650909
226,223,0.00021358486
227,223,0.00049690343
228,223,0.00059737265
229,223,-0.00012560375
230,223,-0.00016600732
231,223,0.00020934269
232,223,0.0001684865
233,223,0.00018512178
234,223,0.00023261271
235,223,-0.0003137216
236,223,0.0003851708
237,223,5.690474e-05
238,223,0.0007470986
239,223,-5.2230433e-05
240,223,-8.86973e-05
241,223,0.00040148292
242,223,0.0001829844
243,223,0.00071940385
244,223,0.00032809377
245,223,0.00050080847
246,223,0.0011376813
247,223,0.000607267
248,223,0.0005965093
249,223,-0.00011002924
250,223,0.00028265826
251,223,0.00017464161
252,223,0.0004881071
253,223,0.00028723013
254,223,0.00025600288
255,223,0.000767746
256,223,0.0005194843
257,223,-8.4433705e-05
258,223,9.8390505e-05
259,223,9.1539696e-05
260,223,0.00019505061
261,223,9.328313e-05
262,223,-0.00038982183
263,223,0.0006721653
264,223,4.4717453e-05
265,223,-9.331666e-05
266,223,0.00081448816
267,223,0.0006518159
268,223,0.00014673639
269,223,0.0005849125
270,223,0.00022209529
271,223,0.00061438326
272,223,0.0006487211
273,223,0.0004031537
274,223,0.00076224655
275,223,0.0007693786
276,223,0.00058390666
277,223,0.00094277784
278,223,0.00027676858
279,223,0.00057230145
280,223,7.467531e-05
281,223,0.001110902
282,223,0.00078787
283,223,0.0005924022
284,223,0.0005307747
285,223,0.0008479534
286,223,0.0002412647
287,223,0.0003688624
288,223,0.0006185919
289,223,0.0004286375
290,223,0.00045476016
291,223,0.0005185474
292,223,0.0007974198
293,223,9.8072924e-05
294,223,0.0005725203
295,223,0.0008274475
296,223,0.000420738
297,223,8.3040446e-05
298,223,0.00037918054
299,223,0.00028024614
300,223,0.00066699274
301,223,0.0006175814
302,223,0.0009282287
303,223,0.00077483617
304,223,0.0005284529
305,223,0.00071178377
306,223,0.0011572568
307,223,2.039224e-05
308,223,0.00040418468
309,223,0.0005746158
310,223,0.00070358627
311,223,0.00019958708
312,223,0.00058839284
313,223,0.001055507
314,223,0.0005093906
315,223,0.0001922492
316,223,
317,223,0.00046788063
318,223,0.00044552982
319,223,0.0007339055
320,223,0.00074897613
321,223,0.00056173466
322,223,0.0010896139
323,223,0.0002898723
324,223,0.0009137336
325,223,0.00015537255
326,223,0.00032703113
327,223,0.001019014
328,223,
329,223,
330,223,
331,223,-8.484349e-06
332,223,0.00084754266
333,223,0.00071542524
334,223,0.00060598925
335,223,0.00018804148
336,223,0.0004589986
337,223,0.0007866295
338,223,3.3055432e-05
339,223,0.00025728997
340,223,0.00070826523
341,223,0.00049594976
342,223,0.0006577233
343,223,0.00038086157
344,223,0.0004100632
345,223,0.00020302832
346,223,0.00020303205
347,223,0.00039911177
348,223,0.00065446086
349,223,0.00047872774
350,223,0.0010756813
351,223,0.00079670176
352,223,0.0011451775
353,223,0.0005651098
354,223,0.00014899857
355,223,0.0010535792
356,223,0.00022901408
357,223,0.0005902853
358,223,-1.7719343e-05
359,223,0.00040633604
360,223,0.0005376702
361,223,0.00040426943
362,223,0.00050986
363,223,9.926222e-05
364,223,0.0009157676
365,223,0.0004399987
366,223,0.00065902155
367,223,0.0007820083
368,223,8.92207e-07
369,223,0.0010797372
370,223,0.000524316
371,223,0.0006888993
372,223,0.00030455925
373,223,0.0007343758
374,223,0.0003205398
375,223,0.00040809903
376,223,0.00041036308
377,223,0.00059926324
378,223,0.0002406463
379,223,0.0010820003
380,223,0.0011774916
381,223,0.0003402382
382,223,0.0005730614
383,223,0.00061375555
384,223,0.0005167918
385,223,0.000713137
386,223,0.0008118786
387,223,0.0004319055
388,223,0.00024854206
389,223,0.00038956385
390,223,0.00036731176
391,223,0.00074835215
392,223,0.0011313073
393,223,0.0011628065
394,223,0.0007311264
395,223,0.00060170144
396,223,0.000721978
397,223,0.0005116062
398,223,0.00087151956
399,223,0.00059763156
400,223,0.0007039113
401,223,0.00096440874
402,223,0.00027830712
403,223,0.00080146175
404,223,0.0007118797
405,223,0.0005753599
406,223,0.00062084384
407,223,0.0003068801
408,223,0.000518634
409,223,0.00018193759
410,223,0.00049771555
411,223,0.0007378217
412,223,0.0005141711
413,223,0.00065340754
414,223,0.00017845072
415,223,8.054264e-05
416,223,0.00040805992
417,223,0.0007491559
418,223,0.0006721094
419,223,0.0006472664
420,223,-1.9031577e-05
421,223,0.00035045762
422,223,0.00014723279
423,223,0.00085254945
424,223,0.00042823702
425,223,0.0007442916
426,223,0.0010552676
427,223,0.0010868944
428,223,0.00065739825
429,223,0.0006845137
430,223,8.333195e-05
431,223,
432,223,
433,223,0.00052422006
434,223,0.00033725053
435,223,0.0003254423
436,223,2.2030436e-05
437,223,
438,223,
439,223,
440,223,0.00018374529
441,223,-0.00011647772
442,223,9.5251016e-05
443,223,0.0005632546
444,223,4.8810616e-06
445,223,0.0003142152
446,223,0.0005617291
447,223,0.00031213276
448,223,0.0006471183
449,223,0.00018438604
450,223,0.0003002556
451,223,0.0006715981
452,223,0.00049199443
453,223,0.0002559442
454,223,9.2883594e-05
455,223,0.00050916616
456,223,0.00013432465
457,223,0.00081607513
458,223,0.00060031936
459,223,0.00044613332
460,223,0.001094196
461,223,0.0007094145
462,223,0.00068496726
463,223,0.0005401224
464,223,0.00036770664
465,223,0.0007620007
466,223,0.0002478445
467,223,0.00036235433
468,223,0.00042448472
469,223,0.0003212532
470,223,0.00082293246
471,223,0.0003157789
472,223,0.00036737695
473,223,7.2225e-05
474,223,0.00023328513
475,223,0.00030281767
476,223,0.00061176997
477,223,0.00015538651
478,223,0.0005308185
479,223,0.0003132224
480,223,0.00031901337
481,223,0.0007896386
482,223,0.00046310015
483,223,0.0006978512
484,223,0.0006379904
485,223,0.0006336747
486,223,0.0004072208
487,223,0.00015728828
488,223,0.0002587689
489,223,0.0008133203
490,223,0.0006128559
491,223,8.4836036e-05
492,223,0.00040386058
493,223,0.0004596291
494,223,0.0006474154
0,224,0.0009908061
1,224,0.00078621414
2,224,0.0006649615
3,224,0.0010226863
4,224,0.00066192076
5,224,0.00079319533
6,224,0.00054830033
7,224,0.000997982
8,224,0.0008915663
9,224,0.00096132513
10,224,0.0010730345
11,224,0.0010881415
12,224,0.00079401396
13,224,0.00080069527
14,224,0.0008979691
15,224,0.0010343036
16,224,0.00035510212
17,224,0.000502998
18,224,0.0007463051
19,224,0.0005503213
20,224,0.00018402282
21,224,0.0007338859
22,224,0.00015557557
23,224,0.00020505395
24,224,0.00013933983
25,224,0.00032293145
26,224,0.0006206529
27,224,0.0010103192
28,224,0.00049959775
29,224,0.00037795026
30,224,0.00082981307
31,224,-4.0471554e-05
32,224,0.00029626023
33,224,0.0004933812
34,224,0.0001781322
35,224,0.000340024
36,224,0.0006440971
37,224,0.000724392
38,224,0.00048670825
39,224,0.00044919364
40,224,0.0004465636
41,224,0.0007982785
42,224,0.0007879641
43,224,0.0004153503
44,224,0.0010852143
45,224,0.00093753356
46,224,0.0010750489
47,224,0.0009972434
48,224,0.0011711475
49,224,0.0011106553
50,224,0.0009792158
51,224,0.0010767989
52,224,0.0012089806
53,224,0.0008176109
54,224,0.0010289159
55,224,0.0011026394
56,224,0.001066858
57,224,0.0010241298
58,224,0.000894065
59,224,0.00064822845
60,224,0.00058692694
61,224,0.00027223304
62,224,6.808154e-05
63,224,0.00059273373
64,224,0.00043887924
65,224,0.00042405352
66,224,0.00035865325
67,224,0.0003908137
68,224,0.00023349747
69,224,0.00071186107
70,224,0.00046117604
71,224,0.00039864518
72,224,0.00036376622
73,224,-9.6946955e-05
74,224,0.00047880225
75,224,0.0005538417
76,224,0.00061926246
77,224,0.00042333268
78,224,0.00048668962
79,224,0.00037501194
80,224,0.0003434522
81,224,0.0006725276
82,224,0.0002770992
83,224,0.00076023024
84,224,0.00067708455
85,224,0.00045602582
86,224,0.00027590245
87,224,2.732873e-05
88,224,0.00077386014
89,224,0.0012552598
90,224,0.00057085324
91,224,0.0007124059
92,224,0.0004198579
93,224,-3.5762787e-05
94,224,
95,224,0.00059092604
96,224,0.000729572
97,224,0.0007943213
98,224,0.00046308246
99,224,0.0006231591
100,224,0.00013865717
101,224,0.00080715213
102,224,0.0008954108
103,224,0.0009891447
104,224,0.0011780597
105,224,0.00069536734
106,224,0.0008894624
107,224,0.0008483548
108,224,0.0012811869
109,224,0.00074795075
110,224,0.0008162018
111,224,0.0009453129
112,224,0.0012411363
113,224,0.0009235656
114,224,0.0006053122
115,224,0.0013059359
116,224,0.0005742917
117,224,0.0009161951
118,224,0.0009809481
119,224,0.0010505095
120,224,0.00080622174
121,224,0.0008087205
122,224,0.00083564594
123,224,0.00074381754
124,224,0.0007304279
125,224,0.0006678272
126,224,0.0011416795
127,224,0.0008482039
128,224,0.0006646123
129,224,0.00089570135
130,224,0.0007706089
131,224,0.0007443167
132,224,0.00058342144
133,224,0.0005578939
134,224,0.00061265007
135,224,0.000625629
136,224,0.00073401164
137,224,0.00018183514
138,224,0.00027944986
139,224,0.0004259497
140,224,0.0006191889
141,224,0.00036385097
142,224,0.0006199479
143,224,
144,224,
145,224,
146,224,
147,224,
148,224,
149,224,
150,224,
151,224,0.00072612055
152,224,0.00020992663
153,224,0.0009798957
154,224,0.00032064226
155,224,0.0007463768
156,224,0.0006541405
157,224,0.0012377836
158,224,0.0005494291
159,224,0.0010000756
160,224,5.1592477e-05
161,224,1.9455329e-06
162,224,0.0006422205
163,224,0.0007287236
164,224,0.00092213415
165,224,-0.00021280535
166,224,0.00026386324
167,224,0.00072906725
168,224,0.0003104452
169,224,0.00066873804
170,224,0.00093251746
171,224,0.0006252248
172,224,0.0007296158
173,224,0.0004945621
174,224,0.00029434077
175,224,0.00077718124
176,224,0.00019290205
177,224,0.00035864674
178,224,7.411651e-05
179,224,0.00076059997
180,224,0.00019424874
181,224,0.0004309239
182,224,0.0003043115
183,224,0.00040902942
184,224,0.0010790434
185,224,0.00026791822
186,224,2.4726614e-05
187,224,0.0006639743
188,224,0.00079355855
189,224,0.00023605861
190,224,0.0002492061
191,224,0.00037141424
192,224,0.0010100584
193,224,0.00048164465
194,224,0.00026041362
195,224,0.0006409455
196,224,0.0005662581
197,224,0.0007123817
198,224,0.00055366755
199,224,0.00046405662
200,224,0.00065460615
201,224,0.0004827762
202,224,0.0007327851
203,224,0.00049347524
204,224,0.0006062556
205,224,0.00032597966
206,224,0.0007252423
207,224,0.00068406016
208,224,0.00023448095
209,224,0.00044065062
210,224,0.0013471032
211,224,0.0008801883
212,224,0.00074880756
213,224,0.00032017287
214,224,0.0010585375
215,224,0.0003529396
216,224,0.00033077784
217,224,0.00028196909
218,224,
219,224,0.0003995737
220,224,0.0006296346
221,224,0.00071148854
222,224,0.0003175214
223,224,0.00025785062
224,224,0.00063307583
225,224,0.0004913192
226,224,0.00012051221
227,224,0.0002920488
228,224,0.0009446284
229,224,0.00087003596
230,224,0.0003121514
231,224,0.0004575234
232,224,0.0003507724
233,224,0.0005012769
234,224,0.00057865866
235,224,0.00040923245
236,224,0.0009277025
237,224,0.00028841477
238,224,0.00060009863
239,224,4.6107918e-05
240,224,0.001056903
241,224,0.00059239194
242,224,0.00041301362
243,224,0.00052013714
244,224,0.00052921474
245,224,0.00015409756
246,224,0.0001601642
247,224,0.00038306974
248,224,0.00041037984
249,224,0.00082624424
250,224,0.0007663574
251,224,0.00080057327
252,224,0.0007005511
253,224,0.0012718849
254,224,0.00059296284
255,224,0.00043896586
256,224,0.00056373794
257,224,0.00011344254
258,224,0.00048083905
259,224,0.00070312247
260,224,0.00037523732
261,224,0.00035437942
262,224,0.0004363237
263,224,0.00041452888
264,224,0.0002381131
265,224,0.00023778994
266,224,0.00042176433
267,224,0.00091538206
268,224,0.00027622655
269,224,0.00041587744
270,224,-0.000107602216
271,224,0.00071467645
272,224,0.00084287673
273,224,0.00027367752
274,224,0.00087781437
275,224,0.0007904405
276,224,0.00044097472
277,224,0.00017365627
278,224,0.00075534545
279,224,0.00066467095
280,224,0.00070840307
281,224,0.0009870259
282,224,0.00040648505
283,224,0.0009487821
284,224,0.00037008058
285,224,0.00035646372
286,224,0.0005006194
287,224,0.0007579159
288,224,8.155033e-05
289,224,0.0006432757
290,224,0.00029241014
291,224,0.00032413192
292,224,9.455811e-05
293,224,0.00088471547
294,224,0.0008153869
295,224,0.00072452426
296,224,0.00041676406
297,224,0.0006347373
298,224,0.00079702586
299,224,0.000623174
300,224,0.00063894596
301,224,0.000270674
302,224,0.00092878565
303,224,0.00035318732
304,224,0.0003256593
305,224,0.000628544
306,224,0.00078195333
307,224,0.00043312926
308,224,0.00019362662
309,224,0.00042346865
310,224,0.0007954193
311,224,0.0005553998
312,224,0.00067440514
313,224,0.00080184266
314,224,0.0005540373
315,224,0.00013643503
316,224,0.001228176
317,224,0.00049022865
318,224,0.0010626344
319,224,0.0010568378
320,224,0.0011009322
321,224,0.00011209864
322,224,0.0006065313
323,224,0.000272708
324,224,0.00020688679
325,224,0.00043021515
326,224,0.00064766593
327,224,0.00021494832
328,224,
329,224,
330,224,
331,224,0.0004768828
332,224,-0.000206233
333,224,0.0008538775
334,224,-3.2121316e-06
335,224,0.00077260565
336,224,0.00077470765
337,224,0.0007118294
338,224,-0.0001539262
339,224,0.00050883554
340,224,0.0007100664
341,224,0.000120621175
342,224,0.0005580792
343,224,0.00035332702
344,224,0.0008694511
345,224,0.00045823958
346,224,0.0006294688
347,224,0.0006004246
348,224,0.0003650356
349,224,0.0007615583
350,224,0.00080404803
351,224,0.0006827507
352,224,0.00023682043
353,224,0.00058132503
354,224,0.00017519481
355,224,0.00079164
356,224,0.00037021842
357,224,0.00095224753
358,224,0.0003071241
359,224,0.0003554402
360,224,0.00061112735
361,224,-0.0002342416
362,224,0.0006684372
363,224,0.00014994014
364,224,0.0005762717
365,224,0.00068349205
366,224,0.0005336227
367,224,0.0006397804
368,224,5.000457e-05
369,224,0.00030159485
370,224,0.0004624892
371,224,0.00068893656
372,224,0.00068582315
373,224,0.0006070882
374,224,5.1844865e-05
375,224,0.00030719303
376,224,0.0007092599
377,224,0.00052678585
378,224,0.000868245
379,224,0.0009697303
380,224,0.000368963
381,224,0.0005855486
382,224,0.00040399283
383,224,0.0007424895
384,224,4.417263e-06
385,224,0.00048118085
386,224,0.0006398354
387,224,0.00085317716
388,224,0.00052990206
389,224,0.00048818998
390,224,0.00046576653
391,224,0.00061752833
392,224,0.0005458491
393,224,0.00054273196
394,224,0.00038671307
395,224,0.0006731022
396,224,0.00043215882
397,224,0.00063518714
398,224,0.0005526198
399,224,0.00095738005
400,224,0.00067422446
401,224,0.0010835733
402,224,0.00072405115
403,224,0.00024145283
404,224,0.000352188
405,224,0.00048182346
406,224,0.0007352894
407,224,0.0004723519
408,224,0.00022483896
409,224,0.00052749645
410,224,0.00040385127
411,224,0.0010732682
412,224,0.00077116396
413,224,0.0006473595
414,224,0.00042760372
415,224,0.00096274726
416,224,0.0005872613
417,224,0.00076557137
418,224,0.00079504866
419,224,0.00049659703
420,224,0.0008339705
421,224,0.0001276778
422,224,0.00043550972
423,224,0.00017912686
424,224,0.0006238334
425,224,0.0006771181
426,224,0.00060125906
427,224,0.0010921061
428,224,0.00039452408
429,224,0.00022351556
430,224,
431,224,
432,224,0.00044124667
433,224,0.0003029639
434,224,0.00020866562
435,224,
436,224,
437,224,
438,224,
439,224,
440,224,-0.0002633119
441,224,0.0005835006
442,224,0.00042726658
443,224,0.00015021581
444,224,7.590279e-07
445,224,0.00084470026
446,224,0.0005906271
447,224,0.00079588685
448,224,0.00026641414
449,224,0.0005370993
450,224,0.00026217476
451,224,-0.00020515732
452,224,0.000732027
453,224,0.00031143427
454,224,0.0009616874
455,224,0.00026809052
456,224,0.00035077892
457,224,0.0006971434
458,224,0.0003436841
459,224,4.179962e-05
460,224,0.0004279213
461,224,0.0005901614
462,224,0.00016017258
463,224,0.00038356055
464,224,0.00031873956
465,224,0.0010755174
466,224,0.0004756404
467,224,0.00014044903
468,224,0.0006359732
469,224,0.0008187257
470,224,0.00025886018
471,224,0.00050713774
472,224,6.960984e-05
473,224,0.0007082112
474,224,-1.813285e-05
475,224,0.0008635344
476,224,0.0005175546
477,224,0.00044808816
478,224,9.9560246e-05
479,224,0.00017550029
480,224,0.0006182594
481,224,0.0007748287
482,224,0.0006963406
483,224,5.589612e-05
484,224,0.0006707208
485,224,0.0007985402
486,224,0.00064638536
487,224,0.00074056536
488,224,0.00031810533
489,224,0.0005434565
490,224,0.0005356716
491,224,0.00082302187
492,224,-9.492226e-05
493,224,0.0006708354
494,224,0.0006592851
0,225,0.00083200727
1,225,0.0011030873
2,225,0.0008164933
3,225,0.0009047948
4,225,0.0007636575
5,225,0.00032880716
6,225,0.0009039454
7,225,0.0010743402
8,225,0.0008820286
9,225,0.0010611955
10,225,0.0012671724
11,225,0.00082047004
12,225,0.0009733923
13,225,0.0006489502
14,225,0.0011141328
15,225,0.00079276785
16,225,0.00032678712
17,225,0.00048168842
18,225,0.00010680873
19,225,0.00044076145
20,225,0.00040777214
21,225,0.00071440917
22,225,-0.00019634143
23,225,0.0005070083
24,225,8.754339e-05
25,225,0.00076425634
26,225,7.308647e-05
27,225,0.0010559969
28,225,0.0016021095
29,225,0.00068430044
30,225,0.0004263455
31,225,0.00044083223
32,225,0.00048890803
33,225,0.0006977273
34,225,0.0006451607
35,225,0.00036094058
36,225,0.0005671801
37,225,0.0008103438
38,225,0.0002307035
39,225,0.000744937
40,225,0.0008829655
41,225,0.0007475456
42,225,0.00076726265
43,225,0.00086412113
44,225,0.001039302
45,225,0.0008938145
46,225,0.000988787
47,225,0.0011561867
48,225,0.0010715248
49,225,0.0007141214
50,225,0.00097264815
51,225,0.0011112075
52,225,0.0012465371
53,225,0.0010385755
54,225,0.00060806796
55,225,0.00068305805
56,225,0.000891353
57,225,0.0007453216
58,225,0.00089684036
59,225,0.0006994838
60,225,0.00094238855
61,225,0.00037314184
62,225,0.00022709928
63,225,0.00052180886
64,225,0.00016563572
65,225,0.00042854063
66,225,0.00076263864
67,225,3.1149946e-05
68,225,0.000547383
69,225,0.0003202418
70,225,0.0002568774
71,225,0.0005186228
72,225,0.00064288545
73,225,0.00056714565
74,225,0.00068079866
75,225,0.00036107004
76,225,0.00019541569
77,225,0.0002053678
78,225,0.0006454559
79,225,0.00046781544
80,225,0.00067890435
81,225,0.0003815964
82,225,0.00022615865
83,225,0.0003718296
84,225,0.0011135237
85,225,0.00035202224
86,225,0.00066985283
87,225,0.00010527484
88,225,0.0008890694
89,225,0.00066940766
90,225,0.0006439155
91,225,8.2878396e-05
92,225,0.0006648181
93,225,0.0008389605
94,225,0.000751812
95,225,0.00026512425
96,225,0.00063450355
97,225,
98,225,0.0007840423
99,225,0.00062165037
100,225,0.00040461123
101,225,0.0009239791
102,225,0.0008304352
103,225,0.0009866869
104,225,0.0008742055
105,225,0.0008330913
106,225,0.0009984476
107,225,0.0005111471
108,225,0.00070051104
109,225,0.0008092439
110,225,0.0012118984
111,225,0.0011165468
112,225,0.00047691353
113,225,0.00080573466
114,225,0.00046514813
115,225,0.0006557554
116,225,0.0012558056
117,225,0.0011298656
118,225,0.0008986164
119,225,0.0008360855
120,225,0.0012217648
121,225,0.000723836
122,225,0.0011606403
123,225,0.0008883728
124,225,0.00088021625
125,225,0.0007072557
126,225,0.00081297196
127,225,0.0012152176
128,225,0.0007473491
129,225,0.0008222321
130,225,0.0004938748
131,225,0.00054556597
132,225,0.00061151665
133,225,0.00068645366
134,225,0.0004698597
135,225,0.00060486794
136,225,0.0005851602
137,225,0.0005732933
138,225,0.0005332045
139,225,0.000423057
140,225,0.0008249553
141,225,0.0006044479
142,225,0.0005708756
143,225,0.00033290125
144,225,
145,225,0.00085048657
146,225,
147,225,
148,225,
149,225,
150,225,
151,225,0.00048536249
152,225,0.00056383107
153,225,0.00070233643
154,225,0.00067698304
155,225,0.0007987553
156,225,0.0009744847
157,225,0.0007112939
158,225,0.0002069762
159,225,0.00016613118
160,225,0.0004979614
161,225,0.0010042619
162,225,0.0002319878
163,225,0.00069998764
164,225,0.00040989183
165,225,0.00029671472
166,225,0.0004121028
167,225,0.0011283858
168,225,0.00055710133
169,225,0.0006132722
170,225,0.00022536237
171,225,0.0004965272
172,225,0.00018464401
173,225,0.0003137067
174,225,0.0007699281
175,225,0.00010642782
176,225,0.0004951209
177,225,-2.4566427e-05
178,225,0.00097383745
179,225,0.0007168576
180,225,0.00047464576
181,225,0.00057392474
182,225,0.0004384918
183,225,1.5217811e-06
184,225,0.00049086846
185,225,0.0006551314
186,225,0.0007572761
187,225,0.00071932934
188,225,0.00028253254
189,225,0.000537551
190,225,0.0007016603
191,225,0.00047834124
192,225,0.0004134318
193,225,0.00028143637
194,225,0.00054459553
195,225,0.00066304114
196,225,0.0008250186
197,225,-0.00012982637
198,225,0.0004471019
199,225,0.0007970901
200,225,0.0006853752
201,225,0.000105658546
202,225,0.000435167
203,225,0.0008606799
204,225,0.0005260091
205,225,0.0007185284
206,225,0.0006538471
207,225,0.0005462542
208,225,0.00030932575
209,225,0.00011669006
210,225,0.00019724946
211,225,0.0007811226
212,225,0.00045536645
213,225,0.000539694
214,225,0.00034796447
215,225,0.0003708005
216,225,0.00061741844
217,225,0.000600053
218,225,
219,225,0.0010754634
220,225,0.0006534755
221,225,0.0007030377
222,225,0.0003783796
223,225,0.0005146852
224,225,0.00022955239
225,225,0.00041729584
226,225,0.00042950455
227,225,0.00083237793
228,225,0.00011089351
229,225,0.0002144305
230,225,0.00038921647
231,225,0.00031975936
232,225,0.00040233042
233,225,7.724203e-05
234,225,0.00034892466
235,225,0.00048990734
236,225,0.0005287109
237,225,0.0004031174
238,225,0.0015382068
239,225,0.0003996743
240,225,0.0005144123
241,225,0.0006262604
242,225,0.00027493387
243,225,0.00022718683
244,225,-0.00013394468
245,225,0.00028443616
246,225,0.0004413603
247,225,0.00041401666
248,225,0.00067080744
249,225,0.0007061148
250,225,0.0002423916
251,225,0.0003870139
252,225,0.00029827002
253,225,0.0006192876
254,225,0.00019295327
255,225,0.00019421801
256,225,0.0004974203
257,225,0.0005882336
258,225,0.00062697195
259,225,0.0010234034
260,225,0.0010506203
261,225,0.0001584962
262,225,0.00035743136
263,225,4.7197565e-05
264,225,
265,225,2.4904497e-05
266,225,0.00094037876
267,225,0.00083368644
268,225,0.0004340373
269,225,0.000536222
270,225,0.00026599038
271,225,0.00020114891
272,225,0.00036233384
273,225,0.00034527853
274,225,0.0004567597
275,225,0.0005934946
276,225,0.00016798358
277,225,0.0009989906
278,225,0.00014419015
279,225,0.0009326786
280,225,0.00075360853
281,225,0.00051817484
282,225,0.00014601648
283,225,0.00031778403
284,225,0.00053905044
285,225,0.0007398017
286,225,0.00057889055
287,225,0.00047994405
288,225,0.00045993365
289,225,0.00072698016
290,225,0.00033619534
291,225,0.00028116256
292,225,0.0013340479
293,225,0.0008378532
294,225,0.0009276895
295,225,0.0010593534
296,225,0.00062685646
297,225,0.0006402051
298,225,0.0006677285
299,225,0.0005147476
300,225,0.0004076641
301,225,0.00048727263
302,225,0.00013036747
303,225,0.00025121495
304,225,0.0008685924
305,225,0.000515664
306,225,0.00048885867
307,225,-1.8938445e-05
308,225,0.00069242716
309,225,0.00061535835
310,225,0.0010005413
311,225,0.0007607043
312,225,0.00060437527
313,225,0.0008527413
314,225,0.00069583766
315,225,0.00038145576
316,225,0.00014050584
317,225,0.00064705685
318,225,-0.00018640887
319,225,0.000739621
320,225,0.00045302976
321,225,0.00062652025
322,225,0.0008014301
323,225,0.0004373286
324,225,0.001024737
325,225,0.00045005046
326,225,0.00018269476
327,225,
328,225,0.00017459597
329,225,
330,225,0.00058806967
331,225,-8.498784e-05
332,225,-2.2608787e-05
333,225,0.0008280566
334,225,0.00031782128
335,225,0.00052010454
336,225,0.0003176639
337,225,0.0005530771
338,225,0.0003194306
339,225,0.00043204986
340,225,0.00058368035
341,225,0.0010038484
342,225,0.00031980034
343,225,0.00017954223
344,225,-0.00013148133
345,225,0.00079233106
346,225,0.0007171696
347,225,0.0004986869
348,225,0.0005568415
349,225,0.0003029909
350,225,0.0006264094
351,225,0.0004444681
352,225,0.0009853523
353,225,0.00077629555
354,225,0.000813107
355,225,0.0012773518
356,225,0.0002445737
357,225,0.00086780544
358,225,0.00081073213
359,225,0.00046682917
360,225,0.0012429077
361,225,0.0006231358
362,225,0.00030069333
363,225,0.00034631323
364,225,0.00031465478
365,225,0.00042128097
366,225,0.00058789644
367,225,0.00043036602
368,225,0.0005207518
369,225,0.00062139146
370,225,0.00026834477
371,225,0.0004048841
372,225,0.0006302092
373,225,0.0007769745
374,225,0.0011477917
375,225,0.0016088784
376,225,0.0006537698
377,225,0.0002537882
378,225,0.0005114423
379,225,0.00080354605
380,225,0.0004384555
381,225,0.00028477143
382,225,0.00029375125
383,225,0.00076441
384,225,0.0008486677
385,225,0.00056383014
386,225,0.0006584162
387,225,0.0005178163
388,225,0.0005693566
389,225,0.0012467997
390,225,0.0007625893
391,225,0.000515271
392,225,0.0007238863
393,225,0.00065039564
394,225,0.00074165035
395,225,9.876583e-05
396,225,0.00041616336
397,225,0.0006342493
398,225,0.00024317019
399,225,0.0004303325
400,225,0.00088022463
401,225,0.00052344427
402,225,0.0009414954
403,225,0.00069784373
404,225,0.0006238939
405,225,0.00044130627
406,225,-1.2002885e-05
407,225,0.00029963907
408,225,0.0002145078
409,225,0.00049058814
410,225,0.0009112386
411,225,0.0004115766
412,225,0.00052784383
413,225,0.00036228448
414,225,0.00045913924
415,225,0.000748232
416,225,0.00029749796
417,225,0.0004052138
418,225,0.0007562423
419,225,0.00093013886
420,225,0.0007595634
421,225,0.00055695884
422,225,0.000191845
423,225,0.0008458188
424,225,0.0008481126
425,225,0.0004722476
426,225,0.0008185506
427,225,0.00038638152
428,225,0.00030395482
429,225,0.00056790374
430,225,0.0008240463
431,225,
432,225,
433,225,0.00020437129
434,225,0.00036728475
435,225,
436,225,
437,225,
438,225,
439,225,0.000789416
440,225,0.00022426341
441,225,0.00035445765
442,225,0.00090130046
443,225,0.00047635287
444,225,0.0002800878
445,225,0.00028387737
446,225,0.00019069854
447,225,0.00028253905
448,225,2.8372742e-05
449,225,7.778779e-05
450,225,0.0009362586
451,225,0.00051301625
452,225,0.00088635087
453,225,0.0002776375
454,225,3.892649e-05
455,225,0.0006764326
456,225,0.00068400893
457,225,0.00033175014
458,225,0.0006582169
459,225,0.00020639598
460,225,0.00043397304
461,225,0.0002738582
462,225,0.0006185137
463,225,0.00062872097
464,225,0.00038198289
465,225,-9.802356e-05
466,225,0.00057349633
467,225,0.000711455
468,225,0.00018700585
469,225,0.00070647243
470,225,0.0007360503
471,225,0.00072649773
472,225,0.0005927775
473,225,0.00074285176
474,225,0.00042425096
475,225,0.00077083893
476,225,0.0008425154
477,225,0.0003738543
478,225,0.00043735653
479,225,0.00065519474
480,225,0.00025709905
481,225,0.0009128619
482,225,0.00033165235
483,225,0.0005620234
484,225,0.0007234039
485,225,0.00030488148
486,225,0.0008016005
487,225,0.00037037767
488,225,0.000790637
489,225,0.000626212
490,225,0.0010822853
491,225,0.0002035182
492,225,0.0009963
493,225,0.00068272837
494,225,0.00027583167
0,226,0.00089188106
1,226,0.00092236884
2,226,0.0007207589
3,226,0.0006797239
4,226,0.0007711705
5,226,0.0011286223
6,226,0.00095508154
7,226,0.00059346855
8,226,0.00021776184
9,226,0.0009266939
10,226,0.0012693768
11,226,0.00065702293
12,226,0.00047890842
13,226,0.0007057553
14,226,0.0007857224
15,226,0.0006776154
16,226,0.0011333376
17,226,0.00084582716
18,226,0.00048022345
19,226,0.0003112564
20,226,0.0006902497
21,226,0.0005668588
22,226,0.00052900985
23,226,3.123842e-05
24,226,0.00059701037
25,226,0.0006312877
26,226,0.00068204943
27,226,0.0007471414
28,226,0.0005697757
29,226,0.0007859776
30,226,6.312691e-05
31,226,0.00096654054
32,226,0.000801445
33,226,0.00023272913
34,226,0.00071323384
35,226,0.0008054087
36,226,0.0003990978
37,226,0.0006081611
38,226,0.0001949165
39,226,0.00090557616
40,226,0.00075790565
41,226,0.00085837673
42,226,0.0012220191
43,226,0.0009383736
44,226,0.0010579852
45,226,0.0013191961
46,226,0.001417323
47,226,0.0012761056
48,226,0.0010769479
49,226,0.0009846417
50,226,0.00081361644
51,226,0.0011652838
52,226,0.0010383297
53,226,0.0010513123
54,226,0.0008991379
55,226,0.00077831186
56,226,0.00051927567
57,226,0.00075636245
58,226,0.0008576298
59,226,0.0009824205
60,226,0.0011458145
61,226,0.0005321838
62,226,0.00073209126
63,226,0.00081919227
64,226,0.00011335127
65,226,0.000471971
66,226,0.00093156006
67,226,0.00015328545
68,226,0.00026794244
69,226,0.000606291
70,226,0.00048274454
71,226,0.0006392775
72,226,0.00035748538
73,226,0.000626944
74,226,0.0008571213
75,226,0.00019583944
76,226,0.00024601817
77,226,0.00051073264
78,226,0.00057710614
79,226,0.00031583384
80,226,0.00041127205
81,226,0.00026758295
82,226,0.00050409697
83,226,0.00029269606
84,226,0.00031208992
85,226,0.00041159336
86,226,0.0004990734
87,226,0.0007248875
88,226,0.0008916678
89,226,0.00064739585
90,226,0.00034655817
91,226,0.00026372168
92,226,0.0001332704
93,226,0.00064355694
94,226,0.0007353006
95,226,0.00016356073
96,226,0.00091285724
97,226,0.0003886819
98,226,0.00070049614
99,226,0.0010031024
100,226,0.0009079082
101,226,0.00094761513
102,226,0.0010398338
103,226,0.00072444417
104,226,0.0010249959
105,226,0.00096242316
106,226,0.00078884326
107,226,0.00061041955
108,226,0.0010548262
109,226,0.00081886817
110,226,0.0011062538
111,226,0.00094119273
112,226,0.0012268163
113,226,0.0010972396
114,226,0.0011784723
115,226,0.00087943114
116,226,0.0007645916
117,226,0.0010794988
118,226,0.0008084113
119,226,0.0008990243
120,226,0.001030283
121,226,0.0010241214
122,226,0.00091997907
123,226,0.000999297
124,226,0.0010690661
125,226,0.0008194046
126,226,0.0007024966
127,226,0.0008283751
128,226,0.0007244935
129,226,0.0010018768
130,226,0.0009470079
131,226,0.00014441367
132,226,0.00084599946
133,226,0.000554638
134,226,0.0008453112
135,226,0.0010592584
136,226,-0.00012323074
137,226,0.00032348838
138,226,0.00028093904
139,226,0.00046075694
140,226,-0.0005546259
141,226,0.0008153375
142,226,0.00046456046
143,226,0.0005433317
144,226,0.00024235994
145,226,0.00014736503
146,226,
147,226,
148,226,
149,226,
150,226,0.0007509589
151,226,0.00014537387
152,226,0.0009202156
153,226,0.00014958903
154,226,0.0008365251
155,226,0.0004955949
156,226,0.0009247586
157,226,0.00045959465
158,226,0.00031123683
159,226,0.0007112026
160,226,0.00069382973
161,226,0.0005592182
162,226,0.00027729012
163,226,0.00056554005
164,226,0.00033040624
165,226,0.00030057319
166,226,0.0006497875
167,226,0.0004241839
168,226,0.0006372407
169,226,0.0004881099
170,226,-6.917119e-05
171,226,0.00025549252
172,226,0.0006276313
173,226,0.00079734065
174,226,-9.743683e-05
175,226,0.00029107276
176,226,-7.888768e-05
177,226,9.139068e-06
178,226,4.7585927e-05
179,226,0.0005787704
180,226,0.00034855213
181,226,0.00073624775
182,226,0.0006960388
183,226,0.00058379397
184,226,0.000337312
185,226,9.2165545e-05
186,226,0.00044666696
187,226,-8.674152e-05
188,226,0.0007148143
189,226,0.0006664144
190,226,0.0006145453
191,226,0.0004009055
192,226,0.00075946935
193,226,0.00030217413
194,226,0.00072690006
195,226,0.00028697308
196,226,9.526126e-05
197,226,0.0005070036
198,226,0.0002640318
199,226,0.00093975384
200,226,0.0005875658
201,226,0.00094678346
202,226,0.00072596036
203,226,0.0004424816
204,226,0.0005792426
205,226,0.0008171275
206,226,0.00034317002
207,226,0.0005202228
208,226,0.00059200916
209,226,0.00023377873
210,226,0.00042401347
211,226,0.0004932536
212,226,0.0004586624
213,226,0.0004374925
214,226,0.0006677918
215,226,0.0006710831
216,226,0.0010410091
217,226,0.00076632854
218,226,
219,226,0.00068454817
220,226,0.00040418562
221,226,0.0006641904
222,226,0.0002733618
223,226,0.00041775964
224,226,0.00037894398
225,226,0.00063822884
226,226,0.00021280069
227,226,0.0006962754
228,226,0.0010722913
229,226,0.0005872026
230,226,0.0010999506
231,226,0.00064576324
232,226,-6.551854e-05
233,226,0.00067264587
234,226,0.0010016784
235,226,0.0006095143
236,226,0.00085003674
237,226,0.0002595242
238,226,0.00044482946
239,226,0.00051922444
240,226,0.00015319511
241,226,0.0006186422
242,226,0.00021539629
243,226,0.00027754996
244,226,-9.0419315e-05
245,226,0.00043896772
246,226,0.00040136743
247,226,0.0010652877
248,226,0.00012852997
249,226,0.0004347209
250,226,0.00038288813
251,226,0.0006645052
252,226,0.0005675843
253,226,0.0002473006
254,226,0.0005356483
255,226,0.00032094307
256,226,0.00034921337
257,226,0.00063083693
258,226,0.0002744319
259,226,0.00056881644
260,226,0.00021865033
261,226,0.00068320706
262,226,5.205907e-05
263,226,
264,226,
265,226,0.00044726115
266,226,-0.00010636356
267,226,0.0001585912
268,226,0.00064041745
269,226,0.0007297192
270,226,0.0007112613
271,226,0.00051933434
272,226,0.00021039043
273,226,0.00021783356
274,226,0.0006899908
275,226,0.00072031654
276,226,0.00022531301
277,226,0.00085925683
278,226,0.00076056924
279,226,0.000675329
280,226,0.00035452005
281,226,0.00045984518
282,226,0.0010588001
283,226,0.00058013294
284,226,0.00083209947
285,226,0.00038531795
286,226,0.0009769304
287,226,0.0005953908
288,226,0.0007666182
289,226,0.00049758144
290,226,0.00041267648
291,226,0.00024250895
292,226,0.00012060348
293,226,0.00016042963
294,226,0.00058628153
295,226,0.00061559863
296,226,0.00059183966
297,226,0.0008681631
298,226,0.00055090897
299,226,2.9105693e-05
300,226,0.0011427617
301,226,0.0004760325
302,226,0.00044226088
303,226,0.0005989289
304,226,0.00037107058
305,226,0.00084093865
306,226,0.00089659914
307,226,0.00093386695
308,226,0.00027457904
309,226,0.0009635268
310,226,0.00024437718
311,226,0.00079663564
312,226,0.00093056075
313,226,0.00081595685
314,226,0.0007301932
315,226,0.0007684715
316,226,0.0006375285
317,226,0.0004665181
318,226,0.00033456832
319,226,0.0006832341
320,226,7.2456896e-07
321,226,0.0006314423
322,226,0.00027303025
323,226,0.0012180246
324,226,0.00043592695
325,226,0.0007139472
326,226,0.0007575471
327,226,
328,226,-0.00020536035
329,226,0.00064620934
330,226,1.3450161e-05
331,226,0.00086650066
332,226,0.00035768468
333,226,0.00055816583
334,226,0.0009429995
335,226,0.00029276963
336,226,0.0005148072
337,226,0.0003948044
338,226,0.00059835054
339,226,0.0002507586
340,226,7.275399e-05
341,226,0.0005475646
342,226,0.00079372246
343,226,2.5682151e-05
344,226,0.0012376355
345,226,0.0008088229
346,226,0.0006993748
347,226,0.0005313549
348,226,0.0010002758
349,226,0.00063101295
350,226,0.0006575901
351,226,0.0011794576
352,226,0.00040867738
353,226,0.00079819094
354,226,0.000898703
355,226,0.0009292476
356,226,0.0006266041
357,226,-0.00014074799
358,226,0.00060472265
359,226,0.00092092063
360,226,0.00013760757
361,226,0.00048086513
362,226,7.238891e-05
363,226,0.00036653038
364,226,0.0010458864
365,226,0.0003322065
366,226,0.0005081706
367,226,0.00096957013
368,226,0.00066225976
369,226,0.00048451684
370,226,0.00075539295
371,226,0.00077519007
372,226,0.00063526817
373,226,0.00034434348
374,226,0.0010572774
375,226,-1.8563122e-05
376,226,0.0005802158
377,226,0.0008608345
378,226,0.00032198709
379,226,0.0006139837
380,226,0.00048932154
381,226,0.0004214039
382,226,0.0003414089
383,226,0.00019861571
384,226,0.00082522165
385,226,0.00073419325
386,226,0.001196919
387,226,0.0006329622
388,226,0.000653103
389,226,0.0006172024
390,226,0.00086365454
391,226,0.0004057167
392,226,0.00038246624
393,226,0.0006686626
394,226,0.0010243542
395,226,0.00077957846
396,226,0.0007267231
397,226,0.00036871806
398,226,0.0008596368
399,226,0.0010241093
400,226,0.00070933066
401,226,0.0004353933
402,226,0.0006711297
403,226,0.00065779686
404,226,0.0006129807
405,226,0.0006037941
406,226,0.0009453166
407,226,0.0008510044
408,226,0.0010102894
409,226,0.00012882333
410,226,0.00013026595
411,226,0.00036811922
412,226,0.0004597865
413,226,0.0009928877
414,226,0.00070856884
415,226,0.00017497968
416,226,0.0011457335
417,226,0.0005630376
418,226,0.00035565067
419,226,0.00043635257
420,226,0.0004895339
421,226,0.00048471522
422,226,0.00052824616
423,226,0.0011313036
424,226,0.00062947534
425,226,0.00028566178
426,226,8.8531524e-05
427,226,0.00058509316
428,226,0.0010201437
429,226,0.00039782934
430,226,0.00020772312
431,226,
432,226,
433,226,
434,226,
435,226,
436,226,
437,226,
438,226,
439,226,0.00064590946
440,226,0.00021235272
441,226,0.0008175764
442,226,0.000850223
443,226,0.00015972741
444,226,0.0009603733
445,226,0.00066563115
446,226,0.0006171679
447,226,0.00018293317
448,226,0.0008390676
449,226,0.0005321363
450,226,0.00054147
451,226,0.00020162575
452,226,0.0007122811
453,226,0.00025143288
454,226,0.0006449595
455,226,0.0002776794
456,226,0.00019980874
457,226,0.00030261464
458,226,-4.709605e-05
459,226,0.0005807299
460,226,0.00033303816
461,226,0.0005825618
462,226,0.00043560658
463,226,0.00023936294
464,226,0.00068076607
465,226,0.00035310443
466,226,0.0009278776
467,226,0.0006114561
468,226,0.00060377084
469,226,0.00053818524
470,226,0.0002472801
471,226,0.0004573092
472,226,0.0007716343
473,226,0.00046404637
474,226,0.00043106824
475,226,0.00063437223
476,226,0.0009842198
477,226,0.0005321251
478,226,0.00040689204
479,226,0.0005493155
480,226,0.00042953528
481,226,0.00061894115
482,226,0.0005468987
483,226,0.000655734
484,226,0.00050348416
485,226,0.0007226523
486,226,0.00022526924
487,226,0.00026555546
488,226,0.00011742115
489,226,0.0005140016
490,226,0.00031498913
491,226,0.00015998445
492,226,0.0006465744
493,226,0.00057130307
494,226,0.00015374087
0,227,0.0012110136
1,227,0.0009903153
2,227,0.0009919656
3,227,0.00049060024
4,227,0.0008610366
5,227,0.0008400697
6,227,0.000740448
7,227,0.00073906034
8,227,
9,227,0.00051412266
10,227,0.0007492779
11,227,0.0011077486
12,227,0.0009172624
13,227,0.0008163359
14,227,0.0003208844
15,227,0.0009804489
16,227,0.0005526617
17,227,0.00084931776
18,227,0.00078322925
19,227,0.00078587607
20,227,0.00071976054
21,227,0.0006752759
22,227,0.0005942825
23,227,0.00085644796
24,227,0.0005134009
25,227,0.0006248448
26,227,0.00025262777
27,227,0.00076946616
28,227,9.334739e-05
29,227,0.00055459514
30,227,0.0002423767
31,227,0.00044804998
32,227,0.00040271226
33,227,0.000239796
34,227,0.0006774077
35,227,0.00044884346
36,227,0.0004386995
37,227,0.00078575965
38,227,0.0010010498
39,227,0.0006580278
40,227,0.0006805733
41,227,0.0013107304
42,227,0.0011997763
43,227,0.0011861557
44,227,0.0013672486
45,227,0.0011792975
46,227,0.0012103058
47,227,0.001213544
48,227,0.0008915737
49,227,0.0012762137
50,227,0.0010787034
51,227,0.0011407044
52,227,0.0010694964
53,227,0.0010327743
54,227,0.0010360368
55,227,0.0006744545
56,227,0.0006739134
57,227,0.0005111946
58,227,0.00037876517
59,227,0.001041038
60,227,0.0008445857
61,227,0.00025361776
62,227,0.00022211391
63,227,0.0003355667
64,227,2.2886321e-05
65,227,0.00025813468
66,227,0.00017245952
67,227,0.00026268233
68,227,0.0003395779
69,227,-0.00019997172
70,227,0.00074622966
71,227,0.0007467726
72,227,0.00067833904
73,227,0.0005418593
74,227,0.00035201106
75,227,0.0008538971
76,227,-7.2224066e-05
77,227,0.0009335177
78,227,0.0004607672
79,227,0.0006849421
80,227,0.0010391334
81,227,0.00042448007
82,227,-0.00055330805
83,227,0.00036090985
84,227,0.0005738484
85,227,4.6021305e-05
86,227,0.00014979392
87,227,0.000592961
88,227,0.0006814124
89,227,0.0004403377
90,227,0.00011919625
91,227,0.00045926403
92,227,0.00018326007
93,227,0.00022494886
94,227,9.746477e-05
95,227,0.0006409688
96,227,0.0002230145
97,227,
98,227,0.00050849374
99,227,0.0005770158
100,227,0.0008769585
101,227,0.00064039696
102,227,0.0010974258
103,227,0.0010506213
104,227,0.00073338766
105,227,0.00084877014
106,227,0.0005661743
107,227,0.0006833486
108,227,0.0008435035
109,227,0.0011803536
110,227,0.0010355152
111,227,0.0007983614
112,227,0.001037362
113,227,0.001092515
114,227,0.0013399106
115,227,0.0012377817
116,227,0.0012297593
117,227,0.0005935151
118,227,0.0007060552
119,227,0.00071966276
120,227,0.0008980753
121,227,0.0010675071
122,227,0.00084357895
123,227,0.0009760782
124,227,0.0010832325
125,227,0.00061243866
126,227,0.0006887298
127,227,0.0008262079
128,227,0.00039929152
129,227,0.0007097414
130,227,0.000639027
131,227,0.00050613657
132,227,0.00089762826
133,227,0.00059694145
134,227,0.0006444892
135,227,0.0005798517
136,227,0.0002099555
137,227,0.0003156718
138,227,0.0007167272
139,227,-0.00038466323
140,227,0.0006463975
141,227,0.00053856336
142,227,-0.00015271455
143,227,0.00083314814
144,227,3.281515e-05
145,227,0.000861858
146,227,0.00057555735
147,227,
148,227,
149,227,
150,227,0.00030728243
151,227,0.00073373877
152,227,0.0006713364
153,227,0.0006569149
154,227,0.00070448406
155,227,0.0008114353
156,227,0.0009009056
157,227,0.0010033483
158,227,0.0002333168
159,227,0.00018433016
160,227,0.00022513978
161,227,-9.862613e-05
162,227,0.0005268203
163,227,0.00040545594
164,227,0.00015149731
165,227,0.00043025427
166,227,0.0008637775
167,227,0.00026451237
168,227,0.00056037586
169,227,-0.00021904241
170,227,0.00040734
171,227,0.00045832153
172,227,-0.00020141341
173,227,0.00038625766
174,227,0.00074299704
175,227,-0.00026442204
176,227,0.00078522135
177,227,3.85195e-06
178,227,0.00017320737
179,227,0.0006516464
180,227,0.0005091885
181,227,0.0006768508
182,227,4.591327e-05
183,227,0.0004089065
184,227,0.00081116706
185,227,0.00023249164
186,227,0.0009658616
187,227,8.586608e-05
188,227,0.00020679273
189,227,0.0006648516
190,227,0.0009260243
191,227,0.00091026817
192,227,0.0005653016
193,227,0.00018730946
194,227,0.0005486207
195,227,0.00055994745
196,227,0.00035722367
197,227,0.00084189326
198,227,0.00078392774
199,227,0.00043781567
200,227,0.00086662173
201,227,0.0001540985
202,227,0.0009396281
203,227,9.164773e-05
204,227,0.00082459114
205,227,0.0007605348
206,227,0.0006156927
207,227,0.00039853435
208,227,0.00088832714
209,227,0.0011963742
210,227,0.00032376125
211,227,-0.00014914293
212,227,0.00020575803
213,227,0.00021647848
214,227,0.0005866522
215,227,0.0005925903
216,227,0.00066129677
217,227,0.00073243305
218,227,
219,227,
220,227,
221,227,
222,227,0.0007604817
223,227,0.0007189391
224,227,0.0005737459
225,227,0.00024943147
226,227,0.00078165904
227,227,0.00067832414
228,227,5.730614e-05
229,227,0.00067223795
230,227,0.00085262954
231,227,0.0006200578
232,227,0.00030478835
233,227,0.0007076394
234,227,0.0005003549
235,227,0.00062906276
236,227,0.0001022676
237,227,0.00067664776
238,227,0.00095975306
239,227,0.00085206237
240,227,0.00055646244
241,227,0.000443412
242,227,0.00010522548
243,227,0.00025714096
244,227,0.00062386226
245,227,0.00020570308
246,227,-9.127706e-05
247,227,0.00083667506
248,227,0.0007279441
249,227,0.0006787628
250,227,-3.4270808e-05
251,227,-2.9273331e-05
252,227,0.00081537385
253,227,-0.00023752078
254,227,0.00012994558
255,227,-0.00015649945
256,227,7.793307e-05
257,227,-0.00057486445
258,227,0.00037512742
259,227,0.00021459069
260,227,9.7340904e-05
261,227,2.8302893e-05
262,227,0.00044196006
263,227,0.0006968323
264,227,
265,227,0.00038406625
266,227,8.406956e-05
267,227,0.00067691784
268,227,0.0006040791
269,227,0.00048497785
270,227,0.0007038824
271,227,0.0007028021
272,227,0.0006041825
273,227,0.00060343184
274,227,0.0008391803
275,227,0.0005983459
276,227,0.0010477249
277,227,-0.0001341654
278,227,0.00059097074
279,227,0.0007875711
280,227,0.00051040016
281,227,0.00048232637
282,227,0.00016142428
283,227,0.0003565764
284,227,0.0014014654
285,227,-0.0003294926
286,227,0.00058751553
287,227,0.0008137608
288,227,0.00057805795
289,227,0.00060485955
290,227,0.00019859336
291,227,0.0004973747
292,227,0.000270796
293,227,0.00038930215
294,227,0.0007157214
295,227,0.000971009
296,227,0.00070839934
297,227,0.00077641197
298,227,0.0007147966
299,227,0.0003783442
300,227,0.0006714156
301,227,0.0003695991
302,227,0.0003480073
303,227,0.0004909225
304,227,0.00031188317
305,227,0.00064178
306,227,0.0006128652
307,227,0.000344133
308,227,0.0003433898
309,227,0.0010009576
310,227,0.000706221
311,227,0.0006646402
312,227,0.00060366467
313,227,0.0005464675
314,227,0.00044846348
315,227,0.000103869475
316,227,0.00027419254
317,227,0.00086102635
318,227,0.0006892467
319,227,0.00025433395
320,227,0.0006245058
321,227,0.0005447669
322,227,-2.2267923e-06
323,227,0.00026697852
324,227,2.004765e-05
325,227,0.00018345751
326,227,0.0006795628
327,227,0.00020223577
328,227,0.00068480056
329,227,0.00079711154
330,227,0.0012056492
331,227,0.0005518468
332,227,0.00026303157
333,227,0.000986143
334,227,0.00022243708
335,227,0.00078064576
336,227,0.0016863439
337,227,0.00059236214
338,227,0.00035657547
339,227,-6.1505474e-05
340,227,0.0004324345
341,227,0.0008176975
342,227,0.000329501
343,227,0.0005386295
344,227,0.00046775397
345,227,0.0011904286
346,227,0.00066270865
347,227,0.000857926
348,227,0.00036776904
349,227,0.0008987775
350,227,0.0002041487
351,227,0.00045002904
352,227,0.0002797842
353,227,0.00023289863
354,227,0.0008460721
355,227,0.00074650533
356,227,0.0005097324
357,227,5.5259094e-05
358,227,-2.720952e-05
359,227,0.00034954306
360,227,0.00023565069
361,227,0.00062284153
362,227,0.00044720434
363,227,9.347685e-05
364,227,0.00014930218
365,227,0.00040604454
366,227,0.00047298614
367,227,0.0006894246
368,227,0.0005750004
369,227,0.00024145748
370,227,0.00029691216
371,227,0.00038334448
372,227,0.0008488521
373,227,0.00080546364
374,227,0.0008601835
375,227,0.00046442635
376,227,0.0004663756
377,227,0.00054954644
378,227,0.0011099577
379,227,0.00028986856
380,227,0.0014290065
381,227,0.0004618531
382,227,0.0003519561
383,227,0.0002490813
384,227,0.0011945385
385,227,0.00022840593
386,227,0.0006281221
387,227,0.0007818686
388,227,0.00026506744
389,227,-0.00014405139
390,227,0.00071327854
391,227,0.00053064525
392,227,0.0004177643
393,227,0.00020840205
394,227,0.00043346267
395,227,0.0002819281
396,227,0.00023338199
397,227,0.0005857833
398,227,0.0001617819
399,227,0.0004281327
400,227,0.0005628243
401,227,0.0006530732
402,227,0.00052439794
403,227,0.0008899458
404,227,0.0004914999
405,227,0.0006402787
406,227,0.00038624555
407,227,0.00047305413
408,227,0.0009896355
409,227,0.00047994964
410,227,0.0006801365
411,227,-0.00013319403
412,227,0.00044570118
413,227,0.0006406624
414,227,0.0010932861
415,227,0.00034427736
416,227,0.0007087542
417,227,0.0008724695
418,227,0.00064465776
419,227,0.0010714978
420,227,0.0010423409
421,227,0.00030407868
422,227,0.00044036936
423,227,0.00028258283
424,227,0.00053929165
425,227,0.0008935947
426,227,0.00053252745
427,227,0.00019268785
428,227,0.0005202899
429,227,0.0009658877
430,227,0.00040870626
431,227,0.0008765906
432,227,0.00086508226
433,227,
434,227,
435,227,
436,227,
437,227,
438,227,0.00020734314
439,227,0.0007589841
440,227,0.0007112706
441,227,0.0010070018
442,227,0.00014872476
443,227,0.00013795216
444,227,0.00035831425
445,227,0.00046514068
446,227,0.0007444145
447,227,0.00074928347
448,227,0.0009833435
449,227,0.0008711349
450,227,-0.0002150787
451,227,0.0006204499
452,227,0.00076690875
453,227,-0.00041820388
454,227,0.00034706574
455,227,0.00063633174
456,227,0.0004887823
457,227,0.0010549016
458,227,-7.264409e-05
459,227,0.00041363575
460,227,0.00037438236
461,227,0.0003392892
462,227,0.0007786993
463,227,0.0004124064
464,227,0.0007302305
465,227,8.7708235e-05
466,227,0.00043014437
467,227,0.0003975397
468,227,0.00035219733
469,227,0.0003208099
470,227,0.00020912848
471,227,-7.3532574e-05
472,227,0.00022667646
473,227,0.00040318444
474,227,0.00028208178
475,227,0.00031398982
476,227,0.0008465769
477,227,0.0005192021
478,227,0.00036019273
479,227,8.360017e-05
480,227,0.00055263285
481,227,0.00032188557
482,227,0.0007426422
483,227,0.00073186867
484,227,0.00047801435
485,227,0.00058567617
486,227,0.00086269155
487,227,0.0005106982
488,227,0.00039591826
489,227,0.00085996
490,227,0.00033437647
491,227,0.0002407264
492,227,0.0008396404
493,227,0.0010995027
494,227,0.0007760199
0,228,0.0011059251
1,228,0.0016938495
2,228,0.0012898119
3,228,0.0007201098
4,228,0.00079534855
5,228,0.00090466905
6,228,0.0009116968
7,228,0.00023074169
8,228,
9,228,
10,228,0.00037860963
11,228,0.00058834534
12,228,0.00087697525
13,228,0.001100094
14,228,0.0014304742
15,228,0.000669159
16,228,0.0008519925
17,228,0.0006710915
18,228,0.0006729448
19,228,0.00036519766
20,228,0.00024033338
21,228,0.0008865632
22,228,0.00057647564
23,228,0.00061347615
24,228,0.00052497163
25,228,0.000322124
26,228,0.00081385113
27,228,0.0003220411
28,228,0.00028401986
29,228,0.00045878254
30,228,0.0006333208
31,228,0.00064622797
32,228,0.00056086853
33,228,0.0004053507
34,228,0.0012636771
35,228,0.0006641913
36,228,0.0010171775
37,228,0.0009738002
38,228,0.0008247886
39,228,0.0013090093
40,228,0.0012067538
41,228,0.0010297783
42,228,0.0012258263
43,228,0.0011164602
44,228,0.0011212258
45,228,0.0013318667
46,228,0.0011421638
47,228,0.0011260482
48,228,0.0012446512
49,228,0.0012152409
50,228,0.0011268901
51,228,0.0009402316
52,228,0.0013330225
53,228,0.0011044024
54,228,0.0009569442
55,228,0.0006545726
56,228,0.00061627105
57,228,0.00067207776
58,228,0.0007521631
59,228,0.000672047
60,228,0.0011064885
61,228,0.0006370293
62,228,0.00094329845
63,228,0.00023849122
64,228,0.00030800328
65,228,3.4573488e-05
66,228,0.00053721387
67,228,0.0007934356
68,228,0.000795207
69,228,0.00088924915
70,228,0.000794271
71,228,5.8731996e-05
72,228,0.00028862525
73,228,0.0004098285
74,228,0.0006232187
75,228,0.00025548134
76,228,0.0004135184
77,228,-0.00012110919
78,228,0.00064094365
79,228,0.00062073953
80,228,0.00025334023
81,228,0.00013598241
82,228,0.00040104706
83,228,0.00032066368
84,228,0.00020466372
85,228,0.00040714908
86,228,0.0004770346
87,228,0.0007127123
88,228,0.0004989179
89,228,0.00050993264
90,228,0.0004944904
91,228,0.00074170344
92,228,0.0006555561
93,228,0.00019725878
94,228,0.0004971549
95,228,0.00081083085
96,228,0.00093255844
97,228,0.00031561963
98,228,0.00073497277
99,228,0.00066512544
100,228,0.000395976
101,228,0.0010470822
102,228,0.0009887647
103,228,0.00095247943
104,228,0.0007497901
105,228,0.0010371767
106,228,0.0011303527
107,228,0.0009995094
108,228,0.0009383578
109,228,0.0008047847
110,228,0.0011333805
111,228,0.00082019623
112,228,0.0006398652
113,228,0.0010872325
114,228,0.0007594442
115,228,0.0010168664
116,228,0.00075139664
117,228,0.00087503344
118,228,0.0008692667
119,228,0.00069839787
120,228,0.00096346997
121,228,0.0010119984
122,228,0.0010247855
123,228,0.00079079345
124,228,0.0008365512
125,228,0.0009880317
126,228,0.0006822422
127,228,0.00068047736
128,228,0.00093687326
129,228,0.00022473186
130,228,0.00081220455
131,228,0.0005117385
132,228,0.000707794
133,228,0.00071728136
134,228,0.00058660656
135,228,0.00074520893
136,228,0.0004109051
137,228,0.0009577805
138,228,-1.1635944e-05
139,228,2.2052787e-05
140,228,-0.00015965942
141,228,0.0004990464
142,228,0.0009382088
143,228,0.000878199
144,228,0.0002638772
145,228,0.0003982233
146,228,0.0006880015
147,228,
148,228,
149,228,
150,228,0.0008717356
151,228,-1.3313256e-05
152,228,0.0003200136
153,228,0.0005368944
154,228,0.00078316126
155,228,0.0010576257
156,228,0.0010547582
157,228,-9.332877e-05
158,228,0.00041321665
159,228,0.0005640853
160,228,0.00047643762
161,228,0.0008296361
162,228,0.0003948994
163,228,0.0007151216
164,228,0.00044606254
165,228,0.00056352466
166,228,0.000732705
167,228,0.000822383
168,228,0.00020951219
169,228,0.00076077785
170,228,0.0007144967
171,228,0.00044556987
172,228,0.00032790657
173,228,0.000442761
174,228,0.00068273395
175,228,0.00026119407
176,228,0.00037495978
177,228,0.00048507564
178,228,0.00062274095
179,228,0.000776574
180,228,0.0005983226
181,228,0.00083976705
182,228,0.0005994933
183,228,0.00059093535
184,228,0.0002442114
185,228,0.0002711853
186,228,0.0004977109
187,228,0.00024562888
188,228,0.0008923346
189,228,0.0006361231
190,228,0.00062700175
191,228,0.00044613332
192,228,0.00016092416
193,228,0.0006326381
194,228,0.0007257117
195,228,-0.00016417168
196,228,0.0003351597
197,228,0.0005413629
198,228,0.00018898398
199,228,0.00093733333
200,228,-0.00030256994
201,228,0.0008436525
202,228,0.0006162124
203,228,0.0002733674
204,228,0.00021164119
205,228,0.0004634736
206,228,0.00038391445
207,228,0.00065605063
208,228,0.0004565213
209,228,0.00063329376
210,228,0.00028625038
211,228,2.8822571e-05
212,228,0.0005137203
213,228,0.0007311916
214,228,0.0007279711
215,228,0.00035666768
216,228,0.0007005995
217,228,0.0007790113
218,228,
219,228,
220,228,
221,228,
222,228,0.00038201734
223,228,0.00038644858
224,228,0.00029874966
225,228,0.00078370236
226,228,0.00054254103
227,228,7.099658e-05
228,228,0.0005080495
229,228,0.0003633406
230,228,0.00032152794
231,228,0.00016912725
232,228,-8.611102e-05
233,228,0.00051299855
234,228,0.0011130786
235,228,0.0006193165
236,228,0.00041412655
237,228,0.00087878574
238,228,4.287623e-05
239,228,0.00018777419
240,228,7.559825e-05
241,228,0.0008726707
242,228,-1.7112121e-05
243,228,0.00046535954
244,228,0.00032340921
245,228,0.0006113136
246,228,0.00055802707
247,228,0.00039819628
248,228,0.0008378774
249,228,0.0005131755
250,228,0.0006014593
251,228,0.0007756222
252,228,0.00028423313
253,228,0.00031371787
254,228,0.00019236468
255,228,0.00018998701
256,228,0.0008359924
257,228,0.0003864467
258,228,0.00015441049
259,228,0.00019032415
260,228,0.00051841047
261,228,0.00092887506
262,228,
263,228,
264,228,
265,228,0.0004880922
266,228,0.0010417765
267,228,0.0006584227
268,228,0.00035633147
269,228,1.9059516e-05
270,228,0.0005264599
271,228,0.00047964137
272,228,0.0005597556
273,228,0.0006180098
274,228,0.00076393224
275,228,0.00024848804
276,228,0.0007652864
277,228,0.0004357947
278,228,0.00067626685
279,228,0.0006822366
280,228,0.0005884133
281,228,0.0005233688
282,228,0.0010454105
283,228,0.0009113699
284,228,0.00016871188
285,228,0.00038624927
286,228,0.0006997045
287,228,0.00048827473
288,228,-0.00011795014
289,228,0.00035361387
290,228,0.00038921554
291,228,0.00071900804
292,228,0.000539585
293,228,0.0006223917
294,228,0.0009002071
295,228,0.00018898305
296,228,0.00039172638
297,228,0.0010578018
298,228,0.0006748885
299,228,0.0007894477
300,228,0.00034114067
301,228,0.00067781843
302,228,8.441415e-05
303,228,0.00037611835
304,228,0.00028619543
305,228,0.0007460648
306,228,0.00052054506
307,228,0.00027995277
308,228,0.0004548449
309,228,0.0010338034
310,228,0.0007879995
311,228,0.0003088098
312,228,0.0008860305
313,228,0.0006252201
314,228,0.0008027181
315,228,0.0007176753
316,228,0.000552075
317,228,0.0002585193
318,228,0.0006535677
319,228,0.00032421015
320,228,0.000872219
321,228,0.00088318344
322,228,0.0006433809
323,228,0.00075680576
324,228,-0.000291083
325,228,0.00094202906
326,228,0.00043584965
327,228,-3.2573007e-05
328,228,8.262321e-05
329,228,0.00058809575
330,228,0.0005615521
331,228,0.0005380111
332,228,0.00031969044
333,228,0.00081820786
334,228,0.00044353865
335,228,0.00040549785
336,228,3.5949051e-06
337,228,0.0009963596
338,228,0.0010335334
339,228,0.00078982674
340,228,0.00018415414
341,228,0.0016650613
342,228,
343,228,
344,228,0.0012313612
345,228,0.0012139874
346,228,0.0006563049
347,228,0.0010719644
348,228,0.000616868
349,228,0.0005182531
350,228,0.00053020194
351,228,0.0004962543
352,228,0.0006591389
353,228,0.00045230612
354,228,0.0011045784
355,228,0.00062212534
356,228,0.0006031962
357,228,0.00071382895
358,228,0.0007449733
359,228,0.00052720495
360,228,0.00068740826
361,228,0.00030462444
362,228,0.00047404133
363,228,0.00049028266
364,228,0.00074278377
365,228,0.0007809261
366,228,0.001006104
367,228,-6.386172e-05
368,228,0.0004994897
369,228,0.0004314175
370,228,0.0005174363
371,228,0.0003347546
372,228,0.0006362684
373,228,0.0009701783
374,228,0.0003150683
375,228,0.0005960986
376,228,0.000607742
377,228,0.0010875054
378,228,0.0008466011
379,228,0.00033886172
380,228,0.00059624016
381,228,9.641424e-05
382,228,0.0006456841
383,228,0.00040722545
384,228,0.00045684353
385,228,0.00034128316
386,228,0.00035669003
387,228,0.0006631259
388,228,0.00034328923
389,228,0.0010609357
390,228,0.0005575456
391,228,0.000568809
392,228,0.0013085976
393,228,0.00061121024
394,228,0.0005141385
395,228,0.0006625354
396,228,0.00052680355
397,228,0.00048098154
398,228,0.0006796671
399,228,0.0006284034
400,228,0.00046007708
401,228,0.0006562574
402,228,0.00043898914
403,228,0.0003815964
404,228,0.0005898969
405,228,0.0005674539
406,228,0.0009224927
407,228,0.000756355
408,228,0.00046344195
409,228,0.0006430438
410,228,0.00042071752
411,228,0.00036215596
412,228,0.00046081562
413,228,0.0007343786
414,228,0.00040885806
415,228,0.0004763035
416,228,0.00031147338
417,228,0.000886512
418,228,0.00061460957
419,228,0.00043462217
420,228,0.0005807355
421,228,0.00032475404
422,228,0.0005605137
423,228,0.00089241937
424,228,0.00043459423
425,228,0.0004115114
426,228,0.0013866238
427,228,0.0008000517
428,228,0.0006374279
429,228,0.00025975332
430,228,0.0002494445
431,228,0.00023243483
432,228,2.6952475e-05
433,228,
434,228,
435,228,
436,228,8.742884e-05
437,228,0.00018852577
438,228,0.00038441084
439,228,0.0010680202
440,228,0.00030339044
441,228,0.0008934587
442,228,0.00032985955
443,228,0.00015874766
444,228,0.00023795106
445,228,0.0008715112
446,228,0.00044917315
447,228,0.00044506136
448,228,0.000531354
449,228,-0.00012360886
450,228,0.0003339909
451,228,0.0008626096
452,228,0.0004743738
453,228,8.229725e-05
454,228,-0.00017012004
455,228,0.00043028593
456,228,0.0005288124
457,228,0.0004814947
458,228,0.00075993314
459,228,0.00062299985
460,228,0.0005875379
461,228,0.0002931282
462,228,0.00042238832
463,228,0.0006274199
464,228,0.0005080085
465,228,4.252512e-05
466,228,0.0009025
467,228,0.00042739417
468,228,0.00084171165
469,228,0.0005604867
470,228,0.0010034321
471,228,0.00034295954
472,228,0.00073549524
473,228,0.00061176904
474,228,0.00023781322
475,228,0.000101489946
476,228,0.0007416876
477,228,0.001105749
478,228,0.0009189034
479,228,0.0005859239
480,228,0.00040220935
481,228,0.0004998436
482,228,0.0004922375
483,228,0.00085152406
484,228,0.0005483292
485,228,0.00074264314
486,228,0.00039789267
487,228,0.0009150272
488,228,0.0007931553
489,228,0.0007184977
490,228,0.00052623637
491,228,0.0006080633
492,228,0.00038630422
493,228,0.00044012442
494,228,0.00079581514
0,229,0.0008616401
1,229,0.0006573703
2,229,0.0006953282
3,229,0.0007005874
4,229,0.0006147474
5,229,0.0010326449
6,229,0.0008364776
7,229,0.0009994488
8,229,
9,229,
10,229,-0.00015258044
11,229,0.0010585012
12,229,0.00079187937
13,229,0.0010962421
14,229,0.0010428289
15,229,0.0004703477
16,229,0.00031553488
17,229,0.00050793495
18,229,0.0008675568
19,229,0.00050410256
20,229,0.00043818168
21,229,0.0003982354
22,229,0.00038322434
23,229,0.0003986247
24,229,0.00032333657
25,229,0.0005846098
26,229,0.0006936267
27,229,0.00028384477
28,229,0.0006234115
29,229,0.0009042304
30,229,0.00019655097
31,229,-0.00017386023
32,229,0.00055489875
33,229,0.000665131
34,229,0.0009894669
35,229,0.00057925656
36,229,0.0007478213
37,229,0.00069720484
38,229,0.0010044212
39,229,0.0010521673
40,229,0.0010048114
41,229,0.0013437755
42,229,0.0011433875
43,229,0.0010571452
44,229,0.0012482023
45,229,0.0011150679
46,229,0.0010961071
47,229,0.001404509
48,229,0.0011902982
49,229,0.0012355391
50,229,0.0012535052
51,229,0.0013108384
52,229,0.0012835851
53,229,0.0010532886
54,229,0.0009567784
55,229,0.000691317
56,229,0.0007483894
57,229,0.00031981058
58,229,0.0006709071
59,229,0.0009805737
60,229,0.0010287138
61,229,0.0008215774
62,229,0.00088156946
63,229,0.00028035697
64,229,5.498156e-05
65,229,0.00065561384
66,229,0.0003399495
67,229,0.00028120726
68,229,0.00055233855
69,229,0.00044195913
70,229,-0.00020513218
71,229,-0.00013981294
72,229,0.000919804
73,229,0.0003058836
74,229,0.00042859744
75,229,0.0002099052
76,229,0.00012073852
77,229,6.906036e-05
78,229,7.749442e-05
79,229,0.0005767932
80,229,0.00057558436
81,229,0.00045135245
82,229,0.0003553154
83,229,0.0004359996
84,229,0.000324375
85,229,0.00039783493
86,229,0.00023321249
87,229,0.00035581365
88,229,0.000725287
89,229,0.0004893979
90,229,-0.00021403283
91,229,-9.64459e-05
92,229,0.00059861876
93,229,0.00027694087
94,229,0.00021185353
95,229,0.00080646854
96,229,0.000895272
97,229,0.000392464
98,229,0.00043299608
99,229,0.0004731221
100,229,0.00089526735
101,229,0.00093369186
102,229,0.0007659504
103,229,0.0010632714
104,229,0.0008443054
105,229,0.0005973531
106,229,0.00059836917
107,229,0.0011274135
108,229,0.0009327959
109,229,0.0006867554
110,229,0.00088461675
111,229,0.0013724677
112,229,0.0006779721
113,229,0.00057300087
114,229,0.001189257
115,229,0.0014083991
116,229,0.0008197976
117,229,0.0010492736
118,229,0.001419358
119,229,0.00088252686
120,229,0.0009408947
121,229,0.0010133013
122,229,0.00094033964
123,229,0.00084539596
124,229,0.0007605059
125,229,0.0007373262
126,229,0.00050908886
127,229,0.00047667697
128,229,0.0008960562
129,229,0.00073124934
130,229,0.00070849527
131,229,0.00058187917
132,229,0.00075894594
133,229,0.0006623743
134,229,0.001017034
135,229,0.00035602506
136,229,0.0006731767
137,229,0.000918746
138,229,0.0009362539
139,229,0.0005054632
140,229,5.6345947e-05
141,229,2.8644688e-05
142,229,0.0007346142
143,229,0.0004020594
144,229,0.0003491463
145,229,0.00053644646
146,229,0.0005214084
147,229,0.00010247156
148,229,
149,229,
150,229,0.00030426122
151,229,0.00018305238
152,229,0.00088134315
153,229,0.00075896736
154,229,0.0009797849
155,229,0.0007983921
156,229,0.0008856533
157,229,0.0014618477
158,229,0.00030659698
159,229,0.00030186027
160,229,0.00041390862
161,229,0.00020918064
162,229,0.0002994649
163,229,0.00053321477
164,229,0.00019768905
165,229,0.00088910665
166,229,0.00051715784
167,229,0.00044069532
168,229,0.00048148818
169,229,0.0002520727
170,229,0.0006429469
171,229,0.0006854087
172,229,0.00090526603
173,229,0.0006200196
174,229,0.0006659664
175,229,0.00026473776
176,229,-2.0684674e-05
177,229,0.00071724504
178,229,0.00080921315
179,229,0.00012309011
180,229,0.00059039705
181,229,0.00018059462
182,229,0.000265765
183,229,0.0005658353
184,229,0.00038494263
185,229,0.0006547468
186,229,-0.00011667516
187,229,0.00047736615
188,229,0.00053126924
189,229,0.00038152467
190,229,0.00044832192
191,229,0.00063112844
192,229,0.00027224142
193,229,0.0009204047
194,229,0.00063703675
195,229,0.0005531814
196,229,0.00035456102
197,229,0.00050544646
198,229,0.000898486
199,229,0.00045349542
200,229,0.00041198544
201,229,0.00033564772
202,229,0.0004495969
203,229,0.00040131249
204,229,0.000655273
205,229,0.00044384692
206,229,0.00053312443
207,229,0.00048557017
208,229,0.00058752764
209,229,0.0005230373
210,229,0.00043555535
211,229,0.0006286064
212,229,0.00073635764
213,229,0.0003415551
214,229,0.00012753252
215,229,0.00030931085
216,229,0.0006879391
217,229,0.00054956507
218,229,
219,229,0.0006687753
220,229,
221,229,
222,229,0.00056673866
223,229,0.0007423246
224,229,0.0009594383
225,229,0.0009263903
226,229,6.0997903e-05
227,229,0.00054425746
228,229,0.0004064832
229,229,0.0004261788
230,229,0.00055159535
231,229,-8.519739e-06
232,229,-0.00013542175
233,229,-0.00014169049
234,229,0.0005105529
235,229,0.00031509157
236,229,4.7435984e-05
237,229,0.00044423714
238,229,0.00051828846
239,229,4.805345e-05
240,229,0.00037487037
241,229,0.00033552386
242,229,0.00058984756
243,229,0.00046481658
244,229,0.00050530303
245,229,0.00066385884
246,229,-0.00023851637
247,229,0.00049991906
248,229,0.00012066867
249,229,0.000529808
250,229,3.906153e-05
251,229,0.0004089428
252,229,0.00020450167
253,229,0.00016471837
254,229,0.0006568143
255,229,0.00067238044
256,229,0.00050134584
257,229,0.00024241954
258,229,0.00046614837
259,229,0.00066261366
260,229,0.0005623512
261,229,
262,229,
263,229,
264,229,
265,229,0.0004952466
266,229,0.00052344054
267,229,7.074978e-05
268,229,0.0007602237
269,229,0.00047476124
270,229,0.000581298
271,229,8.521229e-05
272,229,0.00023752823
273,229,0.0002880469
274,229,0.0009157099
275,229,0.0005325554
276,229,0.00079365075
277,229,0.0002077315
278,229,0.00020152144
279,229,0.0008225143
280,229,0.00065171625
281,229,0.0005327482
282,229,0.0005081184
283,229,3.9254315e-05
284,229,0.0009801947
285,229,0.00022166595
286,229,0.00025432836
287,229,0.0005357312
288,229,0.000101813115
289,229,0.0005729124
290,229,0.00040949974
291,229,0.0004989244
292,229,0.0004815869
293,229,0.0005836589
294,229,0.00038141105
295,229,0.0012546899
296,229,0.0005867742
297,229,0.0006878525
298,229,0.00036615785
299,229,0.0006548669
300,229,0.0007061213
301,229,0.0009984998
302,229,0.00028953515
303,229,0.000328199
304,229,5.35883e-05
305,229,0.00053955056
306,229,0.0004727021
307,229,0.00084419176
308,229,0.0006218506
309,229,0.0013837945
310,229,0.0006397469
311,229,0.0008370457
312,229,0.0007951874
313,229,0.00074538775
314,229,0.00103507
315,229,0.0007374063
316,229,0.00043864734
317,229,0.00028434675
318,229,0.0006938791
319,229,0.00073518977
320,229,0.00030706078
321,229,0.00057139434
322,229,0.0005958583
323,229,0.00022202358
324,229,0.0005075447
325,229,0.00085346587
326,229,0.00048345327
327,229,0.00096889026
328,229,0.0005813446
329,229,0.0004817918
330,229,0.00037225056
331,229,0.00010587182
332,229,0.0004204847
333,229,0.0009088069
334,229,0.0007243911
335,229,0.0005264785
336,229,0.00037865154
337,229,0.0012681596
338,229,0.00031681824
339,229,0.000347618
340,229,0.00026452355
341,229,0.0007257471
342,229,0.00083236024
343,229,0.0008839974
344,229,0.00028300844
345,229,
346,229,0.00050275493
347,229,0.00020840205
348,229,0.0007523075
349,229,0.0006402945
350,229,0.00064806174
351,229,0.0005901009
352,229,0.0003831312
353,229,0.00072350726
354,229,0.0006980365
355,229,0.0008582808
356,229,0.00057681184
357,229,0.0006767921
358,229,0.0004422618
359,229,0.0002468489
360,229,0.00056234375
361,229,-8.841697e-05
362,229,0.00027168542
363,229,0.00071801804
364,229,-2.5333837e-05
365,229,0.00011651404
366,229,0.00054994784
367,229,0.000229639
368,229,0.0002818145
369,229,0.0005717417
370,229,0.00038852077
371,229,0.0008452935
372,229,0.00045624748
373,229,0.00031909905
374,229,0.00079957955
375,229,0.00061077066
376,229,0.00036487542
377,229,0.0004973626
378,229,0.0004855264
379,229,0.00048138388
380,229,0.001048089
381,229,0.0004437752
382,229,0.0008080397
383,229,0.0010298127
384,229,0.00021968782
385,229,0.0005001519
386,229,0.0003590919
387,229,0.0009563407
388,229,0.00089086685
389,229,0.0008994825
390,229,0.00083796214
391,229,0.00053992495
392,229,0.0003959462
393,229,0.00052600633
394,229,0.0004658196
395,229,0.0004531555
396,229,0.00066986773
397,229,0.00039574783
398,229,0.00062575936
399,229,0.0007119598
400,229,0.00046492927
401,229,0.000572362
402,229,0.00049558375
403,229,0.00071565434
404,229,0.0007527983
405,229,0.0008101482
406,229,0.0007622661
407,229,0.0008555036
408,229,0.00027489103
409,229,0.0005903151
410,229,0.00067908876
411,229,4.152488e-05
412,229,0.00061730295
413,229,0.0002804445
414,229,0.0006332239
415,229,0.00065491814
416,229,0.0007380992
417,229,0.0009898124
418,229,0.00045792665
419,229,0.0005939407
420,229,0.0006255293
421,229,0.0006963322
422,229,0.00059543736
423,229,0.0007572714
424,229,0.00048678182
425,229,0.0008032229
426,229,0.00039172918
427,229,0.00050889514
428,229,0.00066351704
429,229,7.358845e-05
430,229,0.00013708323
431,229,0.0005046362
432,229,0.00074927695
433,229,0.00060847774
434,229,0.0007373858
435,229,2.9647723e-05
436,229,0.00062460825
437,229,0.00018004328
438,229,0.0005426444
439,229,0.00037544593
440,229,0.0004018573
441,229,0.0005323561
442,229,0.0006442126
443,229,0.00036950968
444,229,0.0007687388
445,229,0.00039941724
446,229,0.00037272368
447,229,0.00079820957
448,229,0.00054004975
449,229,-0.00010616239
450,229,9.7278506e-05
451,229,0.00092068873
452,229,0.0005283356
453,229,0.0007166192
454,229,0.00054330286
455,229,0.00011346117
456,229,0.00058336183
457,229,8.049328e-05
458,229,0.00046999566
459,229,0.00034469552
460,229,-0.00022033602
461,229,0.0005751075
462,229,0.000454437
463,229,0.00076274294
464,229,0.0003925115
465,229,0.0005273232
466,229,0.0005526887
467,229,0.0005035484
468,229,0.00012432504
469,229,8.541718e-05
470,229,0.00051238574
471,229,7.402245e-05
472,229,0.00029768702
473,229,0.0007899897
474,229,0.0006999774
475,229,0.00038737245
476,229,0.00033084583
477,229,0.00071448553
478,229,0.00058908015
479,229,0.00058793183
480,229,0.0011158185
481,229,0.0009292476
482,229,0.00046307407
483,229,0.00047147833
484,229,-6.1174855e-05
485,229,0.00083710905
486,229,0.0006380286
487,229,0.00039226748
488,229,0.00044145342
489,229,0.0009979699
490,229,0.0007505575
491,229,0.00079050194
492,229,0.0005515395
493,229,0.0010422468
494,229,0.001074627
0,230,0.00060608424
1,230,0.000896981
2,230,
3,230,
4,230,
5,230,0.00096148346
6,230,0.0011172341
7,230,
8,230,
9,230,
10,230,0.0013703974
11,230,0.00066529773
12,230,0.0006260453
13,230,0.00047652703
14,230,0.0010628663
15,230,0.0006971238
16,230,0.001283736
17,230,0.0006089499
18,230,0.00025404803
19,230,0.00079943985
20,230,0.0008051833
21,230,0.00074519217
22,230,-4.0225685e-05
23,230,0.0010993341
24,230,0.0006434852
25,230,0.00069358107
26,230,0.0004644962
27,230,0.00043334998
28,230,0.00086818915
29,230,0.0005385
30,230,0.0008585835
31,230,0.0008095177
32,230,0.0004727766
33,230,-2.7232803e-05
34,230,0.00055723265
35,230,0.00077244453
36,230,0.00078881346
37,230,0.0008944012
38,230,0.0009984337
39,230,0.0011150818
40,230,0.0011063116
41,230,0.0011143703
42,230,0.0012975717
43,230,0.001129847
44,230,0.0011824667
45,230,0.0011020061
46,230,0.0012589609
47,230,0.0010676691
48,230,0.0010308567
49,230,0.0012234515
50,230,0.0012468565
51,230,0.0013591358
52,230,0.0012525525
53,230,0.0011584405
54,230,0.0009275209
55,230,0.0010024551
56,230,0.0007624477
57,230,0.0006907033
58,230,0.00086041633
59,230,0.0011169463
60,230,0.0011085281
61,230,0.0012939526
62,230,0.00089157
63,230,0.0005208766
64,230,0.00064684823
65,230,0.0005668551
66,230,0.00044813473
67,230,0.0009595724
68,230,0.00044543948
69,230,0.00025164802
70,230,0.0005797725
71,230,0.00044508092
72,230,0.00017562509
73,230,0.0006322004
74,230,0.00060818624
75,230,0.00060268585
76,230,0.0005296413
77,230,0.0007550167
78,230,0.0003512567
79,230,0.00042970479
80,230,0.00019083917
81,230,0.00018403772
82,230,0.0008092029
83,230,0.00034398958
84,230,0.0003309436
85,230,0.0003659511
86,230,0.0012039272
87,230,0.0005438952
88,230,-0.00029629283
89,230,0.0007072799
90,230,0.00032907818
91,230,5.0022267e-05
92,230,0.00062722806
93,230,0.00035491306
94,230,0.0005154582
95,230,0.0006757472
96,230,0.0004686946
97,230,0.00042470172
98,230,0.0004950147
99,230,0.00090159476
100,230,0.00095836073
101,230,0.000963714
102,230,0.00079626497
103,230,0.0007862691
104,230,0.0011048233
105,230,0.00062810816
106,230,0.0005919039
107,230,0.000918285
108,230,0.00071765203
109,230,0.00101039
110,230,0.0007788893
111,230,0.00104158
112,230,0.0008109687
113,230,0.0013714172
114,230,0.0013750019
115,230,0.00078818575
116,230,0.0011565452
117,230,0.0007825829
118,230,0.0010539079
119,230,0.00056863856
120,230,0.00094689615
121,230,0.00070735905
122,230,0.00075716805
123,230,0.00080798566
124,230,0.0009818813
125,230,0.0009112032
126,230,0.0008656932
127,230,0.0005054781
128,230,0.0005393103
129,230,0.0009473851
130,230,0.000551071
131,230,0.0010463642
132,230,0.0006264504
133,230,0.00029716827
134,230,0.0008558547
135,230,0.00080513954
136,230,0.00055637024
137,230,-2.8081238e-05
138,230,-0.000104868785
139,230,0.0008202847
140,230,0.00031549856
141,230,0.0006581051
142,230,0.0003885394
143,230,-0.00017307326
144,230,0.0005547302
145,230,0.00043178536
146,230,0.0007117735
147,230,0.0007690005
148,230,
149,230,
150,230,0.00058772694
151,230,0.00091527216
152,230,0.00065567065
153,230,0.00047365203
154,230,0.00054398086
155,230,0.00063401647
156,230,0.00028155744
157,230,0.00049725454
158,230,0.00025413092
159,230,0.0005474817
160,230,0.000673566
161,230,0.00067187846
162,230,0.0005530808
163,230,-9.619258e-05
164,230,0.00052097254
165,230,0.0007317122
166,230,0.0004754439
167,230,0.0012238966
168,230,0.0003529936
169,230,0.00030693598
170,230,0.0007039765
171,230,0.0010744855
172,230,0.00014625303
173,230,0.00046155974
174,230,0.0008577453
175,230,0.0003303457
176,230,0.00025138445
177,230,0.00039643236
178,230,0.00039500277
179,230,0.00022706855
180,230,0.00062129926
181,230,0.00024437066
182,230,0.0002965983
183,230,0.00068863574
184,230,0.0010219011
185,230,0.00047712587
186,230,0.0005745571
187,230,2.601929e-05
188,230,0.0009062821
189,230,0.0008703936
190,230,0.00074426085
191,230,-0.000264626
192,230,0.00031529088
193,230,0.000362996
194,230,0.0006776778
195,230,0.00026021898
196,230,0.00035162363
197,230,0.0004484309
198,230,0.000486888
199,230,0.0002920581
200,230,0.0005801078
201,230,0.0001638541
202,230,0.0011721812
203,230,6.422121e-05
204,230,0.00041053724
205,230,0.00078605954
206,230,0.00057022553
207,230,0.0008141259
208,230,0.00030713435
209,230,0.00083906855
210,230,0.001006647
211,230,0.0004901644
212,230,0.00039791223
213,230,0.000493017
214,230,0.00062400196
215,230,0.00061665755
216,230,0.00086375885
217,230,
218,230,
219,230,
220,230,0.0011895467
221,230,
222,230,
223,230,0.00054961815
224,230,0.0006233817
225,230,0.00060599856
226,230,0.0005934695
227,230,0.00024317112
228,230,0.0008443622
229,230,0.0004602624
230,230,0.00046354719
231,230,0.00012652576
232,230,0.0005195504
233,230,0.0008770218
234,230,0.00048625842
235,230,0.0005652625
236,230,0.0010532327
237,230,0.00080280844
238,230,0.00024002697
239,230,0.0002402123
240,230,0.0006584311
241,230,0.00065377913
242,230,0.0010926332
243,230,0.0007566521
244,230,5.1008537e-05
245,230,0.00036461093
246,230,0.0006054444
247,230,0.00041840877
248,230,0.00045428053
249,230,4.7113746e-05
250,230,0.0006069001
251,230,0.0002370188
252,230,0.0005570967
253,230,0.0008590007
254,230,0.00045444258
255,230,1.8645078e-06
256,230,0.00057592057
257,230,0.0004521832
258,230,0.00034250598
259,230,-0.00013112836
260,230,
261,230,
262,230,
263,230,
264,230,
265,230,0.0008326471
266,230,0.0003643399
267,230,0.00032631587
268,230,0.00029617827
269,230,8.780323e-05
270,230,0.00068555307
271,230,0.00081572775
272,230,0.0007389402
273,230,0.00091484
274,230,0.000170758
275,230,0.00038874615
276,230,0.00045781676
277,230,0.0009146705
278,230,0.00036556832
279,230,5.0612725e-05
280,230,0.00076395925
281,230,0.0006285589
282,230,0.00055868365
283,230,0.0007651355
284,230,0.0006204741
285,230,0.0009275973
286,230,0.00030792598
287,230,0.00084663555
288,230,0.00033951458
289,230,0.0005451562
290,230,0.00024039298
291,230,0.00016493071
292,230,0.00070822984
293,230,0.00078445766
294,230,-8.40053e-06
295,230,0.0010707518
296,230,0.0005638441
297,230,0.00052120443
298,230,0.0003094785
299,230,0.0006031487
300,230,4.7015958e-05
301,230,0.0007720776
302,230,0.0005476028
303,230,0.00081767794
304,230,0.00037652534
305,230,0.00074547715
306,230,0.0005384637
307,230,0.00077616144
308,230,0.0005154647
309,230,0.00079168193
310,230,0.0006817682
311,230,0.0010424657
312,230,0.00043444056
313,230,0.0006553149
314,230,0.0004051784
315,230,0.00082349684
316,230,0.0006140964
317,230,0.0002708165
318,230,3.222376e-06
319,230,2.999045e-05
320,230,0.00039044302
321,230,0.00072797574
322,230,0.00078887027
323,230,0.0002769204
324,230,0.00057517085
325,230,0.0008468544
326,230,0.00042791106
327,230,0.00056490395
328,230,0.00016824063
329,230,0.001046706
330,230,0.0006943336
331,230,0.00090821553
332,230,0.00086178817
333,230,0.0009740088
334,230,0.00023250189
335,230,0.0005106004
336,230,0.0006157709
337,230,-6.7576766e-06
338,230,0.00034961663
339,230,-0.000107777305
340,230,0.0009125266
341,230,0.00034080073
342,230,0.0005151704
343,230,0.00042630918
344,230,0.00067761354
345,230,
346,230,0.000934992
347,230,0.00028011017
348,230,0.0008954946
349,230,0.0004352564
350,230,0.0010160347
351,230,0.0013807546
352,230,0.0006256327
353,230,0.0006394051
354,230,0.0006580334
355,230,0.00041886698
356,230,0.0006050626
357,230,0.000115481205
358,230,0.0010745013
359,230,0.0004791338
360,230,-0.00012963079
361,230,-0.0001700148
362,230,0.0007393323
363,230,0.0006577419
364,230,0.00019590277
365,230,0.00012837909
366,230,0.0003144862
367,230,0.001074614
368,230,0.00019779708
369,230,0.00052168407
370,230,0.0010582153
371,230,0.00058311876
372,230,0.00029017776
373,230,0.00073622074
374,230,0.00025026873
375,230,8.7997876e-05
376,230,0.0002944898
377,230,0.00078267977
378,230,0.00019998755
379,230,0.00041254144
380,230,0.00053238496
381,230,0.000827441
382,230,0.00042698253
383,230,0.00037997589
384,230,0.0008609267
385,230,0.0011003334
386,230,0.0005405424
387,230,0.00052639376
388,230,0.0005866438
389,230,0.0010338947
390,230,0.00052936375
391,230,0.0006406633
392,230,0.00029339362
393,230,0.00074496306
394,230,0.00044344924
395,230,0.00092641823
396,230,0.00061949436
397,230,0.000796807
398,230,0.00041487347
399,230,0.0006359769
400,230,0.00075952243
401,230,0.00065153465
402,230,0.0008542007
403,230,0.000702817
404,230,0.00058299024
405,230,0.0005828012
406,230,0.00071748625
407,230,0.0003785398
408,230,0.0007427586
409,230,0.00050394516
410,230,0.00094358437
411,230,0.00019171182
412,230,0.00027966592
413,230,0.00014222786
414,230,0.0008902494
415,230,0.0009794729
416,230,0.0004401086
417,230,0.00041439384
418,230,0.00039468706
419,230,0.0012638979
420,230,0.0005656602
421,230,0.00036270078
422,230,0.0010657366
423,230,0.00093877036
424,230,0.0010366663
425,230,-3.0417927e-05
426,230,0.00028890837
427,230,0.0009266492
428,230,0.00046580937
429,230,0.0006826706
430,230,0.000263568
431,230,0.0006423667
432,230,-2.6262365e-05
433,230,0.00085330755
434,230,0.00083930604
435,230,0.00042000972
436,230,0.0005915696
437,230,0.0012161722
438,230,0.0006609354
439,230,0.0006897459
440,230,0.00046096742
441,230,0.00065223966
442,230,0.00037050992
443,230,0.0011116881
444,230,0.00018720143
445,230,0.000424264
446,230,0.001043858
447,230,0.00065291766
448,230,-5.940348e-05
449,230,-0.00013829581
450,230,0.00037150085
451,230,0.00021633506
452,230,4.2002648e-05
453,230,0.00047845766
454,230,0.00021023024
455,230,0.00017130934
456,230,0.00016405154
457,230,0.00041547045
458,230,0.0011116369
459,230,0.00056262873
460,230,0.00068301987
461,230,0.00014400948
462,230,0.00064863265
463,230,0.00039343536
464,230,0.00014506932
465,230,0.0006449893
466,230,0.00023222156
467,230,0.00085185
468,230,0.0008315798
469,230,0.00051639415
470,230,9.510666e-05
471,230,0.0010960568
472,230,0.0005459888
473,230,0.0003858423
474,230,0.0010661678
475,230,0.0005060844
476,230,0.0006858753
477,230,0.0006579906
478,230,0.0005037831
479,230,0.00047873892
480,230,0.00049861614
481,230,0.0008680774
482,230,0.000594968
483,230,0.0003958065
484,230,0.00045131333
485,230,0.00045362208
486,230,0.00033164397
487,230,0.00085603073
488,230,0.00082110055
489,230,0.0004934361
490,230,0.0005175127
491,230,0.0002764389
492,230,0.0007465761
493,230,0.0011644475
494,230,0.0011042496
0,231,0.001134919
1,231,0.00016671419
2,231,
3,231,
4,231,
5,231,
6,231,0.00085777976
7,231,0.0007488262
8,231,
9,231,
10,231,
11,231,0.0006318027
12,231,
13,231,0.0009409189
14,231,0.0009880261
15,231,0.00052365754
16,231,0.00054647867
17,231,0.00013365876
18,231,0.00046594162
19,231,0.0004996974
20,231,0.00062425993
21,231,0.00020128582
22,231,0.0004972974
23,231,0.00067370106
24,231,0.00057074707
25,231,0.00075106695
26,231,0.00059310347
27,231,0.0006708503
28,231,0.00039104372
29,231,0.000613736
30,231,0.00031431392
31,231,0.00072109606
32,231,0.0007037427
33,231,0.0005857926
34,231,0.0007589329
35,231,0.0009783749
36,231,0.0010170937
37,231,0.0012522973
38,231,0.0012354152
39,231,0.0011801533
40,231,0.0011253022
41,231,0.0012234449
42,231,0.0011227801
43,231,0.0013810955
44,231,0.0012177015
45,231,0.001185556
46,231,0.0010362985
47,231,0.0011194879
48,231,0.0010273997
49,231,0.0011922438
50,231,0.0010091588
51,231,0.0009752894
52,231,0.0010811854
53,231,0.0009401357
54,231,0.00094438903
55,231,0.0010873871
56,231,0.00090918224
57,231,0.0008951528
58,231,0.0011123577
59,231,0.0012297798
60,231,0.00092064403
61,231,0.00096729584
62,231,0.00074849185
63,231,0.00041808467
64,231,0.0006930623
65,231,0.00064082444
66,231,0.00066529587
67,231,0.00045930315
68,231,0.000110608526
69,231,0.00047816057
70,231,0.00030319951
71,231,0.00016016513
72,231,0.00030373875
73,231,0.00053226855
74,231,0.00042805728
75,231,0.0005582459
76,231,0.00018175505
77,231,0.00029899552
78,231,0.00024530664
79,231,9.535812e-05
80,231,0.00023901183
81,231,0.00056479964
82,231,0.0005628839
83,231,0.0007177647
84,231,0.0006112419
85,231,0.00037021376
86,231,0.00032397918
87,231,0.00040616188
88,231,0.000928347
89,231,0.0004976168
90,231,0.0005356185
91,231,0.00038123783
92,231,0.00010284688
93,231,0.00070474204
94,231,0.0007541487
95,231,0.000778812
96,231,0.00084901415
97,231,0.0008980585
98,231,0.0009925943
99,231,0.0006878916
100,231,0.0009562634
101,231,0.00084233936
102,231,0.0008752728
103,231,0.0007582754
104,231,0.0009471541
105,231,0.00083678216
106,231,0.0010942323
107,231,0.0007320605
108,231,0.0008874973
109,231,0.0005903803
110,231,0.00093831494
111,231,0.0009410195
112,231,0.00093643274
113,231,0.0010032654
114,231,0.0007553976
115,231,0.0013178531
116,231,0.0008970648
117,231,0.0011041649
118,231,0.0010166345
119,231,0.0009834301
120,231,0.00090216845
121,231,0.0010070456
122,231,0.0011286438
123,231,0.0012647407
124,231,0.0008254517
125,231,0.0009396365
126,231,0.00058471505
127,231,0.0009114789
128,231,0.00074468646
129,231,0.0009917635
130,231,0.00046140328
131,231,0.00059303455
132,231,0.00055440236
133,231,0.00088426005
134,231,0.00076003745
135,231,0.0007298915
136,231,0.00027185585
137,231,0.0004921118
138,231,-0.00014006067
139,231,0.00078880694
140,231,8.189026e-05
141,231,0.00061396696
142,231,0.000892045
143,231,0.0004970897
144,231,0.00076797325
145,231,0.00052262656
146,231,0.0001863148
147,231,0.00059199333
148,231,
149,231,
150,231,0.00049085915
151,231,0.0004447652
152,231,0.00039305817
153,231,0.0005095126
154,231,0.0007311497
155,231,0.00025861524
156,231,0.0008298205
157,231,0.0010184525
158,231,-2.2658147e-05
159,231,1.15819275e-05
160,231,0.00014813151
161,231,0.00050945766
162,231,-0.00039932318
163,231,0.00036717113
164,231,-0.00014638063
165,231,0.00030932203
166,231,0.0007812418
167,231,0.0002022218
168,231,0.00066312775
169,231,0.00074023847
170,231,5.7064928e-05
171,231,0.00072873756
172,231,0.0009820517
173,231,0.00012261793
174,231,0.0005916087
175,231,0.00014449097
176,231,0.00067736395
177,231,6.248895e-05
178,231,0.0002638651
179,231,0.00048028864
180,231,0.00088213943
181,231,-3.4865923e-05
182,231,0.000112741254
183,231,0.00042071007
184,231,0.00023378897
185,231,0.0007623341
186,231,0.00045532174
187,231,0.0005244026
188,231,0.00049319863
189,231,0.00030264445
190,231,0.0006592553
191,231,0.0001998702
192,231,0.00011637714
193,231,0.0005863644
194,231,0.0007789191
195,231,0.00081098266
196,231,0.00030003674
197,231,0.00041911937
198,231,0.0006396994
199,231,0.00018391013
200,231,0.00046607386
201,231,0.00064195227
202,231,0.0003979653
203,231,0.00042170286
204,231,0.00045280997
205,231,0.0006544525
206,231,0.00039012916
207,231,0.0003837403
208,231,0.0008233255
209,231,0.0006413292
210,231,0.0008361619
211,231,0.00026631728
212,231,0.00025148597
213,231,0.00028181542
214,231,0.0005450919
215,231,0.00048008002
216,231,0.0005136719
217,231,
218,231,
219,231,
220,231,
221,231,
222,231,
223,231,
224,231,0.00045550242
225,231,0.0004900042
226,231,0.000573325
227,231,0.0006609252
228,231,0.000291395
229,231,-7.61617e-05
230,231,0.00028668996
231,231,0.0009599263
232,231,7.7920966e-05
233,231,0.0002057571
234,231,0.00030275527
235,231,0.0007586824
236,231,0.00017040875
237,231,0.0006401371
238,231,
239,231,0.00022053998
240,231,-3.6768615e-06
241,231,8.5433945e-05
242,231,0.000201324
243,231,0.00027019437
244,231,0.00034274254
245,231,0.0007801447
246,231,0.00053623226
247,231,0.0006828848
248,231,6.210059e-05
249,231,0.0007955348
250,231,0.0002260739
251,231,0.000333203
252,231,0.00072285626
253,231,0.00044927
254,231,0.00010715239
255,231,0.00018018857
256,231,0.00051300786
257,231,0.00061325356
258,231,0.00041667838
259,231,0.0004384918
260,231,
261,231,
262,231,
263,231,
264,231,
265,231,
266,231,0.00038943812
267,231,0.00057950336
268,231,0.0011348445
269,231,0.00048939046
270,231,0.0005333796
271,231,5.008094e-05
272,231,0.0006982889
273,231,0.00048366934
274,231,0.00030411687
275,231,0.00028772466
276,231,0.0002721576
277,231,0.0006456841
278,231,0.0008936599
279,231,0.0004447233
280,231,0.00016836822
281,231,0.0007133763
282,231,0.00081965793
283,231,0.0006728815
284,231,0.00044835918
285,231,0.00054277945
286,231,0.0008752765
287,231,0.00068064407
288,231,0.0007860223
289,231,0.00060553104
290,231,0.00048380718
291,231,0.00034113042
292,231,0.00039353129
293,231,0.00049983803
294,231,0.0006414037
295,231,0.0005496694
296,231,0.0013028998
297,231,0.00077548437
298,231,0.00027662888
299,231,0.0008464148
300,231,0.00046827737
301,231,0.00087608397
302,231,0.0012814905
303,231,0.00065456517
304,231,0.0006859973
305,231,0.00043028593
306,231,0.0006400151
307,231,-8.8863075e-05
308,231,0.0003889557
309,231,0.0011719232
310,231,0.0007519815
311,231,-0.0001927428
312,231,0.00061714463
313,231,0.00025516283
314,231,0.00078737177
315,231,0.0002459567
316,231,0.00022335816
317,231,0.00052875094
318,231,0.00017291028
319,231,0.0009338036
320,231,0.00027109683
321,231,9.6792355e-06
322,231,0.00084244926
323,231,0.0008845059
324,231,0.0007485645
325,231,0.0005674949
326,231,0.00035802368
327,231,0.0009061657
328,231,0.00023868866
329,231,0.00045355782
330,231,0.00029435474
331,231,0.0007732948
332,231,0.00030324608
333,231,0.0003177598
334,231,0.00013084989
335,231,0.0005668858
336,231,-4.030019e-05
337,231,0.00072516315
338,231,0.0006799428
339,231,0.00044174585
340,231,0.00095600635
341,231,0.00069290586
342,231,0.0003889138
343,231,0.00026976783
344,231,-3.2255426e-05
345,231,
346,231,0.0011399006
347,231,0.00074847974
348,231,0.00076672435
349,231,0.00035988446
350,231,0.00079140626
351,231,0.0002649827
352,231,0.00092546735
353,231,0.00064500887
354,231,0.0003850814
355,231,0.00017173588
356,231,0.00012610853
357,231,0.00037306827
358,231,0.0005356511
359,231,0.00045000482
360,231,0.00068470277
361,231,9.335857e-05
362,231,0.00071914215
363,231,0.0006965101
364,231,0.0005448526
365,231,0.00033940747
366,231,0.000744828
367,231,0.000592961
368,231,0.00022284221
369,231,0.00063574687
370,231,0.00070271455
371,231,0.00058595836
372,231,0.0007084254
373,231,0.0006163642
374,231,0.0006343853
375,231,0.00089762267
376,231,0.0006192196
377,231,0.0005980106
378,231,0.00057443045
379,231,0.0008426588
380,231,0.00060733035
381,231,0.00084272027
382,231,0.00061794557
383,231,0.0008929586
384,231,0.0003122855
385,231,0.0010864027
386,231,0.00093441457
387,231,-9.286124e-05
388,231,0.0006178785
389,231,0.00014665723
390,231,0.0006985087
391,231,0.0004198756
392,231,0.0008384688
393,231,0.00085808616
394,231,0.0005243346
395,231,0.0009637894
396,231,0.0005865684
397,231,0.00059481524
398,231,0.00017815456
399,231,0.00046980008
400,231,0.00089402683
401,231,0.00016286876
402,231,0.00032186415
403,231,0.00029998645
404,231,0.0009315908
405,231,0.00029598922
406,231,0.00040935352
407,231,0.00012407172
408,231,0.00084372144
409,231,0.0003207149
410,231,0.0004918836
411,231,0.000967565
412,231,0.0007740464
413,231,0.00049406383
414,231,0.00037529878
415,231,0.000431085
416,231,0.00045954902
417,231,0.00040731393
418,231,0.0009580143
419,231,0.00039142556
420,231,0.0006754501
421,231,0.0009417869
422,231,0.0003390815
423,231,0.0007454455
424,231,0.00037593022
425,231,0.00048971176
426,231,0.0005649058
427,231,0.00041554868
428,231,0.0006355848
429,231,0.00029905327
430,231,0.0005143527
431,231,0.00044814125
432,231,0.00021087658
433,231,0.00055731833
434,231,0.00013425574
435,231,0.00063121784
436,231,0.00068569835
437,231,0.00046483614
438,231,0.0008145701
439,231,0.00087917317
440,231,0.0008027293
441,231,0.00043692254
442,231,0.0007128976
443,231,0.0002552634
444,231,0.00086581986
445,231,0.0001660958
446,231,0.00055706315
447,231,3.039185e-05
448,231,0.00042437017
449,231,0.0002169609
450,231,0.00035091955
451,231,0.00039816927
452,231,7.1844086e-05
453,231,0.0003809696
454,231,0.00020927098
455,231,-0.00027003977
456,231,0.00030880515
457,231,0.0005013598
458,231,0.0003281189
459,231,0.00047995802
460,231,0.00020178687
461,231,0.0006746249
462,231,0.00045077782
463,231,0.0009797635
464,231,0.00043736398
465,231,0.00055488665
466,231,0.0004794253
467,231,0.00074397214
468,231,0.0008126842
469,231,0.0004721284
470,231,0.00032289512
471,231,0.00044880714
472,231,-3.066566e-05
473,231,0.00032390002
474,231,0.0005596364
475,231,0.00035122596
476,231,0.00035392214
477,231,0.00058984756
478,231,0.00037068408
479,231,0.00039234944
480,231,0.00078000035
481,231,0.00059413444
482,231,0.0005439818
483,231,0.00067642145
484,231,0.0005303696
485,231,0.00048207585
486,231,0.0009769993
487,231,0.0005468726
488,231,0.00039169658
489,231,0.00043813977
490,231,0.0006968472
491,231,0.0010407344
492,231,0.0007217685
493,231,0.00044057332
494,231,0.00013935752
0,232,0.000656073
1,232,
2,232,
3,232,0.0007318659
4,232,
5,232,0.0013174443
6,232,
7,232,
8,232,0.0008684527
9,232,0.00062477496
10,232,1.0306016e-05
11,232,0.00079435296
12,232,0.0012254212
13,232,0.00063072983
14,232,0.0006325757
15,232,0.00076233596
16,232,0.0009807646
17,232,0.00020402763
18,232,0.0005393531
19,232,0.0008999398
20,232,-0.00017753243
21,232,0.00035059173
22,232,0.0004308829
23,232,0.00046891347
24,232,0.0004941635
25,232,0.00049233064
26,232,0.0008385582
27,232,0.0006999355
28,232,2.2492371e-05
29,232,0.0008959174
30,232,0.00013311021
31,232,0.00043461565
32,232,0.00030979794
33,232,0.0009868601
34,232,0.0012049209
35,232,0.0009098891
36,232,0.0010961667
37,232,0.0010261796
38,232,0.0008581802
39,232,0.0010886872
40,232,0.0012119366
41,232,0.0010321345
42,232,0.0011045169
43,232,0.0010516904
44,232,0.0010495046
45,232,0.0010206671
46,232,0.0010167565
47,232,0.001237805
48,232,0.0012789238
49,232,0.0010278095
50,232,0.0011149878
51,232,0.0013265982
52,232,0.00088905357
53,232,0.0010012938
54,232,0.0011649113
55,232,0.00094824564
56,232,0.0010886677
57,232,0.0011906596
58,232,0.00088284444
59,232,0.000976787
60,232,0.0007395521
61,232,0.0010425607
62,232,0.0011409335
63,232,0.0013625901
64,232,0.0010473942
65,232,0.0005884366
66,232,0.000777876
67,232,0.0005652495
68,232,0.0005575819
69,232,0.0005566878
70,232,0.0008639423
71,232,0.000110693276
72,232,0.000736719
73,232,0.0003157286
74,232,0.00037087686
75,232,0.00029652566
76,232,0.00074896216
77,232,0.0004506046
78,232,0.00055362005
79,232,0.0003341511
80,232,0.000479687
81,232,0.00048551336
82,232,0.00047103502
83,232,0.0002595894
84,232,3.538467e-05
85,232,0.0006600451
86,232,0.00043287873
87,232,0.000916929
88,232,0.00058951415
89,232,0.00039571058
90,232,2.1827407e-05
91,232,0.00045099668
92,232,0.0006480869
93,232,-0.00015187729
94,232,0.0010185372
95,232,0.0005563721
96,232,0.00080529694
97,232,0.00067224354
98,232,0.0006008465
99,232,0.0007547885
100,232,0.0009822417
101,232,0.0011669891
102,232,0.00091381
103,232,0.0009939177
104,232,0.0011641765
105,232,0.0008406555
106,232,0.0010057222
107,232,0.00093084667
108,232,0.0012176866
109,232,0.0007073609
110,232,0.0012363801
111,232,0.00066677853
112,232,0.0008413149
113,232,0.0007090643
114,232,0.0007828204
115,232,0.0010689888
116,232,0.0007062843
117,232,0.00057501625
118,232,0.00086158793
119,232,0.0007131882
120,232,0.0005253758
121,232,0.0004824493
122,232,0.00080227666
123,232,0.0007411558
124,232,0.0011434183
125,232,0.00046694372
126,232,0.0006343564
127,232,0.000993859
128,232,0.00036008097
129,232,0.0004917858
130,232,0.00077453814
131,232,0.00046930183
132,232,0.0007089982
133,232,0.00071998406
134,232,0.0009691529
135,232,0.0003030328
136,232,0.00039685052
137,232,0.0002686968
138,232,0.00066566933
139,232,0.0004698271
140,232,0.00034230016
141,232,0.0009607095
142,232,0.00043996517
143,232,0.00093655195
144,232,0.0005403105
145,232,0.00010756776
146,232,0.0008563325
147,232,0.00045121368
148,232,
149,232,
150,232,0.00067644287
151,232,0.0004960159
152,232,0.00026891194
153,232,0.0005364679
154,232,0.00080117583
155,232,0.0006796736
156,232,0.0009718677
157,232,0.0010792408
158,232,0.00026777107
159,232,0.00022532325
160,232,0.00035979785
161,232,0.00014462788
162,232,0.00034180935
163,232,0.00075857993
164,232,0.0004123766
165,232,0.0008762507
166,232,0.00043838844
167,232,0.0008638296
168,232,0.0003217114
169,232,0.0011144588
170,232,0.0011687027
171,232,0.0003921222
172,232,-1.0445714e-05
173,232,0.00033861585
174,232,-0.00011438038
175,232,0.0007160334
176,232,0.00057400577
177,232,0.00051929895
178,232,0.0007979125
179,232,0.00050981436
180,232,0.00062588137
181,232,0.00047982577
182,232,0.0006341431
183,232,7.5984746e-05
184,232,0.000516749
185,232,0.0006924169
186,232,0.0003801342
187,232,0.0007389048
188,232,0.00076339673
189,232,0.0009283172
190,232,0.0007346915
191,232,0.0008129794
192,232,0.0003406247
193,232,0.00014165416
194,232,0.00033601
195,232,-5.7753175e-05
196,232,-1.6178004e-05
197,232,0.0007249769
198,232,0.00059490465
199,232,0.000284818
200,232,0.0004239455
201,232,0.0002832422
202,232,0.00058442913
203,232,0.00013577193
204,232,0.0005418705
205,232,0.00038853474
206,232,0.00046569202
207,232,0.0005882811
208,232,0.0003952533
209,232,0.00077556074
210,232,0.00061462726
211,232,0.0011570975
212,232,0.00026695617
213,232,0.0008805394
214,232,0.0007285569
215,232,0.00053054746
216,232,
217,232,
218,232,
219,232,
220,232,
221,232,
222,232,
223,232,
224,232,0.00024631433
225,232,0.0006679008
226,232,0.00035126228
227,232,0.00038108416
228,232,0.000480338
229,232,0.0006195735
230,232,8.557364e-05
231,232,0.00088229775
232,232,0.0008986555
233,232,6.429944e-05
234,232,0.00049996655
235,232,0.0003170846
236,232,0.00040593278
237,232,0.00071707275
238,232,3.253203e-05
239,232,0.000793661
240,232,0.000788982
241,232,4.4343993e-05
242,232,0.0002819365
243,232,0.0006318372
244,232,0.0001651952
245,232,0.0007121181
246,232,0.00043911487
247,232,0.000927981
248,232,0.0010385215
249,232,0.0007589394
250,232,0.00027953833
251,232,0.00034404267
252,232,0.0003903238
253,232,-0.00014779158
254,232,0.00034756772
255,232,0.0004936997
256,232,0.0008059107
257,232,0.0007231813
258,232,
259,232,
260,232,
261,232,
262,232,
263,232,
264,232,
265,232,
266,232,-0.0005485937
267,232,0.0003881473
268,232,0.0005223714
269,232,0.0003748834
270,232,0.0005741939
271,232,0.00020332728
272,232,0.00084196776
273,232,0.00070979167
274,232,0.0003362391
275,232,0.0003582677
276,232,0.00017770473
277,232,0.00013368577
278,232,0.0005292995
279,232,0.0008793054
280,232,0.0005802121
281,232,0.0007353164
282,232,0.0006751083
283,232,0.0006475067
284,232,0.00043588504
285,232,0.0007505547
286,232,0.0009885579
287,232,0.0004619034
288,232,0.00074347015
289,232,0.00058895256
290,232,0.00038153213
291,232,0.0006482899
292,232,0.00072882976
293,232,0.00069088023
294,232,0.0005884664
295,232,0.00015348382
296,232,0.0006871242
297,232,0.00041284226
298,232,0.00053364784
299,232,0.0005859891
300,232,0.0008131033
301,232,0.0003020428
302,232,0.0011348575
303,232,0.0005418807
304,232,0.0002897228
305,232,0.00062914006
306,232,0.000380259
307,232,0.000878931
308,232,0.0006237477
309,232,0.00028023403
310,232,0.00035012793
311,232,-0.0001980057
312,232,0.00061896816
313,232,0.00043588132
314,232,0.0005297009
315,232,0.00057407934
316,232,0.0007657055
317,232,0.00034368504
318,232,0.0011407016
319,232,0.0004821699
320,232,0.0008652061
321,232,0.0008917637
322,232,0.00093827676
323,232,0.00059015304
324,232,0.00050129835
325,232,0.00084167067
326,232,0.00048042368
327,232,0.00054188445
328,232,0.00037233625
329,232,0.0009274343
330,232,0.00052779913
331,232,0.00040649343
332,232,0.0009426009
333,232,0.0002839323
334,232,0.00015028752
335,232,0.00061740447
336,232,5.618669e-06
337,232,0.00016478077
338,232,0.0006701499
339,232,0.00043412857
340,232,0.0014436534
341,232,-0.00012674928
342,232,0.00032834988
343,232,0.00067441724
344,232,0.00012147799
345,232,0.0010444904
346,232,0.0006726049
347,232,0.00026246626
348,232,0.00046033226
349,232,0.00089532137
350,232,0.0002239095
351,232,0.00075116474
352,232,6.819237e-05
353,232,0.0010809656
354,232,0.00086487737
355,232,0.0010848586
356,232,0.0007769037
357,232,0.00029152073
358,232,0.00025719963
359,232,0.00030725077
360,232,0.0010329625
361,232,0.0003673397
362,232,0.00075870566
363,232,7.376075e-05
364,232,0.0008599339
365,232,0.000650011
366,232,0.0011953777
367,232,0.0008566957
368,232,0.0007173056
369,232,0.0007785801
370,232,0.0007902486
371,232,0.0005418137
372,232,0.0008678213
373,232,0.0007013241
374,232,0.00046454463
375,232,0.00031404942
376,232,0.000623839
377,232,0.00066244975
378,232,0.0008547781
379,232,-7.1780756e-05
380,232,0.000639895
381,232,0.00023465138
382,232,0.0009579258
383,232,0.00047741923
384,232,9.6431e-05
385,232,0.00055323634
386,232,0.00080687646
387,232,1.7070211e-05
388,232,0.00010081194
389,232,0.000984665
390,232,0.00014857389
391,232,0.0006347876
392,232,0.0008401051
393,232,0.00042356458
394,232,0.00075087603
395,232,0.0003493987
396,232,0.0006305799
397,232,0.0008350704
398,232,0.0010653948
399,232,0.00031676516
400,232,0.00058193784
401,232,0.00077849906
402,232,0.0006210841
403,232,0.00038135145
404,232,0.0011117682
405,232,0.0004976224
406,232,0.00042369217
407,232,0.0003183335
408,232,1.587905e-06
409,232,0.00020284206
410,232,0.00032607187
411,232,0.00058786385
412,232,7.0203096e-05
413,232,0.00055821706
414,232,0.00050872564
415,232,0.00043065846
416,232,0.0012067044
417,232,0.0009674346
418,232,0.000622822
419,232,0.00042337552
420,232,0.0008021565
421,232,0.00070210826
422,232,0.00069030933
423,232,0.0005106013
424,232,0.00054966006
425,232,0.00047675613
426,232,0.00035784766
427,232,0.00081983395
428,232,0.0007353034
429,232,0.0010679746
430,232,0.0007117754
431,232,0.0002233889
432,232,0.0007886486
433,232,0.00031814165
434,232,0.00015795045
435,232,0.00011047255
436,232,0.0007906854
437,232,0.0003722841
438,232,0.00036911853
439,232,0.00036423467
440,232,0.0006249761
441,232,0.00074427295
442,232,0.0006986959
443,232,0.0002867477
444,232,0.00021199603
445,232,-6.868504e-05
446,232,0.00030524936
447,232,-2.95965e-05
448,232,0.00051590335
449,232,0.00031409506
450,232,0.0005740747
451,232,0.00092253834
452,232,0.00062492304
453,232,0.00024165493
454,232,0.00030854065
455,232,0.00080075394
456,232,9.7743236e-05
457,232,0.0004486395
458,232,0.0006438298
459,232,0.00018700492
460,232,0.00032217614
461,232,0.0007553771
462,232,-1.5784055e-05
463,232,0.00040500239
464,232,0.00016332231
465,232,0.0003160918
466,232,0.00040368736
467,232,0.0006968966
468,232,0.00034008082
469,232,0.0002988372
470,232,0.0005961843
471,232,0.0007495731
472,232,0.0006192764
473,232,0.0008184202
474,232,0.00023790449
475,232,0.00039141346
476,232,0.00067120604
477,232,0.0007082792
478,232,0.00062328763
479,232,0.0006581927
480,232,0.0005148193
481,232,0.0006289501
482,232,0.00071757566
483,232,0.00044510514
484,232,0.00083350576
485,232,0.00021767989
486,232,0.00045045745
487,232,0.00038651377
488,232,0.0006602239
489,232,0.00031885318
490,232,0.0005735755
491,232,0.00094818417
492,232,0.0013103681
493,232,0.0009432873
494,232,0.0006265538
0,233,
1,233,0.0012447964
2,233,0.0010067364
3,233,0.0003165137
4,233,0.0005853763
5,233,0.00064639
6,233,
7,233,
8,233,0.00057238434
9,233,0.0009061266
10,233,0.0010096468
11,233,0.00038013794
12,233,0.0007585557
13,233,0.0009115357
14,233,0.00042562094
15,233,0.0006288681
16,233,0.00018955581
17,233,0.00086147524
18,233,0.00037436187
19,233,0.0008231532
20,233,0.0006969245
21,233,0.0006422652
22,233,0.00034075603
23,233,0.00047867652
24,233,0.0007528439
25,233,0.00062693004
26,233,0.0006493982
27,233,0.000718303
28,233,0.000682801
29,233,0.0006472729
30,233,0.00038842764
31,233,0.00079472736
32,233,0.00037865993
33,233,0.001209056
34,233,0.00076012965
35,233,0.0013066288
36,233,0.0011531021
37,233,0.0010291766
38,233,0.0014509894
39,233,0.0011314498
40,233,0.0011993442
41,233,0.0011985805
42,233,0.0013552802
43,233,0.0013062935
44,233,0.00096911564
45,233,0.0012199637
46,233,0.0012492537
47,233,0.0010925094
48,233,0.00083132647
49,233,0.0012325775
50,233,0.0010778904
51,233,0.0011590347
52,233,0.0010583671
53,233,0.0013428386
54,233,0.0010841927
55,233,0.0005650129
56,233,0.0012161126
57,233,0.0013287356
58,233,0.0010253824
59,233,0.0012797583
60,233,0.0009822119
61,233,0.0012471713
62,233,0.0010248274
63,233,0.0014218139
64,233,0.0009971131
65,233,0.00015928503
66,233,0.0006171344
67,233,0.00063940324
68,233,0.0007313844
69,233,0.00030630548
70,233,4.1564927e-05
71,233,0.0007700864
72,233,0.0004669046
73,233,0.00039350055
74,233,0.0003699353
75,233,0.00029773172
76,233,0.00032194983
77,233,0.00034947135
78,233,0.00046387129
79,233,0.00059012417
80,233,0.0006869491
81,233,0.00013269298
82,233,0.0004416695
83,233,0.00029920693
84,233,0.0003616074
85,233,0.0009988714
86,233,0.00061945803
87,233,0.00032968074
88,233,0.00035446044
89,233,0.00020802207
90,233,-0.00010947883
91,233,0.00068307854
92,233,0.0008490337
93,233,-3.9748847e-06
94,233,0.0005858848
95,233,0.00037695654
96,233,0.0006150482
97,233,0.0003420841
98,233,
99,233,0.000703332
100,233,0.00096241944
101,233,0.0009007314
102,233,0.0007545138
103,233,0.001124775
104,233,0.0010291217
105,233,0.001184254
106,233,0.0011685379
107,233,0.000880016
108,233,0.0008449331
109,233,0.00081973616
110,233,0.0010940656
111,233,0.000717978
112,233,0.0010318765
113,233,0.0009623477
114,233,0.0010187905
115,233,0.0006588828
116,233,0.0010056086
117,233,0.0010856129
118,233,0.0012772717
119,233,0.00071974937
120,233,0.0005031191
121,233,0.0005051717
122,233,0.0011088597
123,233,0.00062930956
124,233,0.000762973
125,233,0.0012923656
126,233,0.0004760027
127,233,0.00070200115
128,233,0.0006119814
129,233,0.00038278755
130,233,0.00031039305
131,233,0.0009157676
132,233,0.00045118295
133,233,0.00029488374
134,233,0.0009113606
135,233,0.00068333745
136,233,0.0010720342
137,233,0.00087422784
138,233,0.00012243446
139,233,0.0001598876
140,233,0.00079845265
141,233,0.00036995765
142,233,0.00049311295
143,233,0.00055303983
144,233,-0.00011545513
145,233,0.00051248726
146,233,0.00066886656
147,233,0.0011194618
148,233,0.0007926859
149,233,
150,233,0.0011607958
151,233,0.00080129504
152,233,0.0006348463
153,233,0.00045508333
154,233,0.0010532308
155,233,0.00030935183
156,233,0.00042356644
157,233,0.00020213891
158,233,0.00064414646
159,233,0.0005989382
160,233,-1.6424805e-05
161,233,0.0003221482
162,233,0.0005449895
163,233,0.0010477984
164,233,8.40975e-05
165,233,0.00058784895
166,233,0.0008398304
167,233,0.00078762975
168,233,0.000596297
169,233,0.0003566807
170,233,0.0007924596
171,233,-0.00024188869
172,233,0.00021651294
173,233,0.00090878457
174,233,0.0008572014
175,233,0.00053129345
176,233,0.00042044
177,233,0.00024236739
178,233,0.0008214293
179,233,-3.9797276e-05
180,233,0.0002640076
181,233,0.00032161456
182,233,0.0004720725
183,233,0.0007477673
184,233,0.0006055068
185,233,0.0010603406
186,233,0.00023367722
187,233,0.0003653951
188,233,0.00062838756
189,233,0.00059692655
190,233,0.0003552772
191,233,0.00043502077
192,233,0.00024258532
193,233,0.00095460657
194,233,0.0008319393
195,233,0.0004093945
196,233,0.0006285142
197,233,0.00067209825
198,233,5.472079e-05
199,233,0.00019957498
200,233,0.00017134845
201,233,0.00018479768
202,233,0.00043362938
203,233,0.0006762855
204,233,0.00072093867
205,233,0.000850128
206,233,0.0006735539
207,233,0.0005325638
208,233,0.0003278572
209,233,0.00056729
210,233,0.0010037962
211,233,0.00013175793
212,233,0.0004947707
213,233,0.00036925357
214,233,0.00047524646
215,233,0.00032174587
216,233,0.0009369608
217,233,
218,233,
219,233,0.00078530516
220,233,
221,233,
222,233,
223,233,0.000278824
224,233,
225,233,-5.8969483e-05
226,233,0.000402499
227,233,0.00044010114
228,233,-6.681122e-05
229,233,0.00038080383
230,233,0.00033798162
231,233,0.0005625002
232,233,0.0003678985
233,233,0.00025530346
234,233,0.000678679
235,233,0.00024458207
236,233,0.0005545439
237,233,0.0003987644
238,233,0.000103030354
239,233,0.0002900744
240,233,0.0013562199
241,233,0.00086143706
242,233,0.00085202884
243,233,-6.408617e-05
244,233,0.0005409084
245,233,0.0010326896
246,233,0.00017070398
247,233,7.30278e-05
248,233,0.0002954919
249,233,0.00014616735
250,233,0.00040069874
251,233,0.000435167
252,233,0.00041484274
253,233,0.0004394846
254,233,0.00063200016
255,233,0.0006036293
256,233,0.00041183084
257,233,0.00042069145
258,233,
259,233,
260,233,
261,233,
262,233,
263,233,
264,233,
265,233,
266,233,
267,233,0.00034736842
268,233,0.00010779966
269,233,0.00059527066
270,233,0.0006383592
271,233,0.0008184891
272,233,0.00055798516
273,233,0.00055047125
274,233,0.00023746304
275,233,0.00056355726
276,233,0.00092346314
277,233,0.0006114822
278,233,0.00054596737
279,233,0.000507785
280,233,0.0007104846
281,233,0.00024196785
282,233,0.0007103253
283,233,0.00083281565
284,233,0.00033336226
285,233,0.0004574973
286,233,0.00034168456
287,233,0.00048745144
288,233,0.00084410794
289,233,0.00037840474
290,233,0.0007957015
291,233,0.0003021555
292,233,0.00075373426
293,233,0.00080147665
294,233,0.00021474157
295,233,0.00074136537
296,233,-2.5626272e-05
297,233,0.0008966904
298,233,4.9980357e-05
299,233,0.0004165573
300,233,0.0010076873
301,233,0.00020633452
302,233,0.00049191713
303,233,4.999619e-05
304,233,0.0008674748
305,233,0.0008105468
306,233,0.00058857445
307,233,0.00035153888
308,233,9.2826784e-05
309,233,4.8386864e-05
310,233,0.00094890874
311,233,0.001038461
312,233,0.0009351531
313,233,0.0007336363
314,233,0.00083180796
315,233,0.00030454434
316,233,0.000557594
317,233,0.00061671156
318,233,0.000445229
319,233,0.0010556718
320,233,0.0005725678
321,233,-0.00011456758
322,233,0.0007398948
323,233,0.0010038745
324,233,0.00053873286
325,233,0.00047729816
326,233,0.00082273036
327,233,0.00052977726
328,233,-0.000116918236
329,233,0.00065928325
330,233,-0.00012523774
331,233,0.00079663843
332,233,0.000120853074
333,233,0.0005865032
334,233,8.3997846e-05
335,233,-4.2592175e-05
336,233,0.00021265633
337,233,0.00045196153
338,233,0.0003743004
339,233,0.0007620342
340,233,0.00050125923
341,233,0.0002612304
342,233,0.0003733905
343,233,0.0012039226
344,233,7.0557e-06
345,233,0.00036936998
346,233,0.00063681137
347,233,0.00030178018
348,233,0.00061360095
349,233,0.00095817354
350,233,0.00092795305
351,233,0.00015793554
352,233,0.00052068196
353,233,0.00028595328
354,233,0.00060437527
355,233,0.00062606484
356,233,0.00068372954
357,233,0.00064645056
358,233,0.0009497218
359,233,9.222329e-05
360,233,0.00027339626
361,233,0.0002660146
362,233,0.00056160893
363,233,0.0009653447
364,233,0.0008773692
365,233,0.0004321318
366,233,0.00066272356
367,233,0.00021678489
368,233,0.000603647
369,233,0.000832228
370,233,0.00042735133
371,233,0.0005429229
372,233,0.0003885161
373,233,0.00052865036
374,233,0.000723131
375,233,0.0002925042
376,233,0.00032075308
377,233,0.00043741427
378,233,0.00041463505
379,233,0.0006673066
380,233,0.00017078966
381,233,0.0007708147
382,233,0.00059297774
383,233,0.0007550111
384,233,0.0002807211
385,233,0.0008457918
386,233,0.0006970046
387,233,0.00074408576
388,233,0.00052457117
389,233,0.00058429036
390,233,0.00096428767
391,233,0.00055004377
392,233,0.00092129223
393,233,0.0007183496
394,233,0.0007985281
395,233,0.0007617213
396,233,0.0007934803
397,233,0.00062032323
398,233,0.0007701544
399,233,0.00051338505
400,233,0.00039473828
401,233,0.0005511092
402,233,0.0009526666
403,233,0.00032000896
404,233,0.00038413424
405,233,0.0005218256
406,233,0.0005991049
407,233,0.0006862469
408,233,0.0009876108
409,233,0.00067216344
410,233,0.00046446826
411,233,0.0006732913
412,233,0.00078267045
413,233,0.00038959645
414,233,0.00089396443
415,233,0.0006568115
416,233,0.0009709494
417,233,0.0006706631
418,233,0.00054038875
419,233,0.00053676404
420,233,0.00062880013
421,233,0.0009802701
422,233,0.0007220609
423,233,0.0008405121
424,233,0.0012287023
425,233,0.0009882273
426,233,0.0006666258
427,233,0.00046791695
428,233,0.0005717892
429,233,0.00051774643
430,233,0.00049317814
431,233,0.0007002698
432,233,0.001019707
433,233,0.00061941147
434,233,0.0005277693
435,233,0.00089703314
436,233,0.0006336756
437,233,0.0010215566
438,233,0.0002939012
439,233,0.0004940685
440,233,0.00011955947
441,233,0.00069063157
442,233,0.0007398706
443,233,0.00025295932
444,233,-1.599826e-05
445,233,0.00044428557
446,233,0.0007852195
447,233,0.00048405584
448,233,0.00025344547
449,233,0.00048911944
450,233,0.000658812
451,233,0.0003818283
452,233,0.0001558438
453,233,0.00040753372
454,233,0.0004302757
455,233,0.00078237616
456,233,0.001019163
457,233,0.00036649592
458,233,0.00012291409
459,233,0.0007079812
460,233,0.0007238854
461,233,0.0003554849
462,233,0.0002363678
463,233,0.0001674993
464,233,0.00042511057
465,233,0.00080795493
466,233,0.0005975403
467,233,0.00050169136
468,233,0.00087767653
469,233,0.00067522936
470,233,0.0005409429
471,233,0.000925065
472,233,0.00060227606
473,233,0.0006653778
474,233,4.7652982e-05
475,233,0.00091155805
476,233,0.00033567846
477,233,0.00043890905
478,233,0.00040157977
479,233,0.0004961556
480,233,0.0005661268
481,233,0.0007341122
482,233,0.00012197066
483,233,0.0009430805
484,233,0.0005747108
485,233,0.00056642015
486,233,0.00091470405
487,233,0.00030663423
488,233,0.00016834773
489,233,0.0008967323
490,233,0.000557336
491,233,0.0009313775
492,233,0.0005333265
493,233,0.0007467028
494,233,0.00044653378
0,234,0.0007331846
1,234,0.00075507537
2,234,0.00057359785
3,234,0.00078671984
4,234,0.00090798363
5,234,0.00041194353
6,234,0.0009124968
7,234,
8,234,0.0011984557
9,234,0.00066786166
10,234,0.0011238167
11,234,0.0009871535
12,234,0.00040961988
13,234,0.0007771766
14,234,0.00096789934
15,234,0.00064345356
16,234,0.00019600056
17,234,0.0006869016
18,234,0.0010302225
19,234,0.0008580666
20,234,0.0004223166
21,234,0.00065960456
22,234,0.00047504716
23,234,0.00060732104
24,234,
25,234,0.0007974496
26,234,0.0010761181
27,234,0.00067978445
28,234,0.00077253114
29,234,0.0005968679
30,234,0.0009767236
31,234,0.00048609823
32,234,0.00054517575
33,234,0.0010090405
34,234,0.0012715803
35,234,0.0012247926
36,234,0.0012555588
37,234,0.0013480764
38,234,0.0013531707
39,234,0.0010622684
40,234,0.0012300992
41,234,0.0010535019
42,234,0.00092313904
43,234,0.0012906492
44,234,0.0011810912
45,234,0.0012567323
46,234,0.0012157653
47,234,0.0011243122
48,234,0.001046516
49,234,0.00092505384
50,234,0.0008714609
51,234,0.0008646855
52,234,0.00096398965
53,234,0.0010462143
54,234,0.0010201903
55,234,0.0010608891
56,234,0.001044998
57,234,0.0009976812
58,234,0.001244531
59,234,0.0010833535
60,234,0.0012933221
61,234,0.001153456
62,234,0.0010498175
63,234,0.0012253672
64,234,0.00112426
65,234,0.0010410445
66,234,0.00053497404
67,234,0.000514959
68,234,0.0007708315
69,234,0.00039628055
70,234,0.0005067857
71,234,0.00039809663
72,234,0.0004922077
73,234,0.0006325692
74,234,0.00042658206
75,234,0.00091334153
76,234,0.00033203885
77,234,0.00048568938
78,234,0.00058008824
79,234,3.6874786e-05
80,234,0.0005970923
81,234,0.00045205746
82,234,0.0003723614
83,234,0.00068916753
84,234,0.00046611205
85,234,0.0001880899
86,234,0.00017681532
87,234,0.0005334653
88,234,0.0008097412
89,234,0.00039716344
90,234,0.00019361824
91,234,0.0007791836
92,234,0.0009559607
93,234,0.00044579152
94,234,0.00074321404
95,234,5.2086078e-05
96,234,-9.362772e-05
97,234,0.00066569354
98,234,0.0012534466
99,234,0.0010010144
100,234,0.0013475921
101,234,0.00090264995
102,234,0.0014185254
103,234,0.0011009276
104,234,0.0010323459
105,234,0.0009968877
106,234,0.0013714153
107,234,0.0011170553
108,234,0.0010663662
109,234,0.00094620883
110,234,0.0012324704
111,234,0.001199699
112,234,0.0009716265
113,234,0.0011411617
114,234,0.00072951894
115,234,0.00095762126
116,234,0.0007017143
117,234,0.0009933552
118,234,0.00086311065
119,234,0.0006141849
120,234,0.0007500136
121,234,0.0008078087
122,234,0.0009014616
123,234,0.0007278621
124,234,0.0008937642
125,234,0.00080806203
126,234,0.0005488917
127,234,0.00034934562
128,234,0.00078993104
129,234,0.0005964162
130,234,0.00066514034
131,234,0.0007604463
132,234,0.00094601884
133,234,0.0006469358
134,234,0.0010334011
135,234,0.00036894716
136,234,0.0010981578
137,234,0.0005306881
138,234,0.0006858269
139,234,0.00081036985
140,234,0.00073429476
141,234,0.00082708057
142,234,0.0007352829
143,234,0.00030596834
144,234,-2.4488196e-05
145,234,0.0010607745
146,234,0.00022194907
147,234,0.0002879519
148,234,0.0009331722
149,234,
150,234,0.00046455115
151,234,0.0012203995
152,234,0.0007466646
153,234,0.0007139426
154,234,0.0003140075
155,234,0.0011147279
156,234,0.00090917666
157,234,0.00055753905
158,234,0.00048220437
159,234,0.0005836198
160,234,0.00023101177
161,234,0.0001478577
162,234,0.00040367153
163,234,0.00044520758
164,234,0.00032612868
165,234,0.0006720191
166,234,2.1094456e-06
167,234,0.0006616721
168,234,0.0009895563
169,234,0.0005499646
170,234,0.0006711297
171,234,0.00045130122
172,234,0.0007009581
173,234,0.00087740924
174,234,0.00042156875
175,234,0.00074005686
176,234,0.0004479196
177,234,0.00049165543
178,234,0.00054303743
179,234,0.00038696732
180,234,0.0003818823
181,234,0.00017177407
182,234,0.00053732377
183,234,0.00020890683
184,234,0.0005996898
185,234,0.00075802114
186,234,5.5465847e-05
187,234,0.0006842278
188,234,0.000581434
189,234,0.00042292196
190,234,0.00041187834
191,234,0.0008681407
192,234,0.0005040234
193,234,0.00014369842
194,234,0.00054164417
195,234,0.00082388613
196,234,0.0006457977
197,234,0.0007430967
198,234,0.0008333633
199,234,0.00053993054
200,234,0.0009200983
201,234,0.00043872744
202,234,0.00017024577
203,234,0.00013672747
204,234,0.00046418793
205,234,7.022172e-07
206,234,0.000775069
207,234,0.0002931226
208,234,0.0003648447
209,234,-0.000271732
210,234,0.0007925499
211,234,0.0004178565
212,234,0.00011817273
213,234,0.0001289146
214,234,0.00025974493
215,234,0.00070313644
216,234,0.0005076034
217,234,0.00073197205
218,234,0.00044495426
219,234,0.00056433864
220,234,
221,234,0.0009553237
222,234,0.00044764206
223,234,0.00046383496
224,234,
225,234,
226,234,0.0006744275
227,234,0.00023676362
228,234,0.00034907274
229,234,0.00037199352
230,234,3.947597e-05
231,234,0.00014006626
232,234,0.00051249843
233,234,0.0004543597
234,234,-6.163493e-06
235,234,0.0005733622
236,234,0.0008691456
237,234,0.00089179724
238,234,0.0011639073
239,234,0.0010062978
240,234,0.00058167614
241,234,0.00049861707
242,234,0.00034851395
243,234,0.00033088587
244,234,0.00051439647
245,234,9.590387e-05
246,234,0.0011796271
247,234,0.00054873805
248,234,0.00041085668
249,234,-0.00020543858
250,234,0.00036421604
251,234,0.0006813491
252,234,0.00016626157
253,234,0.0006410433
254,234,0.00010050833
255,234,0.000689419
256,234,-1.2651086e-05
257,234,
258,234,
259,234,
260,234,
261,234,
262,234,
263,234,
264,234,
265,234,
266,234,
267,234,
268,234,0.00048964936
269,234,0.00067504775
270,234,0.0005452093
271,234,8.016825e-05
272,234,0.00070723053
273,234,0.0003388757
274,234,0.0007830635
275,234,0.00044487044
276,234,0.00063147955
277,234,0.0005432321
278,234,-0.00016334467
279,234,0.00045286864
280,234,0.00092683546
281,234,0.00044267438
282,234,0.00083355047
283,234,0.0005022045
284,234,0.0004907772
285,234,0.00074045546
286,234,0.0008105831
287,234,0.0006290972
288,234,0.00058439374
289,234,0.0008204095
290,234,0.00026507303
291,234,0.0007435763
292,234,-0.00022604503
293,234,0.00058076903
294,234,0.0011356231
295,234,0.00039724074
296,234,0.0009036176
297,234,0.00076617766
298,234,0.0008661272
299,234,0.00012469105
300,234,0.0005874224
301,234,0.0008700723
302,234,0.00035941042
303,234,0.00022842083
304,234,0.00027581397
305,234,0.0007893471
306,234,0.00050175376
307,234,0.0005014399
308,234,0.00040193368
309,234,0.0007323986
310,234,0.0010814387
311,234,0.00017037988
312,234,0.00029963534
313,234,0.00049170945
314,234,0.0008239923
315,234,0.00062456727
316,234,0.0005665561
317,234,0.0006594639
318,234,0.0005958723
319,234,0.00076461025
320,234,0.00097528007
321,234,0.00056393724
322,234,0.0002275221
323,234,0.00087508373
324,234,0.00035130512
325,234,0.00054883305
326,234,0.00029444788
327,234,0.0006176671
328,234,0.0004395265
329,234,0.0004928354
330,234,0.00050822925
331,234,0.00016958453
332,234,0.0007238593
333,234,0.0009814436
334,234,0.00034754816
335,234,0.0008377079
336,234,0.0009080395
337,234,0.00011820439
338,234,0.0008045882
339,234,0.00041791983
340,234,0.00037611555
341,234,0.0008453252
342,234,0.00028738845
343,234,0.0012350138
344,234,0.0006013233
345,234,0.0007112017
346,234,0.00086372066
347,234,6.0786493e-05
348,234,0.0007315902
349,234,0.00042793248
350,234,0.0006875014
351,234,0.00061249174
352,234,0.0007619038
353,234,0.00030572526
354,234,0.0005645044
355,234,0.0006432347
356,234,0.00037782732
357,234,0.00028589088
358,234,0.0004602475
359,234,0.0005716849
360,234,0.00038293935
361,234,0.00051771756
362,234,0.000625927
363,234,0.00082620047
364,234,0.00042743515
365,234,0.0004964499
366,234,0.000511311
367,234,0.0005911086
368,234,0.00050121173
369,234,0.0004891101
370,234,0.00031735934
371,234,0.00013552699
372,234,0.00043096766
373,234,0.000156153
374,234,0.00024807733
375,234,0.0007160194
376,234,0.0009670919
377,234,0.00058634393
378,234,0.0009131599
379,234,0.0005978262
380,234,0.00012754556
381,234,0.00029135868
382,234,0.00018106401
383,234,0.00013717636
384,234,0.0012349412
385,234,6.518792e-05
386,234,0.00048736762
387,234,-0.00043085497
388,234,0.00092225894
389,234,0.0005213041
390,234,0.00037497468
391,234,0.00019855052
392,234,0.0005582338
393,234,0.0008821804
394,234,0.0008756425
395,234,0.0005464908
396,234,0.0005347952
397,234,0.00047430396
398,234,0.0010823412
399,234,0.00076323934
400,234,0.00036493782
401,234,0.0010112245
402,234,0.0005719112
403,234,0.0008686073
404,234,0.0007774951
405,234,0.00045561232
406,234,0.00071951933
407,234,0.00063182414
408,234,0.00059511606
409,234,9.7771175e-05
410,234,0.00041187461
411,234,0.00063303206
412,234,0.0006375732
413,234,0.00072345417
414,234,0.00044784136
415,234,0.00075869635
416,234,0.001033878
417,234,0.0006171232
418,234,0.0006352989
419,234,0.00050673913
420,234,0.0006568888
421,234,0.000260368
422,234,0.00075762905
423,234,0.0009792587
424,234,0.0010191239
425,234,0.0007023737
426,234,0.0009672949
427,234,0.0008254675
428,234,0.0005495269
429,234,0.00066611636
430,234,0.0007945802
431,234,0.00076090544
432,234,0.0008539865
433,234,0.00037411787
434,234,0.0007120045
435,234,0.000767719
436,234,0.0003635818
437,234,0.00069300085
438,234,0.00048568845
439,234,0.000673702
440,234,0.0011910489
441,234,0.00050935056
442,234,-0.00011232123
443,234,0.000713693
444,234,0.00040743127
445,234,0.00024673808
446,234,-0.000103200786
447,234,4.6287663e-05
448,234,0.0006120568
449,234,0.00067121256
450,234,0.0002730284
451,234,0.0001916904
452,234,0.000585068
453,234,0.00013687555
454,234,0.00017432962
455,234,0.00012922287
456,234,0.0006449716
457,234,-0.0004702378
458,234,0.00074629765
459,234,0.00045783073
460,234,0.000528628
461,234,0.0003511021
462,234,0.0005993843
463,234,0.00034985598
464,234,0.0005809823
465,234,0.0004748432
466,234,0.00061903056
467,234,0.0005556829
468,234,0.0005595377
469,234,0.00079756044
470,234,0.000553309
471,234,0.0005517723
472,234,0.00075238384
473,234,0.0005280264
474,234,0.00067679025
475,234,0.0003976738
476,234,0.000744001
477,234,0.00075221155
478,234,0.00029216427
479,234,0.0003474597
480,234,0.00044756103
481,234,0.00048780162
482,234,0.0004613148
483,234,0.00041163713
484,234,0.00030645356
485,234,0.0005756151
486,234,0.00071824435
487,234,0.0006796699
488,234,0.0008996092
489,234,0.00072382856
490,234,0.00091713946
491,234,0.0006853808
492,234,0.0011507766
493,234,0.0008042529
494,234,0.0011223964
0,235,-0.0002989266
1,235,0.00069010444
2,235,0.0004203478
3,235,0.0009554401
4,235,0.0014175642
5,235,0.0006036451
6,235,0.0006261049
7,235,0.00042021088
8,235,0.00018274877
9,235,0.0005123429
10,235,0.00070203
11,235,0.00078448094
12,235,0.0006816974
13,235,0.0007129153
14,235,0.00025481638
15,235,0.00040031224
16,235,0.0007148525
17,235,0.0005368842
18,235,0.00056851376
19,235,0.00044627953
20,235,0.0005151415
21,235,0.0009837532
22,235,0.0010675406
23,235,0.0007980438
24,235,0.000290012
25,235,0.00074908976
26,235,0.0001354767
27,235,0.0005458202
28,235,
29,235,0.00043082982
30,235,0.00094778556
31,235,0.00072047487
32,235,0.0010806201
33,235,0.0010359902
34,235,0.0011554584
35,235,0.0011010263
36,235,0.0012700455
37,235,0.001130118
38,235,0.001138309
39,235,0.0012352848
40,235,0.0011304459
41,235,0.0011797771
42,235,0.0012059258
43,235,0.0011495929
44,235,0.0010309452
45,235,0.0009661354
46,235,0.0012707235
47,235,0.0010817498
48,235,0.0010818308
49,235,0.0012855055
50,235,0.0010744529
51,235,0.0012640646
52,235,0.0010431912
53,235,0.0010102624
54,235,0.0007628277
55,235,0.0014640521
56,235,0.00064831506
57,235,0.0012512058
58,235,0.0011455668
59,235,0.0011572549
60,235,0.00097618904
61,235,0.0012106085
62,235,0.0012010382
63,235,0.0009269016
64,235,0.0011838563
65,235,0.000799926
66,235,0.0003489973
67,235,0.00060668215
68,235,0.0005415967
69,235,0.00033464003
70,235,0.0007905401
71,235,0.0008786842
72,235,0.00038331654
73,235,0.00046723243
74,235,0.00030619092
75,235,0.00023992546
76,235,0.00058554206
77,235,0.00034253392
78,235,0.00029595848
79,235,0.0005404437
80,235,0.0008137133
81,235,0.00022863969
82,235,0.0003376808
83,235,0.0003510816
84,235,0.0006183218
85,235,0.00038592797
86,235,0.00036319066
87,235,0.0002900893
88,235,0.0009352891
89,235,0.0005791802
90,235,0.00036034733
91,235,0.0006608274
92,235,0.00015955977
93,235,0.00058556534
94,235,0.00031179842
95,235,0.00092207734
96,235,0.0007703677
97,235,0.0008335458
98,235,0.0010710107
99,235,0.00092475675
100,235,0.0010966854
101,235,0.0009493455
102,235,0.0007647984
103,235,0.00096835196
104,235,0.000841327
105,235,0.0009537414
106,235,0.001081761
107,235,0.001047845
108,235,0.0011394806
109,235,0.0008069156
110,235,0.0010584854
111,235,0.0011589602
112,235,0.0007954361
113,235,0.0011013253
114,235,0.0012742803
115,235,0.001000857
116,235,0.0006004032
117,235,0.00089444127
118,235,0.00077483617
119,235,0.0007351851
120,235,0.0008232817
121,235,0.0005821651
122,235,0.0007879026
123,235,0.0010510907
124,235,0.0011888761
125,235,0.00074167736
126,235,0.00024364609
127,235,0.0011001118
128,235,0.00068666134
129,235,0.0008538719
130,235,0.00063904934
131,235,0.0006711893
132,235,0.0008525094
133,235,0.0007036859
134,235,-5.0909817e-05
135,235,0.0007325839
136,235,0.000201419
137,235,0.0008015856
138,235,0.00082760584
139,235,0.00054491963
140,235,0.00053111184
141,235,0.000541538
142,235,0.00011084881
143,235,0.00044502877
144,235,0.00018934999
145,235,0.00021374878
146,235,0.00071124267
147,235,0.0005414365
148,235,
149,235,-2.448447e-05
150,235,0.001169119
151,235,0.00083650555
152,235,0.00074724667
153,235,0.0002464475
154,235,0.00025370345
155,235,0.00075280014
156,235,0.0006279042
157,235,0.00040882453
158,235,-7.4673444e-05
159,235,-6.70813e-05
160,235,0.00075190235
161,235,0.0002867356
162,235,0.0006224429
163,235,3.7149526e-05
164,235,0.0009222971
165,235,0.00020980276
166,235,0.00014916714
167,235,0.0003659716
168,235,0.0008451063
169,235,0.0005111825
170,235,-0.00014068745
171,235,0.00024519674
172,235,0.00057173055
173,235,0.00080756936
174,235,0.00093864463
175,235,0.0010285648
176,235,0.0009189816
177,235,0.00019952282
178,235,0.000508911
179,235,0.0004511783
180,235,0.0006062519
181,235,0.0010195393
182,235,0.00016038399
183,235,3.621634e-05
184,235,0.000621154
185,235,0.00031152554
186,235,0.00031489227
187,235,0.00031372346
188,235,0.0006168531
189,235,0.00063771475
190,235,-7.0308335e-05
191,235,0.0007772343
192,235,0.0008249618
193,235,0.00071124546
194,235,0.00040185638
195,235,0.00033585448
196,235,0.00041138008
197,235,0.00023779366
198,235,0.0002879668
199,235,0.0004809769
200,235,0.0005349554
201,235,0.0007020589
202,235,0.00047140196
203,235,0.00093996525
204,235,0.0003786767
205,235,0.000659788
206,235,0.0002263477
207,235,0.00020842534
208,235,0.00040926598
209,235,0.0006289184
210,235,0.0007203398
211,235,0.0005270168
212,235,-4.44958e-05
213,235,0.00023987051
214,235,8.2693994e-05
215,235,0.00060746074
216,235,2.8019771e-05
217,235,3.122911e-05
218,235,0.00065842643
219,235,0.00072161667
220,235,0.001080689
221,235,0.00055233855
222,235,0.0005269367
223,235,
224,235,0.00053646974
225,235,0.00031838845
226,235,0.00076381397
227,235,0.00046994817
228,235,0.000508097
229,235,0.0008921381
230,235,0.00051000435
231,235,7.322617e-05
232,235,0.00035609026
233,235,0.00031475537
234,235,0.0007600002
235,235,0.00065657217
236,235,0.0008617267
237,235,0.0006434629
238,235,0.00038653426
239,235,0.00050150976
240,235,0.000450762
241,235,0.0005701259
242,235,0.00032987073
243,235,0.00037496537
244,235,0.0009750286
245,235,0.00025084428
246,235,5.1626004e-05
247,235,0.0006616721
248,235,0.00041444786
249,235,0.00048199575
250,235,-6.8816356e-05
251,235,0.00044507347
252,235,0.0006642733
253,235,0.0003195498
254,235,-0.00027362537
255,235,-0.00032195356
256,235,
257,235,
258,235,
259,235,
260,235,
261,235,
262,235,
263,235,0.0009332998
264,235,0.0006401492
265,235,
266,235,-0.00029949378
267,235,
268,235,
269,235,0.00057690963
270,235,0.00044534355
271,235,9.729806e-05
272,235,0.0005042311
273,235,0.00045836624
274,235,2.9457733e-06
275,235,0.0007094238
276,235,0.0004654266
277,235,0.00092706643
278,235,0.0003983099
279,235,0.00070035364
280,235,0.00086516235
281,235,0.000714357
282,235,0.0004187664
283,235,0.0001303209
284,235,0.0012202067
285,235,0.00081758946
286,235,0.0002106065
287,235,0.0006003706
288,235,0.00077847205
289,235,0.0005334513
290,235,0.00044072606
291,235,0.0010084063
292,235,0.00079540815
293,235,0.00049457885
294,235,0.00067576393
295,235,0.0002481062
296,235,0.0004497813
297,235,0.0011081388
298,235,0.0005477937
299,235,0.00056716707
300,235,0.00028287992
301,235,0.00083340704
302,235,0.00043338817
303,235,0.0006530201
304,235,0.0008379575
305,235,0.00014248118
306,235,0.00044599734
307,235,0.00080997497
308,235,0.00027454272
309,235,0.0008138083
310,235,0.0005309582
311,235,0.00046987645
312,235,0.00038161315
313,235,0.00083688926
314,235,0.0007291036
315,235,0.00050136633
316,235,0.00080363825
317,235,0.00048023742
318,235,0.0005854815
319,235,0.00034384616
320,235,0.00043342635
321,235,0.00071730465
322,235,0.0006538583
323,235,0.000529347
324,235,0.0008795336
325,235,0.0005517546
326,235,0.00070357975
327,235,0.00082879886
328,235,-4.0146522e-05
329,235,0.00037212577
330,235,0.000171802
331,235,0.0004111547
332,235,0.00044317823
333,235,0.0006158333
334,235,0.00065911375
335,235,0.00038537942
336,235,0.00017223787
337,235,0.0003741542
338,235,0.0010673078
339,235,0.0005080458
340,235,0.0007394841
341,235,0.00046892092
342,235,-0.0001939591
343,235,0.0007606456
344,235,0.00089872535
345,235,0.0005062381
346,235,0.00016948208
347,235,0.0005596271
348,235,-6.775744e-05
349,235,0.0013352996
350,235,0.00052847527
351,235,0.0008346755
352,235,0.0004920298
353,235,0.0007625967
354,235,0.00046040956
355,235,0.00037153345
356,235,0.0009229472
357,235,0.0008448344
358,235,0.00027445797
359,235,0.00028050505
360,235,0.00029528048
361,235,0.0009931838
362,235,0.0005022781
363,235,0.0007777624
364,235,0.0006010961
365,235,0.00048258714
366,235,0.0005584033
367,235,0.00050176773
368,235,0.00073877163
369,235,0.00072337314
370,235,0.00022243802
371,235,0.00036676228
372,235,0.00079585146
373,235,0.0007773079
374,235,0.0009518489
375,235,0.00042071287
376,235,0.0005754223
377,235,0.00079806335
378,235,0.00024726707
379,235,0.001070221
380,235,0.000616597
381,235,0.0007127533
382,235,0.00028470438
383,235,0.00037118047
384,235,0.00086448994
385,235,0.0009773113
386,235,0.00034169666
387,235,0.0008588098
388,235,0.00078349933
389,235,0.00045768544
390,235,0.0004541818
391,235,0.0011163661
392,235,0.00045447424
393,235,0.00079023093
394,235,0.00030901376
395,235,0.0003993027
396,235,0.0004762141
397,235,0.00075639226
398,235,0.00074675493
399,235,0.0006034225
400,235,0.00075458735
401,235,0.00080598146
402,235,0.00097165164
403,235,0.0006632833
404,235,0.00052942615
405,235,0.0013695648
406,235,0.000426759
407,235,0.0009543747
408,235,0.00075438153
409,235,0.00077125616
410,235,0.00071882736
411,235,0.0002022693
412,235,0.00070068426
413,235,0.0014273217
414,235,9.7172335e-05
415,235,0.00091316644
416,235,0.0010371897
417,235,0.0002457332
418,235,0.00043259189
419,235,0.00066242553
420,235,0.00056293234
421,235,0.00046604127
422,235,0.0007046424
423,235,0.0008997014
424,235,0.0005993666
425,235,0.0005523395
426,235,0.00088546146
427,235,0.000580132
428,235,0.0003295485
429,235,0.0003266083
430,235,0.00068159867
431,235,0.0006174268
432,235,0.0007193936
433,235,0.0007362496
434,235,0.00024765823
435,235,0.0009621633
436,235,0.00011094101
437,235,0.00061277114
438,235,7.6124445e-05
439,235,0.00036957487
440,235,0.00039901678
441,235,0.00029463973
442,235,0.00058112666
443,235,0.0004999563
444,235,0.00017237198
445,235,8.226931e-05
446,235,0.00010806043
447,235,0.0002937913
448,235,0.00056519266
449,235,0.00026149582
450,235,0.00038703904
451,235,0.00081536267
452,235,0.00077526085
453,235,0.0007240232
454,235,0.0008051889
455,235,0.00026801042
456,235,0.00092586596
457,235,0.0002517579
458,235,0.00054690894
459,235,0.00055023655
460,235,0.00082658976
461,235,0.00034093205
462,235,7.637963e-05
463,235,0.0006178869
464,235,0.0008010864
465,235,0.0009788806
466,235,0.0007113088
467,235,0.0004928671
468,235,0.00038686302
469,235,0.0006678086
470,235,0.00036736391
471,235,0.00032539573
472,235,0.00067781936
473,235,0.00078918226
474,235,0.0005747294
475,235,0.00012893882
476,235,0.00070417486
477,235,0.00030086096
478,235,0.00053409766
479,235,0.00032074098
480,235,0.00037080422
481,235,0.00044779014
482,235,0.0006504115
483,235,0.00026260037
484,235,0.00047987327
485,235,0.00081814453
486,235,0.0005822228
487,235,0.00024159066
488,235,0.00047435798
489,235,0.0011069663
490,235,0.0005940832
491,235,0.0002761418
492,235,0.0007229075
493,235,0.00082565565
494,235,0.0012537614
0,236,0.00010948349
1,236,0.00045966916
2,236,0.00052908156
3,236,6.970391e-05
4,236,0.000322083
5,236,0.00077644177
6,236,0.00097322464
7,236,0.0007085139
8,236,0.00046175532
9,236,0.0012016911
10,236,0.0003468776
11,236,0.0008128397
12,236,0.00032100827
13,236,0.00074551255
14,236,0.0006916337
15,236,0.0007054154
16,236,0.0006337408
17,236,0.0006378377
18,236,0.00040597562
19,236,0.00082882866
20,236,0.0006775437
21,236,0.0010484047
22,236,0.00094702933
23,236,
24,236,0.00030354504
25,236,0.0008451324
26,236,0.00086886715
27,236,0.0006051194
28,236,0.00010681711
29,236,0.00055521727
30,236,0.00079197343
31,236,0.00068406016
32,236,0.001124206
33,236,0.0011119749
34,236,0.0010678377
35,236,0.0012995396
36,236,0.0012426078
37,236,0.0010719188
38,236,0.0009234194
39,236,0.0013352679
40,236,0.0011509033
41,236,0.0011352338
42,236,0.0010242397
43,236,0.00093875267
44,236,0.0011147
45,236,0.0008455254
46,236,0.0010111015
47,236,0.0010802066
48,236,0.0011485768
49,236,0.0010402631
50,236,0.0013309233
51,236,0.0011846442
52,236,0.0011638934
53,236,0.0011533424
54,236,0.0011677891
55,236,0.0010362687
56,236,0.000969233
57,236,
58,236,0.001153633
59,236,0.0011623288
60,236,0.0010704491
61,236,0.001186939
62,236,0.0011520572
63,236,0.00094936043
64,236,0.0009508068
65,236,0.0009892732
66,236,0.000622184
67,236,0.00088609103
68,236,0.00052647665
69,236,-9.069871e-05
70,236,0.00069614593
71,236,0.0006733481
72,236,0.00072726794
73,236,0.000448836
74,236,0.0004938897
75,236,0.0009777779
76,236,0.0006611878
77,236,0.0006165616
78,236,0.0007551955
79,236,0.00024266355
80,236,0.0005601039
81,236,0.00060698297
82,236,0.00055560283
83,236,0.0007859878
84,236,0.00061949994
85,236,0.00033045188
86,236,0.00085861515
87,236,1.2023374e-06
88,236,0.0008506682
89,236,-0.000111171976
90,236,0.00095090736
91,236,0.001267843
92,236,0.000548603
93,236,0.0002567172
94,236,0.00022567715
95,236,0.00011388585
96,236,0.00040026754
97,236,0.00025156327
98,236,0.0005576862
99,236,0.0010205265
100,236,0.0012399293
101,236,0.0010566395
102,236,0.0008413382
103,236,0.0010309136
104,236,0.0008143317
105,236,0.00094159413
106,236,0.0006678933
107,236,0.0011786148
108,236,0.000995595
109,236,0.0011227829
110,236,0.0012040585
111,236,0.000702871
112,236,0.0010988833
113,236,0.0012835814
114,236,0.00085449405
115,236,0.0008467948
116,236,0.0006635254
117,236,0.0012845676
118,236,0.0013065767
119,236,0.00094662793
120,236,0.0006289771
121,236,0.0009199977
122,236,0.0009972649
123,236,
124,236,0.00084692147
125,236,0.0009110458
126,236,0.00034608692
127,236,0.0010708794
128,236,0.00025035255
129,236,0.00011294987
130,236,
131,236,
132,236,0.00042035058
133,236,
134,236,
135,236,0.0005168626
136,236,
137,236,0.0008046515
138,236,
139,236,
140,236,
141,236,0.00050632004
142,236,
143,236,0.0006213207
144,236,-0.00028149597
145,236,0.0007603206
146,236,0.0005538268
147,236,0.00037577748
148,236,0.00027730875
149,236,0.0012329808
150,236,0.00041841343
151,236,0.00038215984
152,236,0.00040646363
153,236,0.0002787551
154,236,0.00029093307
155,236,0.0008298047
156,236,0.00019779988
157,236,0.0006344924
158,236,-0.000100390054
159,236,0.00039641652
160,236,0.000870849
161,236,0.000731593
162,236,0.00059415586
163,236,0.0004928056
164,236,0.00037219003
165,236,0.0004867511
166,236,0.00020446908
167,236,0.000924048
168,236,0.0005528927
169,236,0.0010804972
170,236,0.00035806745
171,236,0.00042085536
172,236,0.00036420394
173,236,0.00041153654
174,236,0.000293036
175,236,0.0005149981
176,236,0.00045024138
177,236,0.00035041478
178,236,0.00023327209
179,236,8.583162e-05
180,236,0.0005349424
181,236,0.00042882934
182,236,0.0003329292
183,236,0.00040781684
184,236,0.0004617665
185,236,0.00022400916
186,236,0.00019472465
187,236,0.0002711974
188,236,1.447089e-05
189,236,0.00023434125
190,236,0.00044487976
191,236,0.0009231977
192,236,0.0007099528
193,236,0.00013684202
194,236,0.00036014244
195,236,-0.00011761021
196,236,0.00056551676
197,236,0.0002432894
198,236,-6.7083165e-05
199,236,0.00085890014
200,236,0.0001583146
201,236,0.00037979707
202,236,0.0006996151
203,236,0.00015742425
204,236,0.000947346
205,236,0.00044248998
206,236,0.0006714044
207,236,0.00037001818
208,236,0.00070404913
209,236,0.0009767339
210,236,0.0006403113
211,236,0.0004532002
212,236,0.00011083204
213,236,0.00038762484
214,236,4.888512e-06
215,236,0.00046273414
216,236,0.00023311377
217,236,0.00047367997
218,236,0.00041310303
219,236,0.00045159087
220,236,0.00022577494
221,236,0.00038653705
222,236,0.0006623389
223,236,0.0004890291
224,236,0.00036348496
225,236,0.00016841665
226,236,0.00069167744
227,236,0.0010188371
228,236,0.0006536897
229,236,0.00045366306
230,236,0.00023841672
231,236,0.0004898077
232,236,0.00092135835
233,236,0.0006459467
234,236,0.0004322324
235,236,0.00016048085
236,236,0.00030811038
237,236,0.0007199254
238,236,-6.823335e-05
239,236,0.00060126185
240,236,0.0009073373
241,236,-0.00014688168
242,236,0.00024801213
243,236,0.00010946393
244,236,0.000505222
245,236,0.00031287596
246,236,0.00029990543
247,236,0.00031551346
248,236,0.00050314236
249,236,0.0010642502
250,236,0.0006795423
251,236,0.00069018174
252,236,0.00039870478
253,236,0.0005462831
254,236,0.00029927306
255,236,0.00070508104
256,236,0.0005518384
257,236,
258,236,
259,236,
260,236,0.00015279558
261,236,0.00058254786
262,236,
263,236,
264,236,
265,236,
266,236,0.00035401247
267,236,0.0004022997
268,236,
269,236,
270,236,0.0004746057
271,236,0.00024577696
272,236,0.00023129303
273,236,0.00055236183
274,236,0.0006881831
275,236,-0.00014041644
276,236,0.00047339033
277,236,0.000516898
278,236,0.00045413058
279,236,0.00020125136
280,236,0.00035486743
281,236,0.0008164812
282,236,0.000760939
283,236,0.0006793514
284,236,0.000282594
285,236,0.0008141976
286,236,0.00043754838
287,236,0.0004616687
288,236,0.0009144237
289,236,0.00023258012
290,236,0.00046071503
291,236,0.00014778785
292,236,0.000992056
293,236,1.2381934e-05
294,236,0.00082559045
295,236,0.0005537914
296,236,0.00043049548
297,236,0.0006494671
298,236,0.00050183665
299,236,0.00032259244
300,236,0.000346913
301,236,0.0006530881
302,236,0.00042043626
303,236,0.00051380415
304,236,0.0009034304
305,236,0.0004450949
306,236,0.0009002555
307,236,2.5903806e-05
308,236,0.00078515615
309,236,0.00085579604
310,236,0.001199062
311,236,0.000179369
312,236,0.0009271344
313,236,0.00031485502
314,236,1.1024065e-05
315,236,0.0003928626
316,236,0.00043315813
317,236,0.000751568
318,236,0.0007279534
319,236,0.00055209175
320,236,0.00034870766
321,236,0.00057498924
322,236,0.00056603085
323,236,0.0009473879
324,236,0.0006872611
325,236,0.0003510872
326,236,0.0008328594
327,236,0.0011523599
328,236,0.00089723617
329,236,0.00055407453
330,236,0.0007619178
331,236,0.00027408265
332,236,0.00047313794
333,236,0.0009805541
334,236,0.00089444686
335,236,2.5367364e-05
336,236,0.00065433234
337,236,0.00012116786
338,236,0.00029269792
339,236,0.00013971236
340,236,-1.3250858e-05
341,236,0.00018492434
342,236,0.0006863214
343,236,0.0009421641
344,236,0.0005493369
345,236,0.0007153116
346,236,0.0002502678
347,236,-0.00029956643
348,236,-0.000108763576
349,236,0.00014590565
350,236,0.00029091444
351,236,0.0004905462
352,236,0.00084354915
353,236,0.00040617026
354,236,0.00076032337
355,236,0.0009421231
356,236,0.00055386685
357,236,0.00083786156
358,236,0.00034844037
359,236,0.00021263957
360,236,0.00074888207
361,236,0.0006504338
362,236,0.0006571887
363,236,0.00052883103
364,236,0.0007425938
365,236,0.00089058187
366,236,0.000531083
367,236,0.00062244665
368,236,0.00063818134
369,236,0.00091933645
370,236,0.0004788665
371,236,0.00081258826
372,236,0.0005594129
373,236,0.00061816536
374,236,0.00030593574
375,236,0.00043371227
376,236,0.000870551
377,236,0.0007118434
378,236,0.0005748728
379,236,0.00034091808
380,236,0.00045092963
381,236,0.00059424154
382,236,0.000452091
383,236,0.00046814233
384,236,0.001001439
385,236,0.00069638435
386,236,0.00053556915
387,236,0.000805106
388,236,0.00081562623
389,236,0.0005334215
390,236,0.00022706483
391,236,0.00098693
392,236,0.00055540726
393,236,0.00069362484
394,236,0.00062765647
395,236,0.0004093824
396,236,0.00041760132
397,236,0.0004917756
398,236,0.00021434855
399,236,0.0009981934
400,236,0.00061369967
401,236,0.0005555935
402,236,0.00055869017
403,236,0.0005678721
404,236,9.419862e-05
405,236,0.0006879736
406,236,0.0007068496
407,236,0.0007524695
408,236,0.00058836024
409,236,0.00066522695
410,236,0.0004357025
411,236,0.00052628946
412,236,0.00046364125
413,236,0.00058710296
414,236,0.000837083
415,236,0.0008325763
416,236,0.00046222098
417,236,0.00074472744
418,236,0.0007593855
419,236,0.0008094879
420,236,0.00074701663
421,236,0.00073284283
422,236,0.0006230967
423,236,0.0005734097
424,236,0.0007358007
425,236,0.00032598712
426,236,0.00089572184
427,236,0.0009953296
428,236,0.00074080564
429,236,0.000866835
430,236,0.000682177
431,236,0.0010436736
432,236,0.00068124384
433,236,0.00045202486
434,236,1.6844831e-05
435,236,0.0005631
436,236,0.00078278687
437,236,0.0007817205
438,236,0.0003616698
439,236,0.0003434848
440,236,0.0007093791
441,236,0.00046056882
442,236,0.00072580576
443,236,0.00047421176
444,236,0.0001755096
445,236,0.00014575478
446,236,0.00032576732
447,236,0.0007920377
448,236,0.00016832165
449,236,0.0007831091
450,236,0.00017695595
451,236,0.00039112475
452,236,0.00024881586
453,236,0.00011270121
454,236,0.00072334707
455,236,0.000740597
456,236,0.00046898983
457,236,0.00054387935
458,236,6.863382e-05
459,236,0.00083810184
460,236,0.0004756637
461,236,0.00082042906
462,236,0.00070907455
463,236,0.00037939474
464,236,0.00021011941
465,236,-4.7090463e-05
466,236,0.0008772565
467,236,0.0005493248
468,236,0.0005138302
469,236,0.00068785716
470,236,0.00064903125
471,236,0.00034817308
472,236,0.00010622013
473,236,0.0005257968
474,236,0.00074885786
475,236,0.00079322234
476,236,0.00115347
477,236,0.0006066933
478,236,0.0010210797
479,236,0.0001909677
480,236,0.00084497035
481,236,0.00065565016
482,236,0.0003811922
483,236,0.00024234224
484,236,0.00045507215
485,236,0.0005728658
486,236,0.00096452795
487,236,0.00052492693
488,236,0.00050671585
489,236,0.0011926237
490,236,0.001171574
491,236,0.00060883444
492,236,0.0006072987
493,236,0.0011401223
494,236,0.0009999145
0,237,0.0006612595
1,237,0.0007111514
2,237,0.0011178087
3,237,0.00030013546
4,237,0.000940592
5,237,0.00057817344
6,237,0.0011060452
7,237,0.0004622843
8,237,0.0009649722
9,237,0.0006607212
10,237,0.0012767389
11,237,0.0015508235
12,237,0.00070734695
13,237,0.00010794494
14,237,0.00039231032
15,237,0.00088585075
16,237,0.000911857
17,237,0.001448432
18,237,0.00040366128
19,237,0.00028882362
20,237,0.00051153265
21,237,0.00065761246
22,237,
23,237,0.00063625723
24,237,0.0008574575
25,237,0.00078149606
26,237,
27,237,0.0007319143
28,237,
29,237,0.000757847
30,237,0.0010692738
31,237,0.0010735281
32,237,0.0012604222
33,237,0.0009919107
34,237,0.0011471706
35,237,0.0010691248
36,237,0.0011956934
37,237,0.0010348894
38,237,0.0010210332
39,237,0.0010885317
40,237,0.0014854446
41,237,0.0012507346
42,237,0.0008721985
43,237,0.00092450064
44,237,0.00092907064
45,237,0.0012486922
46,237,0.0010966677
47,237,0.0013101744
48,237,0.0009842087
49,237,0.001136072
50,237,0.0009908052
51,237,0.0011102157
52,237,0.0013279449
53,237,0.001277904
54,237,0.0010730131
55,237,0.00081022456
56,237,0.00070889946
57,237,
58,237,
59,237,0.00091684517
60,237,0.0010028332
61,237,0.0013121292
62,237,0.0010048207
63,237,0.0011301488
64,237,0.0009995252
65,237,0.00083160214
66,237,0.0006735232
67,237,0.00071633887
68,237,0.00062732305
69,237,7.6314434e-05
70,237,0.0005984027
71,237,0.00086676516
72,237,0.00039827544
73,237,0.0005861381
74,237,0.00043610577
75,237,0.00076624285
76,237,0.00065407343
77,237,0.0004043607
78,237,0.00014534127
79,237,-0.0001597628
80,237,0.00041712727
81,237,0.00050020404
82,237,0.0005739555
83,237,0.0007931255
84,237,0.0008006515
85,237,0.00036609732
86,237,0.00015681796
87,237,0.0007091714
88,237,6.8666413e-06
89,237,0.00051669125
90,237,4.9406663e-05
91,237,4.0737912e-05
92,237,0.000118386
93,237,0.00030819792
94,237,0.0006511081
95,237,0.00039394014
96,237,0.0006314013
97,237,0.001065054
98,237,
99,237,0.00094712526
100,237,0.0008161478
101,237,0.000752599
102,237,0.0010946384
103,237,0.0007394552
104,237,0.0009303801
105,237,0.0010664221
106,237,0.0010237452
107,237,0.0009448398
108,237,0.00131262
109,237,0.0007282812
110,237,0.0007255357
111,237,0.0006438792
112,237,0.00094698835
113,237,0.00097131357
114,237,0.0008893516
115,237,0.0006888537
116,237,0.0007804213
117,237,0.0012948494
118,237,0.0009924332
119,237,0.0007683635
120,237,0.0011725985
121,237,0.0006991867
122,237,0.001198669
123,237,
124,237,
125,237,0.000888031
126,237,0.0009139348
127,237,0.0006545596
128,237,0.00015257485
129,237,0.00033113174
130,237,
131,237,
132,237,0.00050470605
133,237,0.0005057575
134,237,
135,237,
136,237,
137,237,
138,237,
139,237,
140,237,
141,237,
142,237,
143,237,
144,237,0.00016345736
145,237,0.0007522004
146,237,0.00076363795
147,237,0.0006624069
148,237,0.00034420472
149,237,0.00015595742
150,237,0.0005057538
151,237,0.00020237267
152,237,0.0005371161
153,237,0.0006657457
154,237,0.00042630173
155,237,0.00039018877
156,237,0.0003625676
157,237,0.00084982347
158,237,0.00081976224
159,237,0.00019269902
160,237,0.00022557005
161,237,0.0001398148
162,237,0.00086220447
163,237,0.0009327289
164,237,0.0009211786
165,237,0.00051823445
166,237,0.00011289492
167,237,0.0004128674
168,237,0.00077789
169,237,0.00068397075
170,237,0.0004903432
171,237,0.00032324437
172,237,0.0006375378
173,237,0.0005979128
174,237,5.974248e-05
175,237,0.0008099992
176,237,0.0004253732
177,237,0.0009122668
178,237,0.0009867074
179,237,-2.887845e-05
180,237,0.00017822813
181,237,0.00016373582
182,237,0.0004177736
183,237,0.0006395262
184,237,0.0009910222
185,237,0.000412154
186,237,0.00031584967
187,237,0.0003858991
188,237,0.0006616907
189,237,0.0007706592
190,237,0.00060670916
191,237,0.0010142643
192,237,0.0002929829
193,237,0.00049247965
194,237,-2.4056062e-06
195,237,0.00066984445
196,237,0.0004527159
197,237,0.0004182458
198,237,0.0011197394
199,237,0.00065984577
200,237,0.00056171045
201,237,0.00079299696
202,237,0.0009588972
203,237,0.00042903237
204,237,0.00056377426
205,237,0.00075169187
206,237,-0.00012914091
207,237,0.001023585
208,237,0.0006652521
209,237,0.0005053254
210,237,0.00052228104
211,237,0.000357043
212,237,0.00027976092
213,237,0.00034799706
214,237,-0.00023546349
215,237,0.00044361874
216,237,0.0006110864
217,237,0.0004629111
218,237,0.00046352018
219,237,3.657583e-05
220,237,0.0005444307
221,237,0.0007053502
222,237,0.0010136776
223,237,0.0009912942
224,237,0.0006224029
225,237,0.0005464833
226,237,0.00090171676
227,237,0.00025637448
228,237,0.00014629401
229,237,0.0008042818
230,237,0.0004104674
231,237,0.00061783195
232,237,0.00043681823
233,237,-0.00011880789
234,237,0.0002473388
235,237,0.00039272103
236,237,0.00047153886
237,237,0.0004292149
238,237,0.0009417748
239,237,0.00020043086
240,237,0.00037349388
241,237,0.0005097147
242,237,5.3048134e-06
243,237,0.00095113553
244,237,0.00024295691
245,237,0.00010430813
246,237,0.00077493954
247,237,0.0006128829
248,237,0.00025598798
249,237,0.0004117554
250,237,0.00011471473
251,237,0.00041018426
252,237,0.00060172565
253,237,0.000333854
254,237,0.00041198358
255,237,0.00019351486
256,237,
257,237,
258,237,
259,237,
260,237,
261,237,
262,237,
263,237,
264,237,
265,237,
266,237,0.0005483115
267,237,0.0005412223
268,237,-8.298084e-07
269,237,
270,237,0.00047873054
271,237,0.00023132656
272,237,0.00056526717
273,237,0.00023441575
274,237,3.620051e-05
275,237,0.0003390899
276,237,0.00064444635
277,237,-3.91379e-05
278,237,0.00015756115
279,237,0.00036228076
280,237,0.0007459782
281,237,0.0004923148
282,237,0.0006714035
283,237,0.00023732334
284,237,0.0007751221
285,237,0.00028211344
286,237,0.0004080981
287,237,0.00042632222
288,237,0.00070783496
289,237,0.00066687353
290,237,0.0007010903
291,237,0.0002873242
292,237,0.00074347295
293,237,0.00058026426
294,237,0.0007333588
295,237,0.00023235753
296,237,0.00033963379
297,237,0.0010629464
298,237,6.613601e-05
299,237,0.0004086364
300,237,0.00012664497
301,237,0.0003838716
302,237,0.0007082615
303,237,0.00052212365
304,237,-0.00045066793
305,237,-4.0014274e-05
306,237,0.00060280785
307,237,0.0003833836
308,237,0.0005318513
309,237,0.0005848026
310,237,0.0003743181
311,237,0.0006160978
312,237,0.0012113629
313,237,0.0005031489
314,237,0.00034783594
315,237,0.00044770166
316,237,0.000540182
317,237,0.00048443954
318,237,0.00030489452
319,237,0.00057793036
320,237,-6.473996e-05
321,237,0.0009843055
322,237,0.00054997765
323,237,0.0007803226
324,237,-1.1486933e-05
325,237,0.00047218148
326,237,0.0001077177
327,237,0.00013368111
328,237,0.0002940297
329,237,-0.00017556828
330,237,0.00046028476
331,237,0.0005908394
332,237,0.00019161496
333,237,9.404868e-05
334,237,0.00013212673
335,237,0.00030493177
336,237,0.0004728958
337,237,0.00019101612
338,237,0.00046289992
339,237,0.00069966353
340,237,0.00046712067
341,237,0.0006839568
342,237,0.0005976539
343,237,9.44864e-05
344,237,0.00050185155
345,237,0.00035132654
346,237,0.0007562293
347,237,0.0004072655
348,237,0.0004615523
349,237,0.00029945467
350,237,0.00070246216
351,237,0.0011001481
352,237,0.00101679
353,237,0.00066693407
354,237,0.00066404976
355,237,0.0007620072
356,237,0.00038713682
357,237,0.00095976144
358,237,0.0005187951
359,237,0.0006529791
360,237,0.000757942
361,237,0.000399963
362,237,0.00066998973
363,237,0.00050501246
364,237,0.0006078826
365,237,0.00026000943
366,237,-6.424636e-05
367,237,0.0006905459
368,237,0.00051868334
369,237,0.00062217936
370,237,0.0005533332
371,237,0.00079606473
372,237,0.00070261024
373,237,0.000465828
374,237,0.00077313464
375,237,0.00073352084
376,237,0.0009226259
377,237,0.00014854595
378,237,0.00072496757
379,237,0.00040324964
380,237,0.0006317012
381,237,0.00045502558
382,237,0.00039637927
383,237,-0.00011412799
384,237,0.00022695772
385,237,0.000467496
386,237,0.00034193136
387,237,0.0008392744
388,237,0.0010623233
389,237,0.00021719001
390,237,0.00084554683
391,237,0.00040176045
392,237,0.0009988276
393,237,0.0007081581
394,237,0.00087459665
395,237,0.0010528238
396,237,0.00049485546
397,237,0.000569148
398,237,-3.3234246e-05
399,237,0.00045876577
400,237,0.0005507022
401,237,0.00037486386
402,237,0.0010408517
403,237,0.0009917729
404,237,0.00031919032
405,237,0.0004727384
406,237,0.0009380374
407,237,7.848907e-05
408,237,0.00079261325
409,237,0.00029346906
410,237,0.0010103956
411,237,0.0009495113
412,237,0.00061735325
413,237,0.0009582201
414,237,0.0010017976
415,237,0.0004648259
416,237,0.0004103966
417,237,0.00075658597
418,237,0.0008413913
419,237,0.00080958195
420,237,0.00081839133
421,237,0.0011082767
422,237,0.0010089027
423,237,0.0002734745
424,237,0.0002353089
425,237,0.00038538873
426,237,0.0005132025
427,237,0.0007255273
428,237,0.0005405899
429,237,0.0007336363
430,237,0.00089454744
431,237,0.0008549066
432,237,0.000874497
433,237,0.00056732073
434,237,0.0004921127
435,237,0.000887434
436,237,0.00035677943
437,237,0.0005284324
438,237,0.00019376073
439,237,0.00076444354
440,237,0.0005141767
441,237,0.00055729784
442,237,0.0005045179
443,237,0.00042591803
444,237,0.00015866943
445,237,0.0003672028
446,237,0.00065089203
447,237,0.00024775323
448,237,0.00040534697
449,237,0.00055869296
450,237,0.0009615086
451,237,-2.3980625e-05
452,237,0.000563398
453,237,0.0001262622
454,237,0.0005857153
455,237,0.00030072406
456,237,0.00079627335
457,237,0.000487566
458,237,0.00043220632
459,237,0.00036169402
460,237,0.00065874774
461,237,0.00017233193
462,237,0.00019766483
463,237,0.00075772405
464,237,0.00020675454
465,237,0.0007711267
466,237,0.0007448299
467,237,0.00065198075
468,237,1.0001473e-05
469,237,0.0009572897
470,237,0.0002170438
471,237,-0.00019372534
472,237,0.00042503886
473,237,0.00032369792
474,237,0.0007255906
475,237,0.00056029856
476,237,0.0006533284
477,237,0.00047214236
478,237,0.00048216246
479,237,0.00018198788
480,237,0.00038207043
481,237,0.0010171905
482,237,6.2153675e-05
483,237,0.0008122986
484,237,0.00042657275
485,237,0.00055193435
486,237,0.00027104747
487,237,0.0004773941
488,237,3.4795143e-05
489,237,0.00081403926
490,237,0.0007600235
491,237,0.0009918371
492,237,0.0006677387
493,237,0.000759637
494,237,0.0003676368
0,238,0.0005145129
1,238,0.0009944867
2,238,0.000497764
3,238,0.0004977053
4,238,0.00074588694
5,238,0.0007089721
6,238,0.0009367969
7,238,0.0013331678
8,238,0.00075263064
9,238,0.00046360586
10,238,0.0011780933
11,238,0.00067500025
12,238,0.00058189034
13,238,0.0002713045
14,238,0.0008775098
15,238,0.0009763334
16,238,5.92079e-05
17,238,0.000292968
18,238,0.0007381849
19,238,0.0004778402
20,238,0.0009025773
21,238,0.00038786326
22,238,0.0006573703
23,238,0.00037762057
24,238,0.000654825
25,238,0.0010623848
26,238,0.00094344
27,238,
28,238,
29,238,0.0010637492
30,238,0.00096172653
31,238,0.0007532537
32,238,0.0010344721
33,238,0.000958262
34,238,0.00106797
35,238,0.0009591142
36,238,0.0011530556
37,238,0.0011463184
38,238,0.001096731
39,238,0.0010223631
40,238,0.0010192916
41,238,0.0009973254
42,238,0.0010066312
43,238,0.001025551
44,238,0.0014777994
45,238,0.0012192093
46,238,0.0012775362
47,238,0.0013244413
48,238,0.0012243483
49,238,0.0012546964
50,238,0.0011883546
51,238,0.001212527
52,238,0.0009183269
53,238,0.0008985158
54,238,0.0010367073
55,238,0.0011980524
56,238,0.0013095746
57,238,
58,238,
59,238,
60,238,0.0012963153
61,238,0.0004919823
62,238,0.0009665154
63,238,0.00077699963
64,238,0.001243568
65,238,0.00087766815
66,238,0.00086569693
67,238,0.00052804966
68,238,4.5021996e-05
69,238,0.00025679264
70,238,-1.2795441e-05
71,238,-6.7222863e-06
72,238,0.00027178507
73,238,0.0006417157
74,238,0.0005848743
75,238,0.00015238393
76,238,0.00069776457
77,238,0.0008190777
78,238,0.0002491884
79,238,0.0006743949
80,238,0.00031445548
81,238,0.0008397596
82,238,0.00021115504
83,238,0.00062858686
84,238,0.00033409242
85,238,0.00040500984
86,238,0.0008646883
87,238,0.0007955497
88,238,0.00033197366
89,238,0.0004554754
90,238,0.00021665543
91,238,0.0002514543
92,238,0.0005168682
93,238,0.0004618978
94,238,-1.8063933e-05
95,238,0.0006632013
96,238,0.00029015355
97,238,0.00083600543
98,238,
99,238,0.0011670077
100,238,0.0012586517
101,238,0.0009307284
102,238,0.00087739155
103,238,0.0009954292
104,238,0.00090894755
105,238,0.0009589987
106,238,0.0007023942
107,238,0.0005567912
108,238,0.00066883396
109,238,0.00096070115
110,238,0.0007184325
111,238,0.0006189002
112,238,0.0010043839
113,238,0.0008295914
114,238,0.0010087779
115,238,0.0013918933
116,238,0.0011485657
117,238,0.0013620751
118,238,0.00087748095
119,238,0.0007013185
120,238,
121,238,
122,238,0.0011999654
123,238,
124,238,
125,238,0.00045824982
126,238,0.00047531724
127,238,0.00089479797
128,238,0.00091542955
129,238,
130,238,
131,238,
132,238,0.0007718215
133,238,0.0007476723
134,238,
135,238,
136,238,
137,238,
138,238,
139,238,
140,238,
141,238,
142,238,
143,238,
144,238,
145,238,0.000402241
146,238,0.00091025885
147,238,2.768822e-06
148,238,
149,238,
150,238,0.00065489486
151,238,0.0006553717
152,238,0.00042450055
153,238,0.0008947635
154,238,0.000760423
155,238,0.00085392594
156,238,0.00017999113
157,238,0.00039356202
158,238,0.0008068895
159,238,0.0005739629
160,238,0.0005275868
161,238,0.00021522492
162,238,0.00042989198
163,238,0.0007926794
164,238,0.00035055913
165,238,0.00063956156
166,238,8.994713e-06
167,238,0.00010829419
168,238,0.00025703292
169,238,0.00031795353
170,238,0.000991405
171,238,-1.7161481e-05
172,238,0.00066606514
173,238,0.00065942947
174,238,0.00035926513
175,238,0.0007392233
176,238,0.0006519221
177,238,0.0004681386
178,238,0.0006768247
179,238,0.00035258103
180,238,0.000443683
181,238,0.00038480945
182,238,0.0002524443
183,238,0.00046294462
184,238,0.0007720776
185,238,0.0002890695
186,238,0.00024197437
187,238,0.00088482257
188,238,0.00072090887
189,238,0.0006571831
190,238,0.0010381071
191,238,0.00075051934
192,238,-2.299808e-05
193,238,0.00024676975
194,238,0.00012351014
195,238,0.00061342586
196,238,0.0008399356
197,238,0.0005998863
198,238,0.0002436703
199,238,0.0005787965
200,238,0.00010530371
201,238,0.00021161046
202,238,0.0007504849
203,238,-6.698072e-05
204,238,0.00029053353
205,238,0.00084304065
206,238,0.0007764138
207,238,0.00091310963
208,238,0.00063766167
209,238,0.00082025304
210,238,0.00078735873
211,238,0.00081228744
212,238,0.0005301293
213,238,0.00059664436
214,238,0.00022689719
215,238,0.0009019915
216,238,0.00055670645
217,238,0.00033512525
218,238,0.0007253811
219,238,-1.7445534e-05
220,238,0.0006197486
221,238,0.000707428
222,238,0.00034857728
223,238,0.0003491789
224,238,0.00027522352
225,238,0.0006133504
226,238,0.0006456282
227,238,0.00017717201
228,238,0.00038156752
229,238,0.00083193555
230,238,0.00020487141
231,238,0.0006133616
232,238,0.00036705937
233,238,0.0004382655
234,238,0.0006969869
235,238,0.0007438194
236,238,0.00021628011
237,238,0.0006515421
238,238,0.00034528412
239,238,0.00031886715
240,238,0.001156779
241,238,0.0006794762
242,238,0.0006949203
243,238,0.0006399229
244,238,0.00021765009
245,238,0.0006797565
246,238,0.0003370205
247,238,0.00048338063
248,238,1.0748394e-05
249,238,0.0005238196
250,238,0.0005709063
251,238,0.0007002102
252,238,0.00017087068
253,238,0.00021851994
254,238,0.0008366676
255,238,0.0003808029
256,238,0.00041663554
257,238,8.263998e-05
258,238,
259,238,
260,238,
261,238,
262,238,
263,238,
264,238,
265,238,0.00024995022
266,238,
267,238,0.0008370662
268,238,
269,238,
270,238,0.00014189631
271,238,0.0010813214
272,238,0.00037579238
273,238,0.00082306657
274,238,0.00044110883
275,238,0.00082144234
276,238,0.00048336852
277,238,0.0009784345
278,238,3.6402605e-05
279,238,0.00071256235
280,238,0.00038498733
281,238,0.0011327378
282,238,0.00044492166
283,238,0.0005393736
284,238,0.0005638609
285,238,0.0004245527
286,238,0.0007394729
287,238,0.0004929844
288,238,0.00040668063
289,238,0.00075183064
290,238,0.00044091512
291,238,0.00034331623
292,238,0.0006176438
293,238,0.00067947153
294,238,0.00016354676
295,238,0.000179342
296,238,0.00021208823
297,238,0.00077108946
298,238,0.0006975429
299,238,0.00045746565
300,238,0.00053083524
301,238,0.0004092846
302,238,0.0003498895
303,238,0.00036037154
304,238,0.00060003623
305,238,0.0008080676
306,238,0.00044507347
307,238,0.00046085473
308,238,0.0010284614
309,238,0.0008234773
310,238,0.0003256444
311,238,0.0006051138
312,238,0.00034579542
313,238,0.00030756835
314,238,8.538086e-05
315,238,0.00045684632
316,238,0.00064460933
317,238,0.00070304517
318,238,0.00080186874
319,238,0.0005864855
320,238,0.0003385311
321,238,0.0006522611
322,238,0.00092153903
323,238,0.0006205132
324,238,0.00018206425
325,238,0.00060869474
326,238,0.00028501544
327,238,0.0005113352
328,238,0.00024941936
329,238,0.000466262
330,238,0.000425498
331,238,0.0004043011
332,238,0.0005172221
333,238,0.0004835138
334,238,0.00081019755
335,238,0.0010484317
336,238,0.0007003648
337,238,0.0006157011
338,238,0.0007222509
339,238,0.00043952372
340,238,0.00034596864
341,238,0.00047839805
342,238,0.000767421
343,238,0.0007285476
344,238,0.00076765846
345,238,9.870157e-05
346,238,0.00069600344
347,238,-9.7334385e-05
348,238,0.00054490473
349,238,0.00031254254
350,238,0.0004027784
351,238,0.0006070053
352,238,0.0005332548
353,238,0.0009235125
354,238,0.0007500341
355,238,0.00032988656
356,238,0.0010793898
357,238,0.0002366351
358,238,0.00025969278
359,238,0.0007602861
360,238,0.0006062966
361,238,0.0004050471
362,238,0.0010674726
363,238,0.00059006736
364,238,0.0004030047
365,238,0.00055141933
366,238,0.00037791673
367,238,0.00079225376
368,238,0.0006141616
369,238,0.00014430657
370,238,0.0005862387
371,238,0.00026077684
372,238,0.00061868783
373,238,0.001057704
374,238,0.0005892059
375,238,0.0005549183
376,238,0.00068462547
377,238,0.0007822467
378,238,0.0004635742
379,238,0.00086669903
380,238,0.00069673266
381,238,0.00079189613
382,238,0.00043651275
383,238,0.0009853048
384,238,0.00069340784
385,238,0.0006283717
386,238,0.0001336215
387,238,0.0001196973
388,238,0.00018911622
389,238,0.0007413337
390,238,0.0007214686
391,238,0.00059020426
392,238,0.00032811332
393,238,0.00065693725
394,238,0.0007986622
395,238,0.00048597716
396,238,0.0006926423
397,238,0.000611159
398,238,0.0005271798
399,238,0.0005498212
400,238,0.00037046988
401,238,0.0009076409
402,238,0.00034289435
403,238,0.00054693315
404,238,0.0003953837
405,238,0.0008720597
406,238,0.00071984157
407,238,0.0013619717
408,238,0.0003918996
409,238,0.00039939117
410,238,0.000275678
411,238,0.0005020462
412,238,0.0012028869
413,238,0.0005243933
414,238,0.00050305575
415,238,0.00065301824
416,238,0.00059148297
417,238,0.0005775653
418,238,0.0007909527
419,238,0.0008063717
420,238,0.00039594434
421,238,0.0005697459
422,238,0.0007778965
423,238,0.0007003518
424,238,0.00059945416
425,238,0.00061397813
426,238,0.0009260839
427,238,0.00023093354
428,238,0.00043575373
429,238,0.0005710237
430,238,0.00027284678
431,238,0.0010409057
432,238,0.00021918677
433,238,0.00045962818
434,238,0.0007366091
435,238,0.0003869217
436,238,0.00081544183
437,238,0.00051908754
438,238,0.0011025071
439,238,0.00016260054
440,238,0.00032007787
441,238,0.00045328029
442,238,0.0005311463
443,238,0.0005568424
444,238,0.00082410406
445,238,0.00035122223
446,238,0.0007454511
447,238,0.00070965383
448,238,8.875504e-07
449,238,0.00048363674
450,238,0.0009290669
451,238,0.00092766527
452,238,0.0010482222
453,238,0.00030217133
454,238,0.0010970822
455,238,0.0007745633
456,238,0.00020420458
457,238,0.0003843829
458,238,0.0008761175
459,238,0.00038992055
460,238,0.0002495451
461,238,0.0005410006
462,238,0.0004609609
463,238,0.0008782167
464,238,0.00024655648
465,238,0.00054939557
466,238,0.0006416375
467,238,0.00058813393
468,238,0.0006035436
469,238,0.00066068396
470,238,0.00053701364
471,238,0.00018262397
472,238,0.0005891239
473,238,0.00050637964
474,238,0.00036193617
475,238,0.000308848
476,238,0.00054483116
477,238,5.4599717e-05
478,238,0.0007018773
479,238,0.0003662873
480,238,0.0003764024
481,238,0.000112403184
482,238,0.00062862504
483,238,0.00063940324
484,238,0.00048593432
485,238,0.00042492896
486,238,0.0007068319
487,238,9.949785e-05
488,238,0.0009924658
489,238,0.0011519045
490,238,0.0009338716
491,238,0.0011136224
492,238,0.0011806786
493,238,0.0005723499
494,238,0.001092976
0,239,0.0011069607
1,239,0.0012399592
2,239,0.0007489035
3,239,0.0008919388
4,239,0.0011320803
5,239,0.00055798516
6,239,0.00072994735
7,239,0.0008531753
8,239,0.000506483
9,239,0.00073455554
10,239,0.0010925485
11,239,0.00010200869
12,239,-5.3901225e-05
13,239,0.0005160123
14,239,0.0006231107
15,239,0.001019692
16,239,0.001026026
17,239,0.00079159904
18,239,0.00034264382
19,239,0.0013504028
20,239,0.00048620533
21,239,0.00086188875
22,239,0.0006765919
23,239,0.0005630497
24,239,0.00082251336
25,239,0.0007083835
26,239,
27,239,
28,239,0.000740231
29,239,0.00079886615
30,239,0.001172863
31,239,0.0008227192
32,239,0.0009774063
33,239,0.0009780591
34,239,0.0010622786
35,239,0.0010972461
36,239,0.0011669612
37,239,0.0009999201
38,239,0.0013809716
39,239,0.0012043761
40,239,0.0011168784
41,239,0.0010002144
42,239,0.0011637406
43,239,0.001201788
44,239,0.0012872126
45,239,0.0009924611
46,239,0.0012794733
47,239,0.0012179725
48,239,0.0013356544
49,239,0.001165526
50,239,0.0011374671
51,239,0.0012828074
52,239,0.0005294625
53,239,0.0009778636
54,239,0.0009146612
55,239,0.0010981765
56,239,0.00067244377
57,239,
58,239,
59,239,
60,239,
61,239,0.00079411175
62,239,0.0009819344
63,239,0.0012468994
64,239,0.0011428418
65,239,0.00090773124
66,239,0.0004820507
67,239,0.000523326
68,239,-0.00024554133
69,239,-0.00010030903
70,239,0.0002970323
71,239,0.0005083326
72,239,0.00075461715
73,239,0.00043908507
74,239,0.00088362955
75,239,0.0004501827
76,239,0.0005516084
77,239,0.00070124585
78,239,0.00037414022
79,239,0.0005244324
80,239,0.00039364863
81,239,0.0004962813
82,239,0.00063039456
83,239,0.00065299403
84,239,0.0008227667
85,239,0.0004933188
86,239,0.00031768065
87,239,0.0006481819
88,239,0.00015354436
89,239,0.00079410616
90,239,0.0005654581
91,239,0.0003301762
92,239,0.0003010705
93,239,0.00039146747
94,239,0.000208457
95,239,0.0006564921
96,239,-0.00020615011
97,239,0.0008316031
98,239,0.00061503146
99,239,0.00089828484
100,239,0.0011054222
101,239,0.0006487183
102,239,0.0006540278
103,239,0.0007296605
104,239,0.0010601077
105,239,0.0010699807
106,239,0.0009824401
107,239,0.00092247035
108,239,0.00090736896
109,239,0.00062317867
110,239,0.0010616332
111,239,0.0012303097
112,239,0.0014267582
113,239,0.000617655
114,239,0.0011098012
115,239,0.0011928659
116,239,0.00031437725
117,239,0.00089904945
118,239,0.0010950165
119,239,0.001109805
120,239,
121,239,
122,239,
123,239,
124,239,
125,239,0.0008481387
126,239,0.0004956387
127,239,0.00051322393
128,239,0.0007215813
129,239,
130,239,
131,239,
132,239,0.0006735772
133,239,0.0003818255
134,239,
135,239,
136,239,0.0004889006
137,239,
138,239,
139,239,
140,239,
141,239,
142,239,
143,239,
144,239,
145,239,
146,239,0.0001526922
147,239,0.0006100591
148,239,0.0006777607
149,239,
150,239,0.0005658241
151,239,0.00043162797
152,239,0.0001726104
153,239,5.9310347e-05
154,239,0.00032375474
155,239,9.126123e-05
156,239,0.00041027553
157,239,0.0008080378
158,239,0.00056422595
159,239,0.0006599212
160,239,-0.00014914386
161,239,-0.0002102824
162,239,0.00043601636
163,239,0.00093033165
164,239,0.00060761906
165,239,-0.00011572987
166,239,0.0009012958
167,239,0.0009889351
168,239,0.00041780248
169,239,0.00019733235
170,239,0.0002869945
171,239,0.00051056687
172,239,0.00067051686
173,239,0.0003107777
174,239,0.0007774271
175,239,0.000891068
176,239,0.00094416365
177,239,-5.102437e-05
178,239,0.00079481676
179,239,0.0003364468
180,239,0.00013186783
181,239,0.00017817877
182,239,0.00044038612
183,239,8.450076e-05
184,239,0.00023753662
185,239,0.00041631144
186,239,5.6534074e-05
187,239,0.00019011367
188,239,0.0007023765
189,239,0.00020499434
190,239,0.00065365434
191,239,0.00012843125
192,239,0.0004141014
193,239,0.0009338772
194,239,0.00048612524
195,239,0.0003042901
196,239,0.000100277364
197,239,0.00034473743
198,239,0.0005235411
199,239,0.00076855347
200,239,0.00072608236
201,239,0.0005203327
202,239,0.0006884169
203,239,0.00034211762
204,239,0.00041939877
205,239,0.000462926
206,239,0.00030259416
207,239,0.0007865643
208,239,0.0006120894
209,239,0.000800333
210,239,0.00040921103
211,239,0.0004899809
212,239,0.00017262436
213,239,0.000386619
214,239,0.00063481554
215,239,0.0005942434
216,239,0.00093158334
217,239,0.0005734507
218,239,0.00084016565
219,239,0.0004592333
220,239,0.0007036943
221,239,0.000528804
222,239,0.00026532542
223,239,0.0004066676
224,239,0.0007077269
225,239,0.00044256076
226,239,0.0010389583
227,239,0.0009718556
228,239,0.000526038
229,239,0.000903137
230,239,0.0006175358
231,239,0.0009867735
232,239,0.0008219434
233,239,0.0006540781
234,239,0.00011827052
235,239,0.0007508099
236,239,0.0007168809
237,239,0.00031914655
238,239,0.000647163
239,239,0.0004762374
240,239,0.0007703062
241,239,0.0010321802
242,239,0.0003477279
243,239,0.00015195273
244,239,0.00025457796
245,239,0.00076266564
246,239,0.00046372227
247,239,-0.00015214458
248,239,0.0005244855
249,239,0.0003916407
250,239,0.00073154364
251,239,3.6467798e-05
252,239,0.000907111
253,239,0.000111783855
254,239,0.0007640049
255,239,
256,239,
257,239,
258,239,0.00038383063
259,239,
260,239,
261,239,
262,239,
263,239,
264,239,
265,239,0.0004029665
266,239,
267,239,
268,239,
269,239,0.00022610184
270,239,
271,239,0.0015345458
272,239,-3.339816e-05
273,239,0.0006119264
274,239,0.00085246284
275,239,0.00067609735
276,239,0.00045317318
277,239,0.0007979674
278,239,0.0011485387
279,239,0.00010730326
280,239,0.00052503403
281,239,0.00085219555
282,239,0.00035173353
283,239,0.00020134822
284,239,0.000680672
285,239,0.00064589456
286,239,0.0006481968
287,239,0.0003013052
288,239,9.00263e-05
289,239,0.0005221646
290,239,0.00066327676
291,239,0.0009772461
292,239,0.0007241685
293,239,0.00036127027
294,239,0.0009441199
295,239,0.00026887935
296,239,0.0008751359
297,239,0.00082523935
298,239,0.0007319711
299,239,0.00032423344
300,239,0.00075600203
301,239,0.0004594056
302,239,0.0005163597
303,239,0.0008133948
304,239,0.00049874745
305,239,0.0007550381
306,239,0.00025955494
307,239,0.0006989762
308,239,7.185899e-05
309,239,0.00027087145
310,239,0.00039760862
311,239,-0.00016517378
312,239,0.00035454705
313,239,0.00067473203
314,239,0.00066231005
315,239,0.00056843366
316,239,0.00043347292
317,239,0.00013404153
318,239,0.0004233243
319,239,0.000718873
320,239,0.0007714778
321,239,0.00042751245
322,239,0.00075047556
323,239,8.531194e-05
324,239,0.00077831
325,239,0.00056216214
326,239,0.0004187068
327,239,0.00030925777
328,239,
329,239,0.00044112932
330,239,0.00050835963
331,239,0.0006355103
332,239,0.0001223078
333,239,0.0001765592
334,239,0.00094159506
335,239,0.00037199445
336,239,0.00083935447
337,239,0.00065519754
338,239,0.000820579
339,239,0.000379825
340,239,0.0004882645
341,239,0.00036672037
342,239,0.0008414658
343,239,0.00046622753
344,239,0.00012534112
345,239,0.00031174812
346,239,1.6065314e-05
347,239,0.00078686327
348,239,0.00049780123
349,239,0.0007296223
350,239,0.00071923155
351,239,0.00041904673
352,239,0.0005638413
353,239,0.00089901686
354,239,0.0007640952
355,239,0.0007308163
356,239,0.0009890217
357,239,0.00035098195
358,239,0.00013102498
359,239,0.00039848126
360,239,0.00049394835
361,239,0.00083289016
362,239,0.0005027242
363,239,0.00014242064
364,239,0.0008302275
365,239,0.00031306595
366,239,0.0005490929
367,239,0.0003227638
368,239,0.0010470878
369,239,0.0006046342
370,239,0.0006987583
371,239,0.0007520905
372,239,0.0004347209
373,239,0.0007274868
374,239,0.0005087154
375,239,0.00077895354
376,239,0.00091114733
377,239,0.0008681109
378,239,0.00054461136
379,239,0.000615282
380,239,0.00035603158
381,239,0.00024322793
382,239,0.00092972536
383,239,0.0004511727
384,239,0.00011297129
385,239,0.0010134997
386,239,0.000812036
387,239,0.00045173522
388,239,0.00037988648
389,239,0.000289198
390,239,0.00044888072
391,239,0.00044647977
392,239,0.00077600125
393,239,0.001076933
394,239,0.00073978864
395,239,0.000626998
396,239,0.0011435971
397,239,0.0010242825
398,239,0.0006587906
399,239,0.00073324237
400,239,0.00059679616
401,239,0.0006987024
402,239,0.00082717463
403,239,0.00058606174
404,239,0.00038429536
405,239,-7.0245005e-05
406,239,0.0007268358
407,239,9.199139e-05
408,239,7.21775e-07
409,239,0.0009257952
410,239,0.00093463715
411,239,0.00049270317
412,239,0.00036070962
413,239,0.0004948098
414,239,0.00065928884
415,239,0.0006282432
416,239,0.0008267686
417,239,0.00078866445
418,239,0.0004946003
419,239,0.0004582703
420,239,0.00074366387
421,239,0.0006425055
422,239,0.0005817795
423,239,0.00051454175
424,239,0.0010173386
425,239,0.00050233305
426,239,0.000781768
427,239,0.0008223662
428,239,0.0009168666
429,239,0.00059792586
430,239,0.00030729733
431,239,0.0007311003
432,239,0.0008756425
433,239,0.0007085195
434,239,0.00073468965
435,239,0.000964866
436,239,0.00043114275
437,239,0.0009550825
438,239,0.00067942776
439,239,2.2543594e-05
440,239,3.366638e-05
441,239,0.00029805675
442,239,0.00081158243
443,239,0.00034137256
444,239,0.00049066264
445,239,0.00035673007
446,239,0.00040013716
447,239,0.000648153
448,239,0.00063163415
449,239,0.00021814089
450,239,-6.951112e-05
451,239,0.0003333427
452,239,0.00015872717
453,239,0.0003943164
454,239,0.0010469472
455,239,0.0006426973
456,239,0.00030326936
457,239,7.14967e-05
458,239,3.1147152e-05
459,239,0.00090408325
460,239,-1.5226193e-05
461,239,0.0011366475
462,239,0.00040276442
463,239,0.0003482923
464,239,0.0002457695
465,239,0.0005236985
466,239,0.0007010661
467,239,0.00074116327
468,239,0.00047819503
469,239,0.00070287194
470,239,0.00025258493
471,239,0.0013085576
472,239,0.0006123306
473,239,0.0007679397
474,239,0.00019391347
475,239,0.0009796843
476,239,0.00035438314
477,239,0.0005506845
478,239,0.00033084117
479,239,0.00090478454
480,239,0.0010014242
481,239,0.00046302564
482,239,0.00039617717
483,239,0.00044049602
484,239,0.0008176267
485,239,0.00060497597
486,239,0.00061530527
487,239,8.261204e-05
488,239,0.00043668132
489,239,0.0010888921
490,239,0.00074172765
491,239,0.0013327235
492,239,0.00069574453
493,239,0.00036584586
494,239,0.0014020829
0,240,0.0007228013
1,240,0.00037538446
2,240,0.0006172154
3,240,0.0004211273
4,240,0.0010914942
5,240,0.0006187726
6,240,0.0005860552
7,240,0.00031366013
8,240,0.0016616294
9,240,0.0006521549
10,240,0.0012815259
11,240,0.000533022
12,240,0.00055300444
13,240,0.00069650356
14,240,0.0006035222
15,240,0.0009615114
16,240,0.0004436057
17,240,0.0012359424
18,240,0.00081923883
19,240,0.00016155094
20,240,0.0005119946
21,240,0.0010205843
22,240,0.0011215229
23,240,0.00063407887
24,240,
25,240,
26,240,
27,240,0.0009262515
28,240,0.00020698365
29,240,0.0010301173
30,240,0.0013136845
31,240,0.0011186907
32,240,0.0009074379
33,240,0.0011241324
34,240,0.0011111638
35,240,0.0012579393
36,240,0.0010611042
37,240,0.0013725879
38,240,0.001165417
39,240,0.001124993
40,240,0.0011379756
41,240,0.0009589251
42,240,0.0009816615
43,240,0.0008753538
44,240,0.0009858347
45,240,0.0010240506
46,240,0.001152805
47,240,0.001300523
48,240,0.0009267656
49,240,0.0010636589
50,240,0.0011206958
51,240,0.000984529
52,240,0.0010805642
53,240,0.0010672044
54,240,0.0010866662
55,240,0.00084867235
56,240,0.00085105
57,240,0.00086590555
58,240,
59,240,
60,240,0.0009851698
61,240,
62,240,0.0009209709
63,240,0.0007530963
64,240,0.0012516938
65,240,0.0009445157
66,240,0.0011193501
67,240,0.00018722378
68,240,0.00049597863
69,240,6.3794665e-05
70,240,0.00038547162
71,240,0.0004717037
72,240,0.0014273422
73,240,0.00048651174
74,240,0.00048679765
75,240,0.0009075869
76,240,0.00041170325
77,240,0.0006276751
78,240,0.0005593812
79,240,0.00047739036
80,240,0.0003587678
81,240,0.0007234048
82,240,0.0006840192
83,240,0.0004430823
84,240,0.00055317674
85,240,0.0001535872
86,240,0.0003446415
87,240,0.00042133871
88,240,0.00054888893
89,240,0.00033952575
90,240,0.0002371557
91,240,0.00046658423
92,240,0.0007931981
93,240,0.0008385377
94,240,-0.00024332386
95,240,-3.7284568e-05
96,240,4.934799e-05
97,240,0.00038906466
98,240,6.776117e-05
99,240,0.00051862746
100,240,0.0007983502
101,240,0.0009900909
102,240,0.0007400131
103,240,0.0007685693
104,240,0.0012866594
105,240,0.0009941086
106,240,0.0015294002
107,240,0.0009858804
108,240,0.00075983163
109,240,0.00043929555
110,240,0.0008435566
111,240,0.0002979692
112,240,0.0009463113
113,240,0.00064451713
114,240,0.0005243281
115,240,0.0010806816
116,240,0.0010818401
117,240,0.00073123164
118,240,0.0009635342
119,240,0.0006503491
120,240,
121,240,
122,240,
123,240,
124,240,
125,240,0.00073731784
126,240,0.0011883397
127,240,0.0015132045
128,240,0.0009543123
129,240,2.7879141e-05
130,240,0.0005985489
131,240,0.0005949829
132,240,0.00060256757
133,240,0.0008070916
134,240,0.00078568514
135,240,0.0006401995
136,240,0.0004400881
137,240,0.001038989
138,240,0.0007218905
139,240,0.00094288494
140,240,0.0002589086
141,240,0.00015762355
142,240,0.0005305512
143,240,0.00020418596
144,240,0.0006162636
145,240,
146,240,
147,240,
148,240,0.0011299057
149,240,0.00031940453
150,240,0.0007997947
151,240,0.0006173784
152,240,0.0005376525
153,240,0.00048761163
154,240,0.0004378315
155,240,0.0005678944
156,240,0.00072421506
157,240,0.0009446386
158,240,0.0006980812
159,240,0.00060598645
160,240,0.000113889575
161,240,0.0003254246
162,240,0.0005027279
163,240,0.0010360135
164,240,0.00048594456
165,240,0.00018754043
166,240,0.0006986493
167,240,-8.984469e-06
168,240,0.000617994
169,240,0.0008878866
170,240,0.0006130319
171,240,0.00043098256
172,240,0.0005454533
173,240,0.00036144257
174,240,0.00075288024
175,240,0.000375174
176,240,7.968396e-05
177,240,0.0007307101
178,240,7.851608e-05
179,240,0.0006599901
180,240,0.00017374102
181,240,0.00022016652
182,240,0.00047222152
183,240,0.00016867742
184,240,0.0006865179
185,240,0.0009892788
186,240,0.0008628443
187,240,-3.4874305e-05
188,240,0.00073625986
189,240,0.0008111736
190,240,0.000777591
191,240,0.0008135447
192,240,0.00017076824
193,240,-1.9247644e-05
194,240,0.00069347676
195,240,0.0005304972
196,240,1.94842e-05
197,240,0.0002839649
198,240,0.00072385743
199,240,0.00035943184
200,240,0.00030178297
201,240,0.00028402638
202,240,1.7606653e-05
203,240,0.00060163625
204,240,0.0007650675
205,240,0.00089058746
206,240,0.0007594591
207,240,0.00082393177
208,240,0.00041398406
209,240,0.0005960362
210,240,0.0008239541
211,240,0.00024430268
212,240,0.0006894972
213,240,0.00026550796
214,240,0.00031116325
215,240,5.0621107e-05
216,240,0.0004306836
217,240,0.00060220715
218,240,0.0006733723
219,240,0.00068937615
220,240,0.0010328544
221,240,0.00022662804
222,240,0.00040976796
223,240,0.00049516466
224,240,0.00019458216
225,240,0.00059427693
226,240,0.0006236853
227,240,0.00026297942
228,240,0.00036932062
229,240,0.0004598312
230,240,0.0008024378
231,240,0.00064583775
232,240,0.00063316803
233,240,0.00017790403
234,240,0.0003365418
235,240,0.0005729431
236,240,0.00054153986
237,240,0.00077829324
238,240,0.00034913234
239,240,0.00021766033
240,240,0.00080254674
241,240,0.00026651286
242,240,0.001007624
243,240,0.00049740914
244,240,0.0004931083
245,240,0.00088388845
246,240,0.00043116882
247,240,-0.00015299115
248,240,0.0005494626
249,240,0.0007396387
250,240,0.00064805616
251,240,0.0007590931
252,240,-9.8848715e-05
253,240,5.5415556e-05
254,240,
255,240,
256,240,
257,240,
258,240,0.00018503703
259,240,0.00016535446
260,240,
261,240,
262,240,
263,240,
264,240,0.00033223815
265,240,
266,240,
267,240,
268,240,0.0007916065
269,240,0.0005776426
270,240,
271,240,9.237602e-05
272,240,0.00028267317
273,240,0.00033817627
274,240,0.0007900065
275,240,0.00052609295
276,240,0.0001345519
277,240,0.00014869217
278,240,0.00066732336
279,240,0.0002670167
280,240,0.00038268324
281,240,0.00066752546
282,240,0.0006067967
283,240,0.0006350735
284,240,0.00050843507
285,240,0.0004957346
286,240,0.0010623373
287,240,0.0006930698
288,240,0.00040050875
289,240,0.000544752
290,240,0.00061303936
291,240,0.0004510302
292,240,0.00077149924
293,240,0.0008120574
294,240,0.00069948845
295,240,0.00044470187
296,240,0.00087557733
297,240,0.00013163965
298,240,0.0007828716
299,240,0.00031030737
300,240,0.00049921405
301,240,0.00046596397
302,240,0.0010512602
303,240,0.0004875008
304,240,0.0006944472
305,240,0.0009044297
306,240,0.00045143254
307,240,0.000578464
308,240,0.00036275573
309,240,0.00046785641
310,240,0.0005358327
311,240,9.370316e-05
312,240,0.00047792215
313,240,0.00017746445
314,240,9.038113e-05
315,240,0.0006358735
316,240,0.00037424825
317,240,0.0009780684
318,240,0.00064076576
319,240,0.00042023137
320,240,0.00058363285
321,240,0.00014906283
322,240,0.00093486253
323,240,0.00076259486
324,240,0.00024576113
325,240,0.00055244286
326,240,0.00049929507
327,240,0.0005628308
328,240,0.0006762333
329,240,0.00038162898
330,240,0.000911857
331,240,0.00058911927
332,240,0.00029087625
333,240,0.0006438028
334,240,0.00045331195
335,240,0.00024778768
336,240,0.000557621
337,240,0.00089350715
338,240,0.00029506255
339,240,-0.00017032586
340,240,0.0004359819
341,240,0.0004741624
342,240,0.00045264605
343,240,0.00062457286
344,240,0.0006017033
345,240,0.0010144804
346,240,0.00047827233
347,240,-2.9303133e-05
348,240,0.0010009529
349,240,0.0002851542
350,240,0.00043660775
351,240,0.0002758922
352,240,0.00040331762
353,240,0.00047087297
354,240,0.000647611
355,240,0.0005280534
356,240,0.00014810823
357,240,0.00047169905
358,240,0.0008020401
359,240,0.00013786834
360,240,0.0004682988
361,240,0.0008642897
362,240,0.0008229902
363,240,0.00024037994
364,240,0.0005410258
365,240,0.00049538724
366,240,0.0003847517
367,240,0.00089008175
368,240,0.0004886398
369,240,0.00066047814
370,240,0.00033835229
371,240,0.0004425021
372,240,0.00034544058
373,240,0.00041294843
374,240,0.00085037574
375,240,0.0005530948
376,240,0.0006454075
377,240,0.00074157584
378,240,0.00055071246
379,240,0.0005119201
380,240,0.0007307697
381,240,0.00027110614
382,240,0.0003647087
383,240,0.00035240222
384,240,0.0006410647
385,240,0.0007335432
386,240,0.00082834996
387,240,0.0004766481
388,240,0.00087871775
389,240,0.00062977057
390,240,0.0009422917
391,240,0.00080676656
392,240,0.0006275475
393,240,0.00078581553
394,240,0.0006647492
395,240,0.0005416814
396,240,0.00046131574
397,240,0.0007388862
398,240,0.0005082842
399,240,0.00066324323
400,240,0.0008796435
401,240,0.0011075754
402,240,0.0004613381
403,240,0.00047036633
404,240,0.00052631646
405,240,0.0009145308
406,240,0.0009405017
407,240,0.0004757652
408,240,0.00036149565
409,240,0.00041951984
410,240,0.00030799117
411,240,0.0006638821
412,240,0.00052229874
413,240,0.00034990069
414,240,0.00056986604
415,240,0.0005620029
416,240,-1.3643876e-05
417,240,0.00047269743
418,240,0.00086188596
419,240,0.00055045914
420,240,0.0008942783
421,240,0.0008860156
422,240,0.0009777052
423,240,0.0009601144
424,240,0.0005611228
425,240,0.0008975975
426,240,0.0006371094
427,240,0.00075060874
428,240,0.00085418765
429,240,0.0007323753
430,240,0.00029198918
431,240,0.0005905656
432,240,0.00076603144
433,240,0.00050670654
434,240,0.00089217816
435,240,0.00031324755
436,240,0.0005713394
437,240,0.00019621663
438,240,0.0011966014
439,240,0.00025339145
440,240,0.0010290751
441,240,0.0011956915
442,240,0.0006219996
443,240,-2.3439527e-05
444,240,0.00036245864
445,240,0.000723823
446,240,-2.8355047e-05
447,240,0.0010789772
448,240,0.00017012283
449,240,0.00034484733
450,240,0.00054500997
451,240,9.353086e-05
452,240,0.00089254975
453,240,0.0006749751
454,240,0.0003797505
455,240,0.00028119795
456,240,0.00033366028
457,240,0.0005096309
458,240,0.00019549672
459,240,0.000709136
460,240,0.0008903239
461,240,0.0005400274
462,240,0.00077593606
463,240,0.00042893086
464,240,0.00049377047
465,240,-4.4092536e-05
466,240,0.0007751798
467,240,0.00055471435
468,240,0.0006217556
469,240,0.00046521984
470,240,0.0008451883
471,240,0.000489763
472,240,0.000761698
473,240,0.0007392587
474,240,4.786998e-07
475,240,3.0918047e-05
476,240,0.0008186484
477,240,0.00022890046
478,240,0.00036387332
479,240,0.00019784179
480,240,0.0009891661
481,240,0.00017803535
482,240,0.00034163427
483,240,0.0009967964
484,240,0.0008872822
485,240,0.0007553641
486,240,0.0005304767
487,240,0.00020853058
488,240,0.000591564
489,240,0.0010185903
490,240,0.0005827956
491,240,0.00071675144
492,240,0.0010789335
493,240,0.0009623049
494,240,0.0012780782
0,241,0.0007967241
1,241,0.0006961357
2,241,0.0008758139
3,241,0.0006794259
4,241,0.0002669338
5,241,0.00076739956
6,241,0.00065178704
7,241,0.00039230753
8,241,0.00083919335
9,241,0.0005480787
10,241,0.0011358783
11,241,0.00097150635
12,241,0.0006025741
13,241,0.00031580683
14,241,0.00032269582
15,241,0.0007604053
16,241,0.00068427064
17,241,0.0006417716
18,241,0.0008428721
19,241,0.00078907516
20,241,0.0004647998
21,241,0.0009044921
22,241,
23,241,0.0007100189
24,241,0.00041052606
25,241,-0.00015024934
26,241,
27,241,
28,241,0.00060130004
29,241,0.0003695069
30,241,0.0010342132
31,241,0.0010649795
32,241,0.0011080178
33,241,0.00096120406
34,241,0.0012366688
35,241,0.0009293137
36,241,0.0011579432
37,241,0.0011887224
38,241,0.0010732049
39,241,0.0012908466
40,241,0.001117819
41,241,0.0011855159
42,241,0.00097299647
43,241,0.0010260548
44,241,0.0011893716
45,241,0.0012199851
46,241,0.0010727681
47,241,0.0011634538
48,241,0.0011459067
49,241,0.0012710532
50,241,0.00069152936
51,241,0.0009306837
52,241,0.0010489356
53,241,0.0012570508
54,241,0.0009879824
55,241,0.0005757557
56,241,0.0012763375
57,241,0.00097613316
58,241,
59,241,0.0011000633
60,241,0.0011545112
61,241,0.0007615695
62,241,0.0009163283
63,241,0.0010127332
64,241,0.000775191
65,241,0.0008543208
66,241,0.0008625379
67,241,0.0008286545
68,241,0.00046892744
69,241,0.0005658092
70,241,0.0004988555
71,241,0.0009894734
72,241,0.0008576801
73,241,0.00081035495
74,241,0.0006478345
75,241,0.00075254776
76,241,0.0011285227
77,241,0.00054278504
78,241,0.0005242899
79,241,4.00031e-05
80,241,0.0006072698
81,241,0.00019042566
82,241,0.00041377824
83,241,0.0003826972
84,241,0.0006069187
85,241,0.00066960044
86,241,0.0007066233
87,241,0.0007514274
88,241,0.0005915174
89,241,0.00081698224
90,241,0.0007106494
91,241,0.0005665701
92,241,0.0007121172
93,241,0.00046732463
94,241,0.00011939928
95,241,0.00047641806
96,241,0.000639027
97,241,0.00040822662
98,241,0.00063345674
99,241,
100,241,0.0009717345
101,241,0.001136655
102,241,0.00083795004
103,241,0.0010166559
104,241,0.00084588304
105,241,0.0009995122
106,241,0.00091694854
107,241,0.00088555086
108,241,0.0009787194
109,241,0.00065280497
110,241,0.0010306593
111,241,0.0009858925
112,241,0.0006765872
113,241,0.0009530792
114,241,0.0010582125
115,241,0.000869317
116,241,0.0007540155
117,241,0.001550545
118,241,0.0012294222
119,241,0.0008235369
120,241,
121,241,
122,241,
123,241,
124,241,
125,241,0.00088218413
126,241,0.00049807597
127,241,0.0009724796
128,241,0.0011832239
129,241,0.0008245306
130,241,0.00095900055
131,241,0.00089608785
132,241,0.00059726834
133,241,0.0010238709
134,241,0.0009465348
135,241,0.00042118598
136,241,0.00096151605
137,241,0.00016767345
138,241,0.0004015714
139,241,0.0006407825
140,241,0.00046668388
141,241,0.00035842508
142,241,4.7907233e-05
143,241,0.0007289611
144,241,0.00055780075
145,241,
146,241,
147,241,
148,241,0.00022242032
149,241,0.00038990565
150,241,0.00040825177
151,241,0.00034996402
152,241,0.00087431446
153,241,0.00066155195
154,241,0.0005754512
155,241,0.0006524576
156,241,0.0011405777
157,241,0.0005169632
158,241,0.00073969085
159,241,0.00050976314
160,241,0.0007618349
161,241,-0.00017300807
162,241,-6.5759756e-05
163,241,0.0006175153
164,241,0.00022250414
165,241,0.00059477985
166,241,0.00046246778
167,241,0.0005555032
168,241,0.0009057643
169,241,0.00029348675
170,241,0.00056683086
171,241,0.0006302828
172,241,0.00094782375
173,241,0.00040394813
174,241,0.0004001232
175,241,0.0007270081
176,241,0.00064472295
177,241,0.00061538815
178,241,3.3122487e-05
179,241,0.00035015773
180,241,0.00024237297
181,241,0.000289537
182,241,0.0007995432
183,241,0.0007262798
184,241,0.00069253054
185,241,0.00029424485
186,241,0.00083938986
187,241,5.4711476e-05
188,241,0.000489275
189,241,0.00052382424
190,241,0.00036120135
191,241,0.00082669035
192,241,-2.8148293e-05
193,241,0.00027315225
194,241,0.000723999
195,241,0.00052746944
196,241,0.0007755207
197,241,0.0007889606
198,241,0.0009960122
199,241,0.0002835421
200,241,0.00023906771
201,241,0.0011238046
202,241,0.00030506216
203,241,0.0006737802
204,241,0.00027776044
205,241,0.00039902702
206,241,0.0009313524
207,241,0.00039000902
208,241,0.000660656
209,241,0.0005997354
210,241,0.00046296325
211,241,0.00077675935
212,241,0.00025671814
213,241,0.00022410881
214,241,-0.00014350284
215,241,0.00039314665
216,241,0.00057529286
217,241,2.989173e-05
218,241,0.0009441711
219,241,0.00010157563
220,241,0.00065603387
221,241,0.00054606237
222,241,0.00013927463
223,241,0.0004950743
224,241,0.000258239
225,241,0.00044130068
226,241,0.0005101571
227,241,0.00034617446
228,241,0.0005657021
229,241,0.00014997553
230,241,0.00032008812
231,241,0.000338478
232,241,0.00033780187
233,241,0.0002444582
234,241,0.00035789516
235,241,0.0005949782
236,241,6.212387e-05
237,241,0.00051727146
238,241,0.0004632799
239,241,9.7868964e-05
240,241,0.0006984407
241,241,0.00032208022
242,241,0.00020866655
243,241,-1.1621043e-05
244,241,0.00039967708
245,241,0.0005110167
246,241,0.0003824504
247,241,0.0001280075
248,241,0.00048505422
249,241,0.0005575754
250,241,0.0007227855
251,241,0.0009657731
252,241,0.00071655586
253,241,0.0001235297
254,241,0.001060049
255,241,
256,241,
257,241,
258,241,
259,241,
260,241,
261,241,
262,241,
263,241,
264,241,
265,241,
266,241,0.0003975546
267,241,
268,241,0.0002253484
269,241,0.0002935324
270,241,
271,241,
272,241,0.00075225625
273,241,0.00043207593
274,241,0.0004284568
275,241,0.00074840337
276,241,0.0002156971
277,241,0.0004164083
278,241,0.0007747272
279,241,0.0005687177
280,241,0.0006930996
281,241,0.0003930414
282,241,0.000697284
283,241,7.030554e-05
284,241,0.0005724635
285,241,0.00029271469
286,241,0.00020035915
287,241,0.000714262
288,241,0.00050821435
289,241,0.0003401786
290,241,0.00037802942
291,241,0.0015312638
292,241,-0.00026186276
293,241,0.0005235709
294,241,0.000619323
295,241,0.00060520973
296,241,0.00023028441
297,241,0.00040730275
298,241,0.0012870487
299,241,0.0004881397
300,241,0.00065484736
301,241,0.0004071258
302,241,-0.00011568889
303,241,0.0009224247
304,241,0.00078655966
305,241,0.0007021846
306,241,0.0004743971
307,241,0.0012985058
308,241,9.466987e-05
309,241,0.0004456211
310,241,0.00049751345
311,241,0.0003648633
312,241,-0.000496082
313,241,0.00039749406
314,241,0.00023324601
315,241,0.00062963646
316,241,0.0015103277
317,241,0.00044646114
318,241,-9.0574846e-05
319,241,0.00060214475
320,241,0.00080896076
321,241,0.0012522498
322,241,0.0005539125
323,241,0.00086419284
324,241,0.0005539339
325,241,0.00081138127
326,241,0.00032333564
327,241,0.00042810105
328,241,1.5918165e-05
329,241,0.0005774079
330,241,0.0005250275
331,241,0.0002716016
332,241,0.0011658855
333,241,0.00064140465
334,241,0.0005321689
335,241,3.0471012e-05
336,241,0.00040721614
337,241,
338,241,0.0007743519
339,241,0.00088327006
340,241,0.00033443514
341,241,0.00045805052
342,241,0.0009031212
343,241,0.00029714592
344,241,0.00056102406
345,241,0.00063353963
346,241,0.0004070094
347,241,0.0005512405
348,241,-8.281786e-05
349,241,0.0008434821
350,241,0.0005446756
351,241,0.000525482
352,241,0.00048905425
353,241,0.000759216
354,241,0.00028816983
355,241,0.000735241
356,241,0.00084373634
357,241,0.0002602646
358,241,0.00043472368
359,241,0.00040512532
360,241,0.00021924917
361,241,0.0007729875
362,241,0.00036270637
363,241,0.00074066967
364,241,0.00064141117
365,241,0.0006205337
366,241,0.0006793821
367,241,0.00073239766
368,241,0.000650513
369,241,0.0005956078
370,241,0.0003644256
371,241,0.0005864594
372,241,0.0005121371
373,241,-4.951749e-05
374,241,0.00037769694
375,241,0.00051213894
376,241,0.0009879377
377,241,0.0005750023
378,241,0.0006261794
379,241,0.00054881815
380,241,0.000861831
381,241,0.00078895874
382,241,0.000556319
383,241,0.00096638687
384,241,0.0007279329
385,241,0.000118163414
386,241,0.00011485256
387,241,0.0005182652
388,241,0.00089522917
389,241,0.00054192357
390,241,0.0010738997
391,241,0.0011485461
392,241,0.00083597656
393,241,0.0010967012
394,241,0.00095013157
395,241,0.001064457
396,241,0.00074837916
397,241,0.0006458843
398,241,0.00093133
399,241,0.00014809892
400,241,0.00030455366
401,241,0.00041538198
402,241,0.00067252386
403,241,0.0008234363
404,241,0.00014595967
405,241,0.0004778318
406,241,0.001116652
407,241,0.00024434365
408,241,0.00030978955
409,241,0.0006389236
410,241,0.0006227251
411,241,0.0007155044
412,241,0.00067393016
413,241,0.0008587204
414,241,0.00036006887
415,241,0.00059324317
416,241,0.00066187605
417,241,0.00071870815
418,241,0.0005629994
419,241,0.0006294707
420,241,0.0008456409
421,241,0.0006523328
422,241,0.00043509807
423,241,0.00076782145
424,241,0.00087965373
425,241,0.00084134843
426,241,0.00041467324
427,241,0.0003386531
428,241,0.0003568409
429,241,0.00042491034
430,241,0.00047777966
431,241,0.00057358295
432,241,0.00033002906
433,241,0.0009059906
434,241,0.00029764697
435,241,0.00097037014
436,241,0.00033171196
437,241,0.000884179
438,241,0.0002572136
439,241,0.0008070981
440,241,0.0005842177
441,241,7.881131e-05
442,241,0.00040411577
443,241,2.6883557e-05
444,241,0.00044121966
445,241,0.0006891284
446,241,0.00020417385
447,241,0.00021362025
448,241,0.00010614097
449,241,0.00060130097
450,241,0.00034267642
451,241,0.00023553055
452,241,0.0003700275
453,241,0.0011276482
454,241,-0.0001319088
455,241,0.00065157097
456,241,0.00091845915
457,241,0.0005245358
458,241,0.0005953843
459,241,0.00043427572
460,241,0.0006850958
461,241,0.00021328498
462,241,-4.3231063e-05
463,241,0.00036596972
464,241,0.0004993016
465,241,0.0002473779
466,241,0.00049002934
467,241,0.0004866533
468,241,0.0008485485
469,241,0.0003701644
470,241,0.00060367584
471,241,0.0005224319
472,241,0.00063895993
473,241,0.0003686743
474,241,0.0006748494
475,241,0.0006878609
476,241,5.3408556e-05
477,241,0.00026005134
478,241,3.0348077e-05
479,241,0.00065183174
480,241,0.00062674563
481,241,0.0007379409
482,241,0.00054471474
483,241,0.00088285655
484,241,0.00090826117
485,241,0.0003700871
486,241,0.00020220317
487,241,0.0006047096
488,241,0.0009619286
489,241,0.0007986417
490,241,0.00057986844
491,241,0.0010228725
492,241,0.0010628309
493,241,0.00027838536
494,241,0.0009768791
0,242,0.0011855271
1,242,0.00055421237
2,242,0.00052011013
3,242,0.0006126873
4,242,0.00023544673
5,242,0.0014852798
6,242,0.0008276785
7,242,0.0006528003
8,242,0.0005926611
9,242,0.00080775935
10,242,0.0010103788
11,242,0.0010162275
12,242,0.0009581698
13,242,0.0007559089
14,242,0.0007116515
15,242,0.00059571676
16,242,0.0011147112
17,242,0.0013340628
18,242,0.00038655475
19,242,0.00023585465
20,242,0.00025532767
21,242,0.0005926732
22,242,
23,242,
24,242,
25,242,
26,242,
27,242,0.00089738984
28,242,0.0004975982
29,242,0.0010165703
30,242,0.0010411646
31,242,0.0010497281
32,242,0.0010918602
33,242,0.0010330854
34,242,0.0011266787
35,242,0.0010143584
36,242,0.0010266798
37,242,0.0013277307
38,242,0.0009936448
39,242,0.0011540838
40,242,0.0010568202
41,242,0.0012135608
42,242,0.0010690195
43,242,0.00095126126
44,242,0.0009060707
45,242,0.0010723416
46,242,0.0009879777
47,242,0.0011973567
48,242,0.0014094897
49,242,0.0014036642
50,242,0.0011998443
51,242,0.0013868827
52,242,
53,242,0.00048318692
54,242,0.00074040703
55,242,0.001028127
56,242,0.0009682141
57,242,
58,242,
59,242,0.0014778795
60,242,0.0012632571
61,242,0.0011699451
62,242,0.0009056479
63,242,
64,242,0.0012210356
65,242,0.00068882015
66,242,0.000958194
67,242,0.00068215746
68,242,0.00081225485
69,242,0.000989506
70,242,0.00057698786
71,242,0.00019970164
72,242,0.0002519777
73,242,0.00014236476
74,242,0.0004000198
75,242,0.00071368087
76,242,0.0002944395
77,242,0.0007578023
78,242,0.0007092962
79,242,0.00018696673
80,242,0.00027973577
81,242,0.0006235391
82,242,0.000910487
83,242,0.00016462617
84,242,0.00035601854
85,242,0.0008366499
86,242,0.0008322913
87,242,0.000595768
88,242,0.00031227432
89,242,0.0007287869
90,242,0.00067540165
91,242,0.00031306036
92,242,0.00084858574
93,242,0.00077097863
94,242,0.00063389447
95,242,0.00051982515
96,242,0.0005890364
97,242,0.00035284087
98,242,-2.3729168e-05
99,242,0.00039803982
100,242,0.00093639083
101,242,0.00074698776
102,242,0.0014652852
103,242,0.001047573
104,242,0.0010703588
105,242,0.0011539245
106,242,0.00097645074
107,242,0.0012043016
108,242,0.0010724002
109,242,0.0010305922
110,242,0.0010036025
111,242,0.00044945162
112,242,0.0010986989
113,242,0.0010025091
114,242,0.0010518562
115,242,0.0003718743
116,242,0.0011239713
117,242,0.00076128636
118,242,0.0012872946
119,242,0.0005901065
120,242,
121,242,
122,242,
123,242,
124,242,
125,242,0.00059044827
126,242,0.0005960297
127,242,0.00085220113
128,242,0.0010420559
129,242,0.00051596574
130,242,0.0008419473
131,242,0.00058754534
132,242,0.0006385846
133,242,0.0010840874
134,242,0.00093954336
135,242,0.00045286492
136,242,0.00022875052
137,242,0.0006952416
138,242,0.0010742666
139,242,0.00051248446
140,242,0.00050945673
141,242,0.0008411817
142,242,0.0006638309
143,242,0.0007749414
144,242,0.0004982492
145,242,0.0006214678
146,242,
147,242,
148,242,-0.00017012283
149,242,0.0003476534
150,242,0.0001433175
151,242,0.0007759575
152,242,0.001069814
153,242,0.0005084891
154,242,0.00018836278
155,242,0.0008232463
156,242,8.686166e-05
157,242,0.00055638887
158,242,0.0010631643
159,242,0.00038985442
160,242,0.0008160835
161,242,0.00060788915
162,242,0.00077711046
163,242,0.00045703445
164,242,-2.5955029e-05
165,242,-1.770351e-05
166,242,0.00044439454
167,242,0.0007366482
168,242,0.0006582495
169,242,0.0006882092
170,242,0.00029849354
171,242,0.00021742377
172,242,0.0003389232
173,242,0.00027817115
174,242,7.327646e-05
175,242,0.0005705394
176,242,0.0007427884
177,242,0.00077431276
178,242,0.0009586988
179,242,0.00045939256
180,242,0.000400546
181,242,0.00045213383
182,242,0.0003206851
183,242,0.00021385401
184,242,0.00041048415
185,242,0.0004119575
186,242,0.00085281767
187,242,0.00053100474
188,242,0.0003221212
189,242,0.0005256701
190,242,0.001279626
191,242,0.00080159307
192,242,5.543139e-05
193,242,0.00038656406
194,242,0.0003972156
195,242,0.0001853453
196,242,0.00057899486
197,242,0.00035163015
198,242,0.0006192364
199,242,0.0003791107
200,242,0.00068782456
201,242,0.0010402333
202,242,0.00018476974
203,242,0.00054403394
204,242,0.00076060556
205,242,0.00090190116
206,242,0.0009081941
207,242,0.0007506134
208,242,0.0003866991
209,242,0.0006010011
210,242,0.0009908117
211,242,0.0009828601
212,242,0.00050281174
213,242,0.00053822994
214,242,0.0009398274
215,242,0.00041982345
216,242,0.00070238113
217,242,0.00025822874
218,242,0.00020034704
219,242,0.0005431101
220,242,0.00048109237
221,242,0.0006398428
222,242,0.00060884
223,242,0.00034446642
224,242,0.0011634026
225,242,0.00086668413
226,242,0.00026998762
227,242,0.00080238376
228,242,0.00035080034
229,242,0.00057924073
230,242,0.0005672127
231,242,0.00056634005
232,242,0.00050564203
233,242,0.0005100705
234,242,0.0003576018
235,242,0.00055702217
236,242,0.0008569136
237,242,0.00069044624
238,242,0.0006623799
239,242,0.00074468367
240,242,0.00042042695
241,242,0.00036715157
242,242,0.0006299326
243,242,0.00044596847
244,242,0.00037130155
245,242,0.0005142912
246,242,-6.436184e-05
247,242,0.0006988989
248,242,0.00036030915
249,242,0.00015410222
250,242,6.734673e-05
251,242,0.0008757543
252,242,0.0002883263
253,242,
254,242,0.0008511767
255,242,
256,242,
257,242,
258,242,
259,242,
260,242,
261,242,
262,242,
263,242,0.00053048506
264,242,
265,242,0.0005731061
266,242,
267,242,0.0006154366
268,242,
269,242,0.00061465614
270,242,
271,242,0.0006475607
272,242,0.0008360697
273,242,0.000117184594
274,242,4.0450133e-05
275,242,0.0007147733
276,242,0.0006090235
277,242,0.00056357495
278,242,0.00020471122
279,242,0.00044861622
280,242,0.0007084012
281,242,0.00068446994
282,242,0.00018983614
283,242,0.00048317015
284,242,0.00082630944
285,242,0.00068900175
286,242,0.0006366065
287,242,0.0007737139
288,242,0.00071720406
289,242,0.0004757233
290,242,-7.7076256e-05
291,242,-7.503666e-05
292,242,0.00043175276
293,242,0.00094716996
294,242,0.000578695
295,242,0.0010034228
296,242,0.00014590845
297,242,0.00053063594
298,242,0.0005554408
299,242,0.0011374764
300,242,0.0005888846
301,242,0.0009353077
302,242,0.00042304955
303,242,3.341213e-05
304,242,0.00013387203
305,242,0.0008454835
306,242,0.0006897468
307,242,0.00020803511
308,242,7.469952e-05
309,242,0.0008716956
310,242,0.00054052845
311,242,0.00083837565
312,242,0.00033893622
313,242,0.00057343673
314,242,0.0005763676
315,242,0.0006831018
316,242,0.00036910083
317,242,0.00018636324
318,242,0.00030600186
319,242,0.00037875213
320,242,0.00066131726
321,242,0.00077348854
322,242,0.00054567493
323,242,0.00060116034
324,242,0.0008208491
325,242,0.0006313687
326,242,0.0006545549
327,242,0.0003780732
328,242,0.00093231816
329,242,0.0003176052
330,242,0.0006947294
331,242,0.00035183318
332,242,0.00069884304
333,242,0.0006696526
334,242,0.00022259913
335,242,0.0005917726
336,242,0.0013770517
337,242,0.0008550845
338,242,0.0005106032
339,242,0.0007096268
340,242,0.00065524224
341,242,0.0005395701
342,242,0.00067862216
343,242,0.0007922845
344,242,0.00097081997
345,242,0.0005644923
346,242,0.0010594632
347,242,0.000107059255
348,242,0.00076426845
349,242,0.000631907
350,242,0.00058237836
351,242,0.00080705434
352,242,3.559701e-05
353,242,0.000102333724
354,242,0.0004465785
355,242,0.0001742309
356,242,0.0004144488
357,242,0.0010382123
358,242,0.0006798934
359,242,0.00054316595
360,242,0.00082035735
361,242,0.00043097604
362,242,0.00054105744
363,242,0.00049632415
364,242,0.00079752505
365,242,0.0006640563
366,242,0.00041983183
367,242,0.00032148138
368,242,0.00095052365
369,242,0.0005437974
370,242,0.0004935665
371,242,0.0004373053
372,242,0.00080412254
373,242,3.461726e-05
374,242,0.00050566904
375,242,0.00046077557
376,242,0.00070044585
377,242,0.00046163145
378,242,0.00057727564
379,242,0.00014806446
380,242,0.0007045567
381,242,0.0005312888
382,242,0.00026337523
383,242,0.0005501732
384,242,0.00044719502
385,242,0.0005401606
386,242,0.0007368708
387,242,0.001264385
388,242,0.00090132654
389,242,0.0010811817
390,242,0.00067425426
391,242,0.0008397363
392,242,0.0007758206
393,242,0.00056245085
394,242,0.00082054175
395,242,0.0005955249
396,242,0.0009617135
397,242,0.0006418312
398,242,0.00044395588
399,242,0.0004784977
400,242,0.0003113309
401,242,0.0010920707
402,242,0.0007257117
403,242,0.0007604221
404,242,0.0003238758
405,242,
406,242,0.0009219134
407,242,1.7578714e-05
408,242,0.00066328514
409,242,0.0007080138
410,242,0.00082021486
411,242,0.0011876961
412,242,0.0004308112
413,242,0.00077072624
414,242,0.0005192086
415,242,0.00094024185
416,242,0.00056126155
417,242,0.0007693572
418,242,0.0004226882
419,242,0.0003607897
420,242,0.0009930441
421,242,0.00066787004
422,242,0.0005481243
423,242,0.0008882638
424,242,0.00077588763
425,242,0.0003940519
426,242,0.0010514986
427,242,0.00072033796
428,242,0.0006515449
429,242,7.386226e-05
430,242,0.0004967926
431,242,0.0006769886
432,242,0.00045855995
433,242,0.00042461697
434,242,0.00066995714
435,242,0.00047060288
436,242,0.00038935058
437,242,0.00030895136
438,242,0.00028638262
439,242,0.0008392073
440,242,0.00067002233
441,242,0.00060541835
442,242,0.00064203143
443,242,-7.2978437e-06
444,242,0.0003487533
445,242,0.0007427074
446,242,0.00012475904
447,242,0.0005892003
448,242,0.0005520666
449,242,0.00035185087
450,242,0.00040331855
451,242,-0.00016448926
452,242,0.0005766656
453,242,0.00046867225
454,242,0.00079492666
455,242,0.001101735
456,242,0.0004430879
457,242,0.0006171195
458,242,0.00051203463
459,242,0.00042447634
460,242,0.00062083174
461,242,0.0003218036
462,242,0.00010496192
463,242,0.00067881774
464,242,0.00028025825
465,242,0.00071104243
466,242,0.0009801732
467,242,0.0007198164
468,242,0.0007940959
469,242,0.0005236976
470,242,-7.481035e-05
471,242,0.00083130784
472,242,0.00060769916
473,242,0.00041651353
474,242,0.001004735
475,242,0.00039290916
476,242,0.00045735203
477,242,0.0009919843
478,242,0.00019094348
479,242,0.001031205
480,242,0.00056323875
481,242,0.00072963815
482,242,0.00049868785
483,242,0.0008104341
484,242,0.0005886182
485,242,0.00032077357
486,242,0.00043466687
487,242,0.0004816912
488,242,0.00039874204
489,242,0.0013587326
490,242,0.00062119216
491,242,0.00018193386
492,242,0.00025597215
493,242,0.00037179887
494,242,0.00034482963
0,243,0.0005498696
1,243,0.00079521537
2,243,0.00034192763
3,243,0.0009545395
4,243,0.000789457
5,243,0.0004979642
6,243,0.0009175204
7,243,0.0005177222
8,243,0.00063584745
9,243,0.00097214803
10,243,0.000647841
11,243,0.00074568205
12,243,0.0007885033
13,243,0.0006081015
14,243,0.0007870039
15,243,0.0004060855
16,243,0.00060318876
17,243,0.0006983988
18,243,0.0004528081
19,243,0.00032400526
20,243,0.0007665884
21,243,0.00019759592
22,243,
23,243,
24,243,
25,243,
26,243,0.00063180644
27,243,0.0005202601
28,243,0.00055550784
29,243,0.0009095613
30,243,0.0012015253
31,243,0.0012102332
32,243,0.0012043184
33,243,0.0010572765
34,243,0.0010212604
35,243,0.0011282321
36,243,0.0011894144
37,243,0.001097952
38,243,0.0011874894
39,243,0.0011012536
40,243,0.0010688109
41,243,0.001088269
42,243,0.000871866
43,243,0.0009044213
44,243,0.001126918
45,243,0.0011297949
46,243,0.0010558479
47,243,0.0012424365
48,243,0.0010361765
49,243,0.0011564633
50,243,0.00085718464
51,243,0.0010345941
52,243,0.0006048037
53,243,0.0009280471
54,243,0.00069064647
55,243,0.00088322535
56,243,0.00076863356
57,243,
58,243,0.0012340145
59,243,0.00094629545
60,243,0.0008660257
61,243,0.00079002883
62,243,0.0015644506
63,243,0.0011813883
64,243,0.0008647302
65,243,0.00068592187
66,243,0.0006689299
67,243,0.0009047333
68,243,0.0010049809
69,243,0.0009793183
70,243,0.00087890774
71,243,0.0009152498
72,243,6.3056126e-05
73,243,0.00062540825
74,243,0.00020222552
75,243,4.310161e-05
76,243,-0.00012815744
77,243,0.00075039454
78,243,0.00035702158
79,243,0.00024340581
80,243,0.000444266
81,243,0.00034878962
82,243,0.0005725911
83,243,0.00047903694
84,243,0.00062374864
85,243,0.00075286906
86,243,0.00044128858
87,243,0.0007882891
88,243,0.00021432154
89,243,0.0006692577
90,243,0.00068445224
91,243,0.00062783714
92,243,0.0008465741
93,243,0.0006924132
94,243,0.00043370668
95,243,0.00037227012
96,243,0.00040281937
97,243,0.00055799447
98,243,0.0008648513
99,243,0.0005804803
100,243,0.0011510644
101,243,0.0007691886
102,243,0.0010684142
103,243,0.0009160591
104,243,0.0010277554
105,243,0.0010605222
106,243,0.00032133982
107,243,0.0011199899
108,243,0.00079969317
109,243,0.0006342642
110,243,0.0007634759
111,243,0.00053658243
112,243,0.0010625487
113,243,0.00040928833
114,243,0.00089797657
115,243,0.00069807563
116,243,0.00090848
117,243,0.000728732
118,243,
119,243,
120,243,
121,243,
122,243,
123,243,
124,243,
125,243,
126,243,0.0010014661
127,243,0.0006641401
128,243,0.0007415898
129,243,0.00052466895
130,243,0.00051558577
131,243,0.0005228827
132,243,0.0007201275
133,243,0.0010670181
134,243,0.00075062737
135,243,0.0006704349
136,243,0.00014670938
137,243,0.0007363716
138,243,0.0004991181
139,243,0.00058369804
140,243,0.0005793143
141,243,0.0006325338
142,243,0.0003199773
143,243,0.0007733861
144,243,0.00047722086
145,243,0.00032513775
146,243,
147,243,0.00047675055
148,243,0.0009633871
149,243,0.0002767779
150,243,0.0007291641
151,243,0.00047312863
152,243,0.00060493685
153,243,0.00046012178
154,243,0.0004453836
155,243,0.000271325
156,243,0.0006560199
157,243,0.00071569346
158,243,0.00049062725
159,243,0.0005920213
160,243,0.00028912444
161,243,0.0009668479
162,243,0.0003264295
163,243,0.00040643755
164,243,0.0008202139
165,243,0.00027181394
166,243,0.0007316973
167,243,-0.00015402585
168,243,0.000357233
169,243,0.0009172838
170,243,0.00079290196
171,243,0.00045591313
172,243,0.0004802514
173,243,0.00065390393
174,243,0.0005821297
175,243,0.000410866
176,243,0.00038821157
177,243,0.00040186942
178,243,0.00047754403
179,243,0.00028915796
180,243,0.0007723402
181,243,0.00038586743
182,243,0.00012976862
183,243,0.0003093239
184,243,0.00012625381
185,243,0.0004553534
186,243,0.0005145157
187,243,0.00013744272
188,243,0.0005289223
189,243,0.00038126763
190,243,0.0008248221
191,243,0.0007039439
192,243,0.0004644161
193,243,0.0006062491
194,243,0.0007930212
195,243,0.0011537503
196,243,0.00067480747
197,243,-6.213039e-05
198,243,0.0009623356
199,243,0.00040824153
200,243,0.0008033505
201,243,0.00068594236
202,243,0.0005629957
203,243,0.00074337237
204,243,-0.00027459115
205,243,0.00094580185
206,243,0.00035524368
207,243,0.00039858464
208,243,0.00045272429
209,243,0.00056478195
210,243,0.0006343657
211,243,0.00014639646
212,243,0.0007455973
213,243,0.00023478642
214,243,0.0008090474
215,243,0.00077507924
216,243,0.00058312714
217,243,0.001341993
218,243,-0.00015669223
219,243,0.00047818013
220,243,0.00033838116
221,243,0.00038990006
222,243,0.0010118932
223,243,0.00044361036
224,243,0.0005841544
225,243,0.0003863331
226,243,0.00053344853
227,243,0.0005191276
228,243,0.00058712065
229,243,0.00026252307
230,243,0.0004504379
231,243,0.0009868573
232,243,-3.374275e-05
233,243,0.0009403769
234,243,0.00013166666
235,243,0.00079391804
236,243,0.00046905316
237,243,-0.00025155395
238,243,0.00033017993
239,243,0.0005026413
240,243,0.00044388417
241,243,0.00019009598
242,243,0.0006332323
243,243,0.00065651163
244,243,0.00027274806
245,243,0.000653496
246,243,0.00066655874
247,243,0.00041942764
248,243,0.00050541945
249,243,0.0001628846
250,243,0.00069259293
251,243,0.00057098735
252,243,0.00049897004
253,243,
254,243,0.0008049067
255,243,
256,243,
257,243,
258,243,5.2951276e-05
259,243,0.00016547274
260,243,0.00021465402
261,243,
262,243,0.00039604586
263,243,
264,243,
265,243,0.000919587
266,243,
267,243,0.00024993345
268,243,
269,243,0.0005353326
270,243,0.00039964914
271,243,0.000635813
272,243,
273,243,0.00031191483
274,243,0.00065058656
275,243,0.00060561206
276,243,0.00027650408
277,243,0.0004888922
278,243,0.0003292095
279,243,0.00082297996
280,243,0.00070786383
281,243,0.00030577928
282,243,0.0006019175
283,243,0.00057025347
284,243,0.00079447497
285,243,0.0011357097
286,243,0.0006714873
287,243,0.0004408639
288,243,0.0007348787
289,243,0.0008766828
290,243,-0.00016892981
291,243,0.0008600475
292,243,0.00036364514
293,243,0.0011239294
294,243,0.00030103885
295,243,0.00092689693
296,243,0.00059735496
297,243,0.0004984513
298,243,0.0003844099
299,243,0.00055170245
300,243,0.0006544152
301,243,0.00067896955
302,243,-0.00033487566
303,243,0.00056780875
304,243,0.0003225347
305,243,0.00048552174
306,243,0.0011456208
307,243,0.000581678
308,243,0.00011102576
309,243,-0.00012211036
310,243,0.00041040126
311,243,0.00081543997
312,243,0.0008177161
313,243,0.00020378828
314,243,0.00077235326
315,243,0.0002887342
316,243,0.0007388871
317,243,0.0009778803
318,243,0.00028007105
319,243,0.0004910575
320,243,0.0004965374
321,243,0.00090102945
322,243,0.00019509066
323,243,0.00049773976
324,243,0.0004737852
325,243,0.00032371003
326,243,0.0002206089
327,243,0.00056249276
328,243,0.001480598
329,243,0.00076640025
330,243,0.00024533644
331,243,0.00021672808
332,243,0.0008732816
333,243,0.00048224442
334,243,0.00078633334
335,243,0.0007026205
336,243,0.00054543465
337,243,0.0009925077
338,243,0.00078431517
339,243,0.0009089196
340,243,0.00033217762
341,243,0.00044964254
342,243,0.00018960238
343,243,0.000369112
344,243,0.00033530593
345,243,0.0010373192
346,243,0.00039123092
347,243,0.00051312894
348,243,0.0007025404
349,243,0.0005641766
350,243,0.00069165695
351,243,0.0005334299
352,243,0.00048733875
353,243,0.0006003892
354,243,0.0007816963
355,243,0.0001958618
356,243,0.00080378447
357,243,0.00029334426
358,243,0.0002841074
359,243,0.0008420339
360,243,0.0006559044
361,243,0.00026364066
362,243,0.00036437623
363,243,0.0009014923
364,243,0.00072497316
365,243,0.0010490669
366,243,0.0006171437
367,243,0.00058770925
368,243,0.00094431266
369,243,0.00064496044
370,243,0.00058076065
371,243,0.00066525955
372,243,0.00094841607
373,243,0.001150459
374,243,0.00044697896
375,243,0.0006916262
376,243,0.00021226332
377,243,0.0002709441
378,243,0.00040664617
379,243,0.0008449685
380,243,0.0010840306
381,243,0.0006662132
382,243,0.00029411446
383,243,0.00078332983
384,243,0.0005737832
385,243,0.0005877903
386,243,0.00078021735
387,243,0.00072749704
388,243,0.0007936964
389,243,0.0007791035
390,243,0.0006489102
391,243,0.00054324884
392,243,0.0008861283
393,243,0.0006431546
394,243,0.00087568164
395,243,0.0008775564
396,243,0.0008707475
397,243,0.0006800266
398,243,0.0004448425
399,243,0.00032669492
400,243,0.00059898663
401,243,0.0003400324
402,243,0.0004948992
403,243,0.0002543237
404,243,0.0004403051
405,243,
406,243,0.00039125327
407,243,0.0008616578
408,243,0.00041436963
409,243,-7.8709796e-05
410,243,0.00067427196
411,243,0.00059968885
412,243,0.0007269997
413,243,0.0008982392
414,243,0.000414934
415,243,0.00077204965
416,243,0.00079633575
417,243,0.0008665258
418,243,0.0006800331
419,243,0.0007099975
420,243,0.00050151255
421,243,0.00058035925
422,243,0.0006592665
423,243,0.00029006228
424,243,0.00064713415
425,243,0.0007863445
426,243,0.00056957453
427,243,0.00019183289
428,243,0.00051658414
429,243,0.00075375475
430,243,0.0008088192
431,243,0.00023633335
432,243,0.00029782113
433,243,0.00057646446
434,243,0.00062404945
435,243,0.0005555833
436,243,0.00011681486
437,243,0.0011872333
438,243,0.00048615225
439,243,0.0006095562
440,243,0.00016838964
441,243,0.00044532493
442,243,0.00030167866
443,243,0.0005341135
444,243,0.0007419754
445,243,0.00034372322
446,243,0.00026828982
447,243,0.0007157214
448,243,0.00049758796
449,243,0.00030221045
450,243,0.00044893753
451,243,0.0007643821
452,243,0.0003135549
453,243,0.0004253406
454,243,0.0004360862
455,243,-0.00031817984
456,243,0.00087777246
457,243,0.0004922813
458,243,0.00044100545
459,243,0.0006722724
460,243,0.0005206112
461,243,0.0008381512
462,243,0.00019512884
463,243,0.0006165216
464,243,0.00034591556
465,243,0.0006320141
466,243,0.00045870524
467,243,0.0004628366
468,243,0.00067684613
469,243,0.0006944202
470,243,0.00038059056
471,243,0.001003515
472,243,0.00082247145
473,243,0.00060370564
474,243,0.00050640386
475,243,0.00087521784
476,243,0.0007659076
477,243,0.0007681232
478,243,0.000555085
479,243,0.00076772645
480,243,0.00067863613
481,243,0.000390538
482,243,0.00054379646
483,243,0.00069633964
484,243,0.00078300945
485,243,0.0008585714
486,243,0.00087610446
487,243,0.0010863682
488,243,0.00066157617
489,243,0.00062236097
490,243,0.0005887551
491,243,0.0012470381
492,243,0.0014175866
493,243,0.0004693754
494,243,0.0017526438
0,244,0.00051932223
1,244,0.00026111864
2,244,0.0008903509
3,244,0.0008802153
4,244,0.00091487356
5,244,0.00015698653
6,244,0.00093686767
7,244,0.00080152974
8,244,0.0006907005
9,244,0.00075059384
10,244,0.00080484245
11,244,0.000820769
12,244,0.00019352883
13,244,0.0009782631
14,244,0.0007662317
15,244,0.00040969998
16,244,0.0012993217
17,244,0.00069496874
18,244,0.0004122099
19,244,0.0011618864
20,244,0.00070257485
21,244,9.371247e-05
22,244,0.0008385815
23,244,
24,244,
25,244,
26,244,0.0009797039
27,244,0.0006950386
28,244,0.00028398726
29,244,0.0011174195
30,244,0.0008415133
31,244,0.00094040576
32,244,0.0011102743
33,244,0.000990659
34,244,0.0012320653
35,244,0.0008241823
36,244,0.0010307301
37,244,0.0011820737
38,244,0.0010459824
39,244,0.0010555601
40,244,0.0009429576
41,244,0.0011979789
42,244,0.0010955473
43,244,0.0010506548
44,244,0.00097221043
45,244,0.0012138532
46,244,0.0011131708
47,244,0.0013777167
48,244,0.0008858545
49,244,0.0011289977
50,244,0.0011013048
51,244,0.0009053089
52,244,
53,244,0.0008727219
54,244,0.0008256519
55,244,0.0010907389
56,244,0.00079326425
57,244,
58,244,
59,244,0.00066060014
60,244,0.0006373413
61,244,0.00078421086
62,244,0.001244193
63,244,0.0009834049
64,244,0.0009698253
65,244,0.00091120414
66,244,0.0007400615
67,244,0.0009020334
68,244,0.0009770589
69,244,0.0009827297
70,244,0.00089347735
71,244,0.0010601422
72,244,0.00044639967
73,244,0.0008262601
74,244,0.00013551768
75,244,0.000114311464
76,244,0.00030165538
77,244,0.00038818177
78,244,0.0011093477
79,244,0.00023727585
80,244,0.00048048794
81,244,0.00073547475
82,244,0.00037739053
83,244,-0.0001403438
84,244,0.0004825173
85,244,0.00037022773
86,244,0.00040042307
87,244,0.0009291852
88,244,0.00031859893
89,244,0.0005720351
90,244,0.0007087393
91,244,0.0004493585
92,244,0.00053712726
93,244,0.00074943714
94,244,0.00052201375
95,244,0.00039509777
96,244,0.00078592263
97,244,0.0005484633
98,244,0.0005788598
99,244,0.00083816424
100,244,0.0007832125
101,244,0.00095816795
102,244,0.0005231807
103,244,0.0010048617
104,244,0.0007214723
105,244,0.000830519
106,244,0.0009485893
107,244,0.0009569032
108,244,0.00097550545
109,244,0.0013456764
110,244,0.0009233933
111,244,0.0007873373
112,244,0.0006120987
113,244,0.0005730139
114,244,0.0007127505
115,244,0.00063191913
116,244,0.00093104225
117,244,0.0010405676
118,244,
119,244,0.0005969377
120,244,
121,244,
122,244,
123,244,
124,244,
125,244,
126,244,
127,244,0.0010190671
128,244,1.5376136e-05
129,244,0.0008191578
130,244,0.0003735777
131,244,0.0005695792
132,244,0.0006334521
133,244,0.0003922293
134,244,0.0005921768
135,244,0.00020948518
136,244,0.0009256881
137,244,0.00025298633
138,244,0.00041210093
139,244,0.0010201698
140,244,0.00043384545
141,244,
142,244,0.0005712705
143,244,0.00050854404
144,244,0.0006649103
145,244,0.00033260323
146,244,
147,244,0.00021276902
148,244,0.0004110504
149,244,0.00042403862
150,244,0.0006619692
151,244,0.0003565941
152,244,0.00024816208
153,244,0.00054314826
154,244,0.0007015001
155,244,0.00031157024
156,244,0.00048296992
157,244,0.0011674566
158,244,0.00030602608
159,244,0.0002629934
160,244,0.0002883952
161,244,0.00089833885
162,244,0.00085049216
163,244,0.0010252893
164,244,-0.000102474354
165,244,0.00078882184
166,244,0.00037210435
167,244,5.8653764e-05
168,244,0.0010933718
169,244,0.0002046004
170,244,0.00042610615
171,244,0.00077650975
172,244,0.000103087164
173,244,9.855535e-05
174,244,0.00028845202
175,244,0.00014179945
176,244,0.00038375705
177,244,0.00076692365
178,244,0.00059632864
179,244,6.69267e-05
180,244,0.00047721434
181,244,0.0007669879
182,244,-2.3345463e-05
183,244,0.0006818315
184,244,0.00040754862
185,244,1.6000122e-05
186,244,0.00046167057
187,244,0.0010412522
188,244,0.0010476075
189,244,0.00076824427
190,244,0.00015637558
191,244,0.00022521336
192,244,0.00039913785
193,244,0.00054830126
194,244,0.0007458916
195,244,0.00013229158
196,244,0.00064023305
197,244,5.2261166e-05
198,244,0.0005957708
199,244,0.0006595813
200,244,0.0010918649
201,244,0.00027035736
202,244,0.00068623107
203,244,0.00091741513
204,244,0.00052672066
205,244,0.00045914575
206,244,0.0005649002
207,244,0.00032856595
208,244,0.00070921984
209,244,0.00075209606
210,244,0.00071304105
211,244,0.0005365163
212,244,0.0006416114
213,244,9.857118e-06
214,244,0.00037321541
215,244,0.0008143615
216,244,0.00021051243
217,244,0.00045328308
218,244,0.0002890732
219,244,0.0003387276
220,244,0.00016183499
221,244,0.0005493248
222,244,0.00011113845
223,244,0.00059598126
224,244,0.000575372
225,244,0.00048015267
226,244,0.0010801209
227,244,0.0006265165
228,244,0.00022015534
229,244,0.0005517518
230,244,0.00031139422
231,244,0.0005977573
232,244,0.0009481553
233,244,0.0012442758
234,244,0.00052244216
235,244,0.00087844394
236,244,0.00070619676
237,244,0.0009420775
238,244,0.00067601725
239,244,0.0007639276
240,244,0.00023543462
241,244,0.0006453097
242,244,9.275414e-05
243,244,0.0003708545
244,244,0.00029961113
245,244,0.0006059557
246,244,0.00050203037
247,244,0.0005255025
248,244,0.00048426818
249,244,0.0002637077
250,244,0.00056774076
251,244,0.001135679
252,244,0.00046303775
253,244,5.5399723e-05
254,244,
255,244,
256,244,0.0005801581
257,244,
258,244,0.000640369
259,244,
260,244,
261,244,
262,244,0.0006898921
263,244,
264,244,
265,244,
266,244,
267,244,0.00053957663
268,244,
269,244,0.00051015615
270,244,0.0008501904
271,244,0.0004879674
272,244,
273,244,0.00032958668
274,244,0.00066863466
275,244,0.0006515607
276,244,0.0006927578
277,244,0.0005841637
278,244,0.00039521419
279,244,0.00036442652
280,244,0.00011409633
281,244,0.0006166594
282,244,0.00085956044
283,244,0.00067485217
284,244,0.00067398883
285,244,0.00026051514
286,244,0.0006347988
287,244,0.00038588792
288,244,0.00066737924
289,244,0.0009890348
290,244,0.0005687624
291,244,0.00061105937
292,244,0.00092067197
293,244,-4.0879473e-05
294,244,0.0006823782
295,244,0.0007282933
296,244,0.00051386654
297,244,0.00080597587
298,244,0.0006429069
299,244,0.0009042416
300,244,0.00066065043
301,244,0.0006229058
302,244,0.0007261485
303,244,0.00039198436
304,244,0.000646282
305,244,0.00020041224
306,244,0.00039215386
307,244,0.0012624506
308,244,0.000641427
309,244,0.0006059371
310,244,0.00077704247
311,244,0.0009880718
312,244,-0.00018190313
313,244,0.0005060388
314,244,0.00017519295
315,244,0.0009271689
316,244,0.0005533276
317,244,0.0004894212
318,244,0.0006361697
319,244,0.0005657496
320,244,0.0007712003
321,244,0.00091036595
322,244,0.00047231093
323,244,0.0003183484
324,244,0.001054015
325,244,0.0008928189
326,244,0.0010238513
327,244,0.0009546075
328,244,0.00042003766
329,244,0.0007919762
330,244,0.00056520663
331,244,0.00026873592
332,244,0.0009080721
333,244,0.00010225829
334,244,0.00024346076
335,244,0.0001964178
336,244,0.0009529982
337,244,0.0008310061
338,244,0.00013222173
339,244,-0.00010513142
340,244,-0.00017694104
341,244,0.00053883623
342,244,0.0003869133
343,244,0.0005254019
344,244,0.0011074971
345,244,0.0008014925
346,244,0.00022818893
347,244,0.0010413537
348,244,0.0005640127
349,244,0.00067061
350,244,0.0010339152
351,244,0.0005457504
352,244,-2.4738722e-05
353,244,0.000575291
354,244,0.0007457128
355,244,0.00041698106
356,244,0.0006370358
357,244,2.2960827e-05
358,244,0.0005189497
359,244,0.0004882999
360,244,0.00046890136
361,244,0.0007420173
362,244,0.00081968214
363,244,0.0010711215
364,244,0.0005901074
365,244,0.0005776463
366,244,0.0005988255
367,244,0.00043201353
368,244,0.0005336376
369,244,0.00069464836
370,244,0.0006840136
371,244,0.0007709358
372,244,0.0005819518
373,244,0.0005491525
374,244,0.00042419136
375,244,0.0006433176
376,244,0.0006302465
377,244,0.00068923924
378,244,0.00025334768
379,244,0.0011269217
380,244,0.0008932352
381,244,0.0006523067
382,244,0.000879392
383,244,0.00026904047
384,244,0.00074712746
385,244,0.000695223
386,244,0.0006408235
387,244,0.00038916897
388,244,0.0006051883
389,244,0.00042683445
390,244,0.0007851487
391,244,0.00066706724
392,244,0.0006824434
393,244,0.0005702749
394,244,0.0009232741
395,244,0.001061961
396,244,0.00091343746
397,244,0.00050320197
398,244,0.00049632695
399,244,0.00076196063
400,244,0.0010930318
401,244,0.00065083057
402,244,0.0005939938
403,244,
404,244,
405,244,
406,244,
407,244,-0.00044866372
408,244,0.000808673
409,244,0.00024500024
410,244,0.0006230995
411,244,0.0007814998
412,244,0.0005658744
413,244,0.00061266124
414,244,0.00043435488
415,244,0.0005807495
416,244,0.0007437533
417,244,0.0008047912
418,244,0.0004029125
419,244,0.0007891385
420,244,0.0008392604
421,244,0.0002593305
422,244,0.0007370962
423,244,0.0010126093
424,244,0.00066355243
425,244,0.0006626034
426,244,0.0005829632
427,244,0.00032029487
428,244,0.000564008
429,244,0.0002321843
430,244,0.0007083155
431,244,0.0009826431
432,244,0.00080741476
433,244,0.00087235495
434,244,0.0002443688
435,244,0.00094284397
436,244,0.00097079296
437,244,0.00036979187
438,244,0.0005252166
439,244,0.00038690027
440,244,5.2267686e-05
441,244,0.00048747286
442,244,0.0005114004
443,244,0.0003436841
444,244,0.00032027904
445,244,0.00046982616
446,244,0.00038974453
447,244,0.0006295396
448,244,0.00026426464
449,244,0.00018738303
450,244,0.00015224796
451,244,0.00047043618
452,244,-2.2227876e-05
453,244,0.00066290516
454,244,0.000927642
455,244,0.00066529587
456,244,0.00088569894
457,244,0.00021828525
458,244,0.001060849
459,244,0.00024531968
460,244,-0.000121247955
461,244,9.405054e-05
462,244,0.00079756416
463,244,0.000642051
464,244,0.00055763684
465,244,8.198619e-05
466,244,0.0006626304
467,244,0.0007150667
468,244,0.0009382684
469,244,0.00036830455
470,244,0.00063350424
471,244,0.00040775072
472,244,0.00064808875
473,244,0.000612556
474,244,0.0006069336
475,244,0.0006706333
476,244,0.000521834
477,244,0.0004969826
478,244,0.00070475414
479,244,0.00012229942
480,244,0.00071564876
481,244,0.0004532393
482,244,0.0005516838
483,244,0.00086398236
484,244,0.0004679216
485,244,0.0005451897
486,244,0.00042025745
487,244,0.0006294437
488,244,0.0011341916
489,244,0.0012436025
490,244,0.0006516976
491,244,0.0009676013
492,244,0.0006842129
493,244,0.00064072106
494,244,0.0009667259
0,245,0.00068979524
1,245,0.0008688532
2,245,0.00012397021
3,245,0.0006828951
4,245,0.0005511232
5,245,0.00087012444
6,245,0.0009371517
7,245,0.00079424493
8,245,0.00062014535
9,245,0.0007478893
10,245,0.0005369149
11,245,0.00058790017
12,245,0.0008192938
13,245,0.00062540825
14,245,0.00091225374
15,245,0.0005307188
16,245,0.0005279854
17,245,0.0006613806
18,245,0.0007023588
19,245,8.404255e-06
20,245,0.00040333346
21,245,0.0008188728
22,245,0.0006670682
23,245,
24,245,0.001122484
25,245,
26,245,
27,245,0.00046345498
28,245,0.00076105073
29,245,0.0010703299
30,245,0.0012768339
31,245,0.0012331139
32,245,0.0012278771
33,245,0.00092981476
34,245,0.00119761
35,245,0.0008242
36,245,0.0010276558
37,245,0.001162231
38,245,0.0012788903
39,245,0.0013023969
40,245,0.0010604961
41,245,0.0011114599
42,245,0.001215321
43,245,0.0012342455
44,245,0.0012999838
45,245,0.0011495464
46,245,0.0012819888
47,245,0.0011781855
48,245,0.00085962564
49,245,0.0009838939
50,245,0.00087939855
51,245,0.0012337724
52,245,0.00050781947
53,245,0.00096871145
54,245,0.0009142561
55,245,0.00081829634
56,245,0.00086358655
57,245,0.0013915123
58,245,0.0007815352
59,245,0.0008599991
60,245,0.0010245293
61,245,0.001033524
62,245,0.0010544639
63,245,0.001115554
64,245,0.00087793544
65,245,0.00069917366
66,245,0.00078597944
67,245,0.00092448946
68,245,0.0008345321
69,245,0.001089517
70,245,0.0006959997
71,245,0.0008783918
72,245,0.0008267248
73,245,0.00040106196
74,245,0.0005977042
75,245,0.00090221316
76,245,0.00075379666
77,245,0.0005573835
78,245,0.0002317056
79,245,-0.00037147664
80,245,0.0002266569
81,245,0.0004906049
82,245,0.00041439105
83,245,0.0006591752
84,245,0.00055879727
85,245,0.00069288723
86,245,0.00017864816
87,245,0.00024386309
88,245,0.0009859204
89,245,0.0007815873
90,245,0.0004599085
91,245,0.0005529374
92,245,0.00018187892
93,245,0.00066100806
94,245,0.00030670688
95,245,0.00034412928
96,245,0.00029803067
97,245,0.00044275261
98,245,0.00012253039
99,245,0.0006147893
100,245,0.0009976616
101,245,0.0009581009
102,245,0.001162352
103,245,0.0008490598
104,245,0.00067783706
105,245,0.0011516847
106,245,0.0006029019
107,245,0.0007662177
108,245,0.00071043987
109,245,0.0011069225
110,245,0.00043340214
111,245,0.00060707517
112,245,0.00079081114
113,245,0.0005452223
114,245,0.00034794118
115,245,0.0010144832
116,245,0.0010498455
117,245,0.0011380585
118,245,
119,245,
120,245,
121,245,
122,245,
123,245,
124,245,
125,245,
126,245,
127,245,
128,245,
129,245,
130,245,
131,245,0.0008825427
132,245,0.00049933046
133,245,0.00036300626
134,245,0.0006276518
135,245,0.0006035939
136,245,0.0004842002
137,245,9.511784e-05
138,245,0.00054978207
139,245,
140,245,
141,245,
142,245,
143,245,
144,245,0.0004258994
145,245,
146,245,
147,245,0.00050591305
148,245,0.0006478261
149,245,0.00074684154
150,245,0.000573664
151,245,0.0004944103
152,245,0.0006464608
153,245,0.0007118229
154,245,0.00029866584
155,245,0.0010898812
156,245,0.00042726658
157,245,-0.00030030496
158,245,0.00014066324
159,245,7.7329576e-05
160,245,0.0004157042
161,245,-0.00016681384
162,245,0.0005899677
163,245,0.000354331
164,245,0.00018072873
165,245,0.0004180884
166,245,0.00056450535
167,245,0.0011104187
168,245,0.0006696023
169,245,0.00016110484
170,245,0.0004487997
171,245,0.00051444955
172,245,0.001133726
173,245,-5.529076e-05
174,245,0.000107333064
175,245,0.0003709849
176,245,0.00052684825
177,245,0.000781863
178,245,0.00035226066
179,245,0.00053096283
180,245,0.00045032892
181,245,-0.00025946647
182,245,0.0008074697
183,245,0.0009899316
184,245,0.00066179316
185,245,0.00013523549
186,245,0.00076458603
187,245,0.00032221247
188,245,0.0002741674
189,245,0.0006004758
190,245,0.00075841416
191,245,0.0011112755
192,245,0.000668359
193,245,0.00017326232
194,245,0.00060544815
195,245,0.0009556608
196,245,0.00012715254
197,245,0.0005602073
198,245,0.0006825747
199,245,0.00044507906
200,245,0.00066506024
201,245,0.00061791204
202,245,0.00022503827
203,245,0.0008502621
204,245,0.0006565964
205,245,0.00045452733
206,245,9.966083e-06
207,245,0.00057041366
208,245,0.00059013907
209,245,0.00023692846
210,245,0.00045538507
211,245,0.00047449488
212,245,0.00074607506
213,245,0.00032402854
214,245,0.00020756014
215,245,0.0002838988
216,245,0.00071791746
217,245,0.00031637028
218,245,0.00010184478
219,245,0.0003770711
220,245,0.00084170606
221,245,0.0005100174
222,245,0.00057566166
223,245,-1.9769184e-05
224,245,0.00064731203
225,245,0.0002945261
226,245,0.0004925104
227,245,0.00036972202
228,245,0.0001911791
229,245,0.00045044906
230,245,0.0003288202
231,245,0.0007386822
232,245,0.000255269
233,245,0.00018370524
234,245,0.00033339672
235,245,0.00062112324
236,245,-6.630272e-05
237,245,0.0011773333
238,245,0.00083257444
239,245,0.00045435503
240,245,0.0010882784
241,245,0.0003167726
242,245,0.00033035316
243,245,0.0007246183
244,245,0.00031891
245,245,0.000406689
246,245,0.0007499838
247,245,0.0004313914
248,245,0.00046074577
249,245,0.0006769104
250,245,4.8289075e-05
251,245,0.0006485507
252,245,
253,245,0.00031902455
254,245,0.00017357804
255,245,
256,245,0.00059545785
257,245,
258,245,0.0008071279
259,245,0.0005564047
260,245,0.0008938471
261,245,0.00048629008
262,245,0.00054680184
263,245,
264,245,
265,245,-1.5388243e-05
266,245,
267,245,
268,245,0.0011130339
269,245,0.0011987789
270,245,0.00083075743
271,245,5.774852e-05
272,245,0.0008350555
273,245,0.00047164038
274,245,0.0009655468
275,245,0.0001249602
276,245,0.0004454516
277,245,0.0005775271
278,245,0.00026233308
279,245,0.00041214935
280,245,0.00028289016
281,245,0.00032325462
282,245,0.00034896284
283,245,0.00043312926
284,245,0.0007882323
285,245,0.0003412161
286,245,0.00056680664
287,245,0.00060665887
288,245,0.00069430936
289,245,0.00048906356
290,245,0.00062861945
291,245,0.00079688895
292,245,0.0009570131
293,245,0.0002114363
294,245,0.00055769365
295,245,8.777715e-05
296,245,0.00053433795
297,245,0.00049278885
298,245,0.0002470808
299,245,0.0010263305
300,245,0.00034040306
301,245,0.00045976322
302,245,0.0003991397
303,245,0.0009434838
304,245,0.00055671483
305,245,0.00020917878
306,245,0.00043922476
307,245,0.00012305286
308,245,0.00038205273
309,245,0.0006518578
310,245,0.00083255116
311,245,0.00045238528
312,245,0.00055443496
313,245,0.00031436142
314,245,0.00085901096
315,245,0.0009654509
316,245,0.00024629943
317,245,0.00044689514
318,245,0.0009388365
319,245,0.0008371454
320,245,0.0011147885
321,245,0.00027601514
322,245,0.00085728336
323,245,0.00040352345
324,245,0.00050472654
325,245,0.0009925459
326,245,0.0008556871
327,245,0.00061172433
328,245,0.0006187083
329,245,0.00023002457
330,245,-9.89167e-05
331,245,0.0006487183
332,245,0.0006833989
333,245,0.0010555526
334,245,0.0011163019
335,245,0.0003102636
336,245,0.0005866606
337,245,0.0009990903
338,245,0.00084853265
339,245,0.0007167766
340,245,0.00035416428
341,245,0.0006046975
342,245,0.0010790126
343,245,0.0005842168
344,245,0.00042305328
345,245,0.0003453428
346,245,0.000796943
347,245,0.00045953877
348,245,0.00071667694
349,245,0.0008592149
350,245,0.00056719594
351,245,0.0008253148
352,245,0.0008009337
353,245,0.0007298216
354,245,0.00048597902
355,245,0.0003062319
356,245,0.0009045899
357,245,0.00031593628
358,245,0.0006100442
359,245,0.00037076883
360,245,0.0007696189
361,245,0.00038940646
362,245,0.00064149126
363,245,0.000685174
364,245,0.00045099668
365,245,0.00044562854
366,245,0.0008217469
367,245,0.00028779916
368,245,0.00053339265
369,245,0.00046893675
370,245,0.00027424656
371,245,0.00046769064
372,245,0.00047651492
373,245,0.0005255006
374,245,0.0010628002
375,245,0.00096246507
376,245,0.00076774973
377,245,0.0009995839
378,245,0.00080558844
379,245,0.0008591693
380,245,0.0005056942
381,245,0.0005797921
382,245,0.0007145209
383,245,0.0008984711
384,245,0.0011594072
385,245,0.0011448069
386,245,0.0008868836
387,245,0.00045045186
388,245,0.00058687665
389,245,0.000640017
390,245,0.0005588671
391,245,0.0005897889
392,245,0.0009991908
393,245,0.0010299403
394,245,0.00057586096
395,245,0.00084615685
396,245,0.00028576702
397,245,0.0007819962
398,245,0.000795085
399,245,0.00016862899
400,245,0.000317364
401,245,0.0004154127
402,245,
403,245,
404,245,
405,245,
406,245,
407,245,0.0009771353
408,245,0.00047635194
409,245,0.00021940563
410,245,0.0008666888
411,245,0.0006056214
412,245,0.0005517006
413,245,0.0011316426
414,245,0.0005418593
415,245,0.0005847439
416,245,0.00033129565
417,245,0.00081675407
418,245,0.00049638655
419,245,0.00073768944
420,245,0.00065748487
421,245,0.0006336663
422,245,0.00049189664
423,245,0.0003742585
424,245,0.00081122946
425,245,0.00029938202
426,245,0.00089323055
427,245,0.0006953683
428,245,0.0005114004
429,245,0.0008237902
430,245,0.0007742699
431,245,0.00083600637
432,245,0.0005634986
433,245,0.0008568512
434,245,0.0004924275
435,245,0.00078988355
436,245,0.00014953315
437,245,0.0008301521
438,245,0.00052839145
439,245,0.0006031329
440,245,-6.552972e-05
441,245,0.00039148517
442,245,0.00051372964
443,245,0.00022743549
444,245,0.00076657627
445,245,0.0004587127
446,245,0.00035964604
447,245,0.0006517619
448,245,0.0005810568
449,245,-1.6469508e-05
450,245,0.00047686137
451,245,1.987908e-05
452,245,0.0012525711
453,245,0.00015602354
454,245,1.4817342e-06
455,245,0.00054135267
456,245,0.0003882544
457,245,0.0005018106
458,245,0.0003211191
459,245,0.00046709925
460,245,0.0005678348
461,245,0.00044392422
462,245,0.0005520778
463,245,9.284634e-05
464,245,0.00041834638
465,245,0.0005391557
466,245,0.00077017397
467,245,0.00029547233
468,245,0.00035533402
469,245,0.00028786436
470,245,0.000917932
471,245,0.00019361172
472,245,0.00092320144
473,245,0.000303315
474,245,0.0005416516
475,245,0.000276207
476,245,0.00046913885
477,245,0.00058990717
478,245,0.00050222874
479,245,0.00092453044
480,245,0.00041448697
481,245,0.00041948352
482,245,0.0005805148
483,245,0.000692199
484,245,0.00040647574
485,245,0.0008223038
486,245,0.0005998658
487,245,0.0010093721
488,245,0.0013086218
489,245,0.0009809174
490,245,0.001379068
491,245,0.0007401556
492,245,0.00070531387
493,245,0.0007566931
494,245,0.0008890461
0,246,0.0005746018
1,246,0.0008844575
2,246,0.0006124517
3,246,0.0005216729
4,246,0.00041812938
5,246,0.0007341001
6,246,0.0009283358
7,246,0.0011364762
8,246,0.00030692667
9,246,0.0007183943
10,246,0.0005988581
11,246,0.0007945178
12,246,0.00064746104
13,246,0.0009082807
14,246,0.0009441301
15,246,0.0013899412
16,246,0.0008839769
17,246,0.0011013951
18,246,0.00010245945
19,246,0.0003750315
20,246,0.0007492807
21,246,0.0003154911
22,246,0.0010080971
23,246,
24,246,
25,246,
26,246,
27,246,0.00083190016
28,246,0.00093195867
29,246,0.0010911729
30,246,0.0010592602
31,246,0.0011219811
32,246,0.0011620149
33,246,0.0009862185
34,246,0.0008949293
35,246,0.0010732766
36,246,0.0011145063
37,246,0.0012036506
38,246,0.001153199
39,246,0.001300158
40,246,0.00097278506
41,246,0.0013189344
42,246,0.000953014
43,246,0.0011542356
44,246,0.00096836593
45,246,0.00084705744
46,246,0.0013326053
47,246,0.00082006305
48,246,0.00100384
49,246,0.0010339823
50,246,0.0010527382
51,246,0.00081054866
52,246,0.0011961795
53,246,0.0010259412
54,246,0.0009385161
55,246,0.0008357866
56,246,0.0009097336
57,246,0.00086008385
58,246,0.0011399221
59,246,0.0010737153
60,246,
61,246,0.0010399995
62,246,0.0012614401
63,246,0.0010518963
64,246,0.0013255663
65,246,0.00095952675
66,246,0.000925594
67,246,0.00086946227
68,246,0.0010120152
69,246,0.0010524662
70,246,0.0009353645
71,246,0.0009522466
72,246,0.00030083396
73,246,0.00063756574
74,246,0.0004897006
75,246,0.0009028185
76,246,0.00052381307
77,246,0.0008129496
78,246,0.0005065119
79,246,0.00038056727
80,246,0.0003778292
81,246,0.00018233154
82,246,0.000563195
83,246,0.00044349302
84,246,3.7471764e-05
85,246,0.00024113059
86,246,0.0006704908
87,246,3.751181e-05
88,246,0.0011239192
89,246,0.00044380128
90,246,7.381104e-05
91,246,0.00036598742
92,246,0.00061224774
93,246,0.00069644395
94,246,0.0003634533
95,246,0.00027178694
96,246,0.000680292
97,246,0.00050248206
98,246,0.00037152227
99,246,0.0013396516
100,246,0.001064634
101,246,0.0010858309
102,246,0.0006739199
103,246,0.00076969713
104,246,0.0006842986
105,246,0.0008295132
106,246,0.00090382155
107,246,0.0012167869
108,246,0.00030903704
109,246,0.00084330235
110,246,0.00085716415
111,246,0.00071758777
112,246,0.0006693136
113,246,0.00045401417
114,246,0.00043391157
115,246,0.0007774625
116,246,
117,246,
118,246,
119,246,
120,246,
121,246,
122,246,
123,246,
124,246,
125,246,
126,246,
127,246,
128,246,
129,246,
130,246,
131,246,
132,246,
133,246,
134,246,
135,246,
136,246,0.0007662326
137,246,0.00097327866
138,246,0.0008101007
139,246,0.0005803788
140,246,0.00034660846
141,246,
142,246,
143,246,
144,246,0.0007368168
145,246,
146,246,
147,246,0.0006205812
148,246,0.000712296
149,246,0.0010596486
150,246,0.00046559423
151,246,0.0007051844
152,246,0.00017298572
153,246,0.00024650805
154,246,0.001230509
155,246,-1.3152137e-05
156,246,0.00066865794
157,246,0.00031296536
158,246,0.0005621249
159,246,0.00061647594
160,246,-1.931563e-06
161,246,0.00053238217
162,246,0.0002828706
163,246,0.0007798709
164,246,0.0008757897
165,246,0.000632694
166,246,-0.00025182404
167,246,3.2355078e-05
168,246,0.000940511
169,246,0.00036078226
170,246,0.0002670884
171,246,0.0003401609
172,246,0.00030297413
173,246,0.00061744545
174,246,0.0006065611
175,246,0.00039676484
176,246,0.00055478234
177,246,0.0011913078
178,246,0.0007377453
179,246,0.0004769843
180,246,0.0003669029
181,246,0.0005346639
182,246,0.0007121032
183,246,0.00028162822
184,246,0.00059413444
185,246,0.0008514486
186,246,0.0009173844
187,246,0.00038475078
188,246,0.00046385732
189,246,0.00039007794
190,246,0.00011314638
191,246,0.0006335117
192,246,0.00094060507
193,246,0.00014859159
194,246,0.00078496896
195,246,0.0007762844
196,246,0.00042518042
197,246,0.00017446466
198,246,0.0003400799
199,246,0.0005607009
200,246,0.00035440642
201,246,0.0010170052
202,246,0.0007911967
203,246,0.00030271336
204,246,0.00051595736
205,246,0.0006447183
206,246,0.0002702102
207,246,0.00027306844
208,246,-0.00016742945
209,246,0.00054697227
210,246,0.0004950687
211,246,0.0009499742
212,246,0.00013757031
213,246,0.0006916402
214,246,0.0006709825
215,246,0.00087546
216,246,0.0006408356
217,246,0.0005547069
218,246,0.0008151261
219,246,0.0002881121
220,246,0.00013161264
221,246,0.0006190147
222,246,0.00041333586
223,246,0.00051876716
224,246,0.0006883694
225,246,0.00021685194
226,246,0.00033420417
227,246,0.00042620208
228,246,0.00042556878
229,246,0.0005991496
230,246,0.00046591833
231,246,0.00093786046
232,246,0.00070202816
233,246,0.00051097013
234,246,0.00024407357
235,246,0.0004785452
236,246,0.00047688652
237,246,0.0006601438
238,246,0.00018746033
239,246,0.0007132925
240,246,0.0001804065
241,246,0.00018998235
242,246,0.00032211747
243,246,0.00045207795
244,246,0.00087990705
245,246,0.0006043222
246,246,8.455012e-05
247,246,0.0010002665
248,246,0.0004332587
249,246,0.0005729161
250,246,0.0004764311
251,246,0.0007426981
252,246,0.001007813
253,246,0.0011675106
254,246,
255,246,
256,246,
257,246,0.0008075731
258,246,0.0003153868
259,246,
260,246,
261,246,0.0007499689
262,246,7.260591e-06
263,246,
264,246,
265,246,5.6838617e-06
266,246,
267,246,0.00026153773
268,246,
269,246,0.00092331506
270,246,0.00018828642
271,246,0.0005800864
272,246,
273,246,-8.737668e-06
274,246,0.00050054584
275,246,0.00062367413
276,246,0.00029213727
277,246,0.0006531235
278,246,0.0007309541
279,246,-0.00016130414
280,246,0.00023048464
281,246,0.00073729083
282,246,0.0005231481
283,246,0.0007842174
284,246,0.0007118704
285,246,0.00029447954
286,246,0.0004575476
287,246,0.0009294171
288,246,0.0006232383
289,246,0.0009073261
290,246,0.0006816555
291,246,-6.20652e-05
292,246,0.00058780145
293,246,0.00049331784
294,246,0.00092851743
295,246,0.00056986883
296,246,0.00023484975
297,246,0.00043242984
298,246,0.00057658646
299,246,0.000755731
300,246,-0.00034310948
301,246,0.0002815053
302,246,0.00011751056
303,246,0.00013726298
304,246,0.0007292582
305,246,0.00064477324
306,246,0.0006579021
307,246,0.0009067664
308,246,-7.2661787e-06
309,246,0.00053759944
310,246,0.00048006978
311,246,0.0005956972
312,246,0.00066586863
313,246,0.00028173812
314,246,0.00030484516
315,246,6.891787e-08
316,246,0.0007402245
317,246,0.00049911905
318,246,0.0006896965
319,246,0.00046769157
320,246,0.0005478924
321,246,0.00045596622
322,246,0.00089529995
323,246,0.00046951696
324,246,0.00068580545
325,246,0.00056233536
326,246,0.0005935412
327,246,4.1563995e-05
328,246,0.00021513738
329,246,0.00024264865
330,246,0.0009120526
331,246,0.00040544756
332,246,0.0005190009
333,246,0.00011852197
334,246,4.0289015e-05
335,246,0.0006947452
336,246,0.000741601
337,246,0.0010370733
338,246,0.0005654227
339,246,0.0007573422
340,246,0.0008155126
341,246,0.00016221311
342,246,0.0009627789
343,246,0.0008982383
344,246,0.00014884025
345,246,0.00029039755
346,246,0.000517427
347,246,0.00075489655
348,246,0.0004871413
349,246,0.0005377298
350,246,0.0009996891
351,246,0.0007801261
352,246,0.0008566752
353,246,0.00066168327
354,246,0.0006078575
355,246,0.0010491079
356,246,0.0008128481
357,246,0.0006650286
358,246,0.0009885216
359,246,0.0005541658
360,246,0.0006219726
361,246,0.00065416936
362,246,0.00012772251
363,246,0.0010412158
364,246,3.7895516e-05
365,246,0.00043931138
366,246,0.0010114061
367,246,0.00039623398
368,246,0.00090884045
369,246,0.0011328775
370,246,0.00040940288
371,246,0.000586126
372,246,0.0006513288
373,246,0.0009893626
374,246,0.0008127969
375,246,0.00082342885
376,246,0.0013816236
377,246,0.0003696028
378,246,0.00021837931
379,246,0.0001878459
380,246,0.00078369863
381,246,0.0008419417
382,246,0.0005964553
383,246,0.0008514235
384,246,0.0007694913
385,246,0.0007419847
386,246,0.00037428644
387,246,0.0005810037
388,246,0.0008906238
389,246,0.00030774157
390,246,0.00027917046
391,246,0.00052565895
392,246,0.0007157093
393,246,0.00084747374
394,246,0.00087047927
395,246,0.000837598
396,246,0.00093435496
397,246,0.0009216154
398,246,0.0010347869
399,246,0.0012788558
400,246,-0.000292385
401,246,0.0008361945
402,246,
403,246,
404,246,
405,246,
406,246,
407,246,0.00037919823
408,246,0.000474195
409,246,0.00031283498
410,246,0.0005147038
411,246,0.0007577995
412,246,0.00084419176
413,246,0.00055155717
414,246,0.0005189171
415,246,0.00037389994
416,246,0.0008124383
417,246,0.00039485656
418,246,0.00061533414
419,246,0.0005634008
420,246,0.0006168075
421,246,0.00089235976
422,246,0.00063819345
423,246,0.0008698432
424,246,0.0008881036
425,246,0.00017710682
426,246,0.00045584608
427,246,0.00055686105
428,246,0.00051430333
429,246,0.0003740955
430,246,0.0010129623
431,246,0.00090521947
432,246,0.00059220195
433,246,0.0003898535
434,246,0.0007378664
435,246,0.00021525286
436,246,0.000528913
437,246,0.00019368436
438,246,0.00079800654
439,246,0.00061935
440,246,0.00036773738
441,246,-0.00016460568
442,246,0.0009122696
443,246,0.0004760241
444,246,0.0008484591
445,246,-0.0003264835
446,246,0.0011376003
447,246,0.00055840146
448,246,0.0009642979
449,246,0.00053163525
450,246,0.00034792535
451,246,0.0008207653
452,246,0.0006965585
453,246,0.00024579
454,246,0.0004169736
455,246,0.00022856519
456,246,0.0007787673
457,246,0.00012716837
458,246,0.00021887943
459,246,0.0002772035
460,246,0.0004245909
461,246,0.0002956437
462,246,0.00029532705
463,246,0.00079426914
464,246,0.0007891841
465,246,0.0008293912
466,246,0.0008292161
467,246,0.00035561062
468,246,0.0009847973
469,246,0.00094380695
470,246,0.0010176068
471,246,0.0005041547
472,246,0.000935222
473,246,8.599181e-05
474,246,0.0007936824
475,246,0.00041380338
476,246,0.00046502054
477,246,0.00080857053
478,246,0.0005012788
479,246,0.0010617413
480,246,8.807797e-05
481,246,0.00050999224
482,246,0.0004468141
483,246,0.0006118417
484,246,0.00037756655
485,246,0.0010054335
486,246,0.0009183651
487,246,0.0012132684
488,246,0.0011124518
489,246,0.0010903114
490,246,0.000921417
491,246,0.0007867748
492,246,0.0011869408
493,246,0.00049963966
494,246,0.0005977433
0,247,0.0010810411
1,247,0.00090449303
2,247,0.00065373257
3,247,0.0005674176
4,247,0.0010071769
5,247,0.00056674145
6,247,0.00025557727
7,247,0.0011936119
8,247,0.00060296804
9,247,0.00079992693
10,247,0.0007646354
11,247,0.0012411363
12,247,0.0011402294
13,247,0.0005667191
14,247,0.00077095535
15,247,0.00072052237
16,247,0.00078194775
17,247,0.00032417104
18,247,0.0009895377
19,247,0.00043928437
20,247,0.0005125087
21,247,0.0005034972
22,247,-0.00026512053
23,247,0.0006968016
24,247,
25,247,0.0005179858
26,247,0.0006059725
27,247,0.0006243894
28,247,0.00035645626
29,247,0.0010798983
30,247,0.0011300016
31,247,0.0013695937
32,247,0.0011589322
33,247,0.0011084871
34,247,0.0010466492
35,247,0.00080317724
36,247,0.0011100098
37,247,0.0010049157
38,247,0.0012066849
39,247,0.00105232
40,247,0.00097321626
41,247,0.00066633336
42,247,0.0011979295
43,247,0.0014226548
44,247,0.0008799955
45,247,0.00087306835
46,247,0.0011036415
47,247,0.00084705465
48,247,0.001040101
49,247,0.00096436404
50,247,0.001028494
51,247,0.0013295608
52,247,0.000843687
53,247,0.0009246599
54,247,0.0009190887
55,247,0.00096795335
56,247,0.0010499684
57,247,0.0008737268
58,247,0.000865018
59,247,
60,247,
61,247,0.00077499915
62,247,0.0012064036
63,247,0.0012673028
64,247,0.0010061236
65,247,0.0009301435
66,247,0.000922963
67,247,0.0010869093
68,247,0.000872192
69,247,0.0009261593
70,247,0.0008502519
71,247,0.0010279799
72,247,0.0011318857
73,247,0.00020788144
74,247,6.588269e-05
75,247,5.239714e-05
76,247,0.00086015183
77,247,0.00020522438
78,247,0.00060257036
79,247,0.0005736761
80,247,0.0009096367
81,247,0.000698762
82,247,0.00011052936
83,247,0.00032852218
84,247,0.0006304197
85,247,0.00042993296
86,247,0.00076027215
87,247,0.00034941826
88,247,0.0007720236
89,247,0.00069499295
90,247,0.0007544104
91,247,0.0005751047
92,247,0.0006706044
93,247,0.00042953715
94,247,0.0006876318
95,247,0.00092106033
96,247,0.00042810198
97,247,0.0006232308
98,247,0.00063818786
99,247,0.0010809842
100,247,0.001037525
101,247,0.0009758733
102,247,0.0011502374
103,247,0.0008373009
104,247,0.0006035948
105,247,0.0013287812
106,247,0.00048737507
107,247,
108,247,
109,247,0.00019880198
110,247,0.0005089566
111,247,0.0009707436
112,247,0.0010086885
113,247,0.0009241933
114,247,0.0014112396
115,247,0.00040388014
116,247,0.0010125153
117,247,
118,247,
119,247,
120,247,
121,247,
122,247,
123,247,
124,247,
125,247,
126,247,
127,247,
128,247,
129,247,
130,247,
131,247,
132,247,
133,247,
134,247,
135,247,0.00093323644
136,247,0.0007959828
137,247,0.0006363075
138,247,0.00054164417
139,247,0.0010023881
140,247,
141,247,
142,247,0.00025483035
143,247,0.00065970235
144,247,0.00038417242
145,247,0.00055480935
146,247,
147,247,0.00021672249
148,247,0.0005578827
149,247,0.0006079031
150,247,0.00037591718
151,247,-0.00029290747
152,247,0.00040136278
153,247,0.00064031035
154,247,0.00035383925
155,247,0.00022822898
156,247,0.00013465341
157,247,0.0010010563
158,247,0.001016737
159,247,0.0010449896
160,247,0.00053081196
161,247,0.0005615596
162,247,0.00013221055
163,247,0.00035690423
164,247,0.0006697988
165,247,0.00067546684
166,247,0.00059205573
167,247,0.00036081206
168,247,0.0005310066
169,247,0.0003414983
170,247,1.32014975e-05
171,247,0.0008651987
172,247,0.00020577759
173,247,0.00037308596
174,247,0.00026384648
175,247,0.000556889
176,247,0.00039345678
177,247,0.00025981292
178,247,0.00039977394
179,247,0.00039897487
180,247,1.4459714e-05
181,247,0.00075445045
182,247,0.0009892313
183,247,0.00050517265
184,247,0.00042220205
185,247,8.543953e-06
186,247,0.0007279478
187,247,-0.00024983846
188,247,0.00089751557
189,247,0.00041260105
190,247,0.00028949603
191,247,0.0005079871
192,247,0.00090708584
193,247,0.00051876623
194,247,0.00054962374
195,247,0.00028779637
196,247,4.6308152e-05
197,247,0.00052821357
198,247,0.0007057674
199,247,0.00026063342
200,247,0.0004736213
201,247,0.00017620437
202,247,0.00047386345
203,247,0.00042492338
204,247,0.00038283225
205,247,0.00040905364
206,247,0.00039487705
207,247,0.0003348533
208,247,0.0011618063
209,247,0.00037483592
210,247,0.0004736269
211,247,0.00032233167
212,247,0.00094542466
213,247,0.00081556756
214,247,0.00036703888
215,247,0.00022597238
216,247,0.00060458947
217,247,0.0003329264
218,247,0.0009843381
219,247,-0.00013192743
220,247,0.00024567172
221,247,0.00075833034
222,247,0.00055306405
223,247,0.00011843722
224,247,0.00053900015
225,247,0.0006754175
226,247,0.0006434461
227,247,0.0005067056
228,247,0.0011434993
229,247,0.000841531
230,247,0.000574599
231,247,0.0003983751
232,247,0.00032021198
233,247,0.00046188198
234,247,0.00044007972
235,247,0.00040893164
236,247,0.0006705588
237,247,0.00032557454
238,247,0.00042144023
239,247,0.0005204072
240,247,-0.00031671673
241,247,0.00077069364
242,247,0.00087110046
243,247,0.00061863754
244,247,0.00042822957
245,247,0.0005468
246,247,0.00028915145
247,247,0.0007182164
248,247,0.00034463778
249,247,0.00043088105
250,247,0.000658554
251,247,0.0011113063
252,247,0.00046770368
253,247,
254,247,
255,247,
256,247,
257,247,
258,247,0.000544318
259,247,
260,247,
261,247,
262,247,0.00065530464
263,247,
264,247,0.0005499106
265,247,0.0007054545
266,247,
267,247,0.00078442134
268,247,
269,247,
270,247,
271,247,
272,247,0.0006272737
273,247,
274,247,0.0008502612
275,247,-0.00034371857
276,247,0.00024438743
277,247,0.00031842384
278,247,0.00056929514
279,247,0.00080245547
280,247,0.00058820285
281,247,0.00011585187
282,247,0.00025186315
283,247,0.00027182233
284,247,0.00046774745
285,247,0.00022312347
286,247,0.00042577367
287,247,0.00094106887
288,247,0.00052419305
289,247,0.00039231498
290,247,0.0008181734
291,247,0.00045271683
292,247,-0.00014534965
293,247,0.0008559851
294,247,0.0007849941
295,247,0.00035004597
296,247,0.0005966155
297,247,0.0009720186
298,247,0.0007293327
299,247,0.0007857252
300,247,0.0004177373
301,247,0.0005840827
302,247,0.0006338153
303,247,0.00073072966
304,247,0.00052268244
305,247,0.000625859
306,247,-0.0001629861
307,247,0.0006598793
308,247,0.00048777182
309,247,6.658025e-05
310,247,0.0010002898
311,247,0.00042539462
312,247,0.0008560233
313,247,0.0001426274
314,247,0.00014650263
315,247,0.000663545
316,247,0.00052250363
317,247,0.0005770847
318,247,0.0004813047
319,247,0.00011012424
320,247,0.00071645714
321,247,0.00039789733
322,247,0.000699969
323,247,1.3702549e-05
324,247,0.00083074905
325,247,0.0006422335
326,247,0.0006032251
327,247,0.0001749685
328,247,0.0006387392
329,247,0.0010011401
330,247,0.0003918931
331,247,0.00077844225
332,247,0.0005966844
333,247,0.0005266592
334,247,0.0004642103
335,247,0.00063471403
336,247,0.00036169216
337,247,0.00042740628
338,247,0.00040936004
339,247,0.0010670591
340,247,0.0007642163
341,247,0.00055962615
342,247,0.0006296169
343,247,0.00035645254
344,247,0.00038707443
345,247,0.0008849334
346,247,0.0008297544
347,247,0.00062615983
348,247,0.0003483817
349,247,0.00094613526
350,247,0.00047259778
351,247,0.0008006245
352,247,0.0006935634
353,247,0.0005026907
354,247,0.0010907436
355,247,0.0006389348
356,247,0.0011978401
357,247,0.0007040864
358,247,0.0008496288
359,247,0.0003936747
360,247,0.00032385997
361,247,0.0006608255
362,247,0.00080921035
363,247,0.00045127422
364,247,0.0010322314
365,247,0.0004858598
366,247,0.00033350382
367,247,0.0004997831
368,247,0.00020860508
369,247,0.00065534655
370,247,0.0008719638
371,247,0.00080751907
372,247,0.0007213177
373,247,0.000871676
374,247,0.00090455264
375,247,0.0006742291
376,247,0.00069640856
377,247,0.00037282426
378,247,0.0008202428
379,247,0.00038584787
380,247,0.0005095769
381,247,0.00047760643
382,247,0.00041770563
383,247,0.0008087978
384,247,0.00080753304
385,247,0.00030868687
386,247,0.0006357962
387,247,0.0002832394
388,247,0.00052294414
389,247,0.0009470675
390,247,0.00064982753
391,247,0.00074446853
392,247,0.000643719
393,247,0.0007895641
394,247,0.00054325163
395,247,0.00088217854
396,247,0.0005411599
397,247,0.00080285035
398,247,0.0007799957
399,247,0.0009375103
400,247,0.00016723294
401,247,
402,247,
403,247,
404,247,
405,247,
406,247,
407,247,
408,247,0.00088837184
409,247,0.0010104328
410,247,0.00023946911
411,247,0.0007461384
412,247,0.001240179
413,247,0.0006478345
414,247,0.0006968668
415,247,0.0007264996
416,247,0.0009705769
417,247,0.00026220828
418,247,0.0002749497
419,247,0.00064517837
420,247,0.00063389447
421,247,0.0009228876
422,247,0.0008805143
423,247,0.00062785763
424,247,0.0007845396
425,247,0.00055189896
426,247,0.0006855251
427,247,0.0007801624
428,247,0.0008301744
429,247,0.00038116053
430,247,0.00020798389
431,247,0.00078536663
432,247,0.0005119713
433,247,0.00024480745
434,247,0.0005751699
435,247,0.00018023141
436,247,0.0010954132
437,247,0.00025387015
438,247,-1.9793399e-05
439,247,0.0006903531
440,247,0.00036639255
441,247,0.00013427064
442,247,0.0006269729
443,247,0.00082100276
444,247,0.0005497858
445,247,0.0013782168
446,247,0.0005805306
447,247,0.00051209796
448,247,0.0003276784
449,247,0.00041577034
450,247,0.00070472434
451,247,0.0003415784
452,247,0.0010726051
453,247,0.0005605398
454,247,0.00043369178
455,247,0.0010736566
456,247,0.00096391235
457,247,0.00052391924
458,247,0.00021078344
459,247,0.000431804
460,247,7.1519054e-05
461,247,0.00085490756
462,247,0.0009073224
463,247,0.00032625813
464,247,0.00064081233
465,247,0.00045220926
466,247,0.0003786208
467,247,0.00067908876
468,247,1.406204e-05
469,247,0.00060579646
470,247,0.000577054
471,247,0.00011800602
472,247,0.00012293644
473,247,0.0004928047
474,247,0.00065149367
475,247,0.00055671576
476,247,0.0006898027
477,247,0.0003377404
478,247,-0.00014002621
479,247,0.00031310506
480,247,0.00036233943
481,247,0.00076774973
482,247,0.0011270232
483,247,0.0010811668
484,247,0.0006801998
485,247,0.0011484129
486,247,0.0010512434
487,247,0.0014478322
488,247,0.0013290178
489,247,0.00070157275
490,247,0.0012897644
491,247,0.0007572081
492,247,0.00083431136
493,247,0.0010115812
494,247,0.00041670818
0,248,0.0004888484
1,248,0.0007651383
2,248,0.00019007549
3,248,0.0009445306
4,248,0.00054481626
5,248,0.0007208241
6,248,0.0001918776
7,248,0.00050343946
8,248,0.0005087834
9,248,0.0005082227
10,248,0.00062447693
11,248,0.00020236336
12,248,0.00085836835
13,248,0.00069182273
14,248,0.0002445802
15,248,0.0010371786
16,248,0.0006620195
17,248,0.0005896408
18,248,0.0005104039
19,248,0.00028805993
20,248,0.00031391904
21,248,0.00087992754
22,248,0.00051505305
23,248,0.0009862073
24,248,
25,248,0.00084603485
26,248,0.0003235042
27,248,0.0006610025
28,248,0.0007873066
29,248,0.0013024975
30,248,0.0010417942
31,248,0.0012312587
32,248,0.0011956533
33,248,0.00074181426
34,248,0.0010614423
35,248,0.000998986
36,248,0.0009757327
37,248,0.00096029975
38,248,0.0010280823
39,248,0.0010001063
40,248,0.001076512
41,248,0.00086839776
42,248,0.0010602577
43,248,0.0009760102
44,248,0.0010195067
45,248,0.0010762438
46,248,0.0013415953
47,248,0.00095022283
48,248,0.0011298573
49,248,0.0010332474
50,248,0.0011103004
51,248,0.000805933
52,248,0.0009708125
53,248,0.0007847538
54,248,0.0011129985
55,248,0.0013314998
56,248,0.000954953
57,248,0.0012735613
58,248,0.0010137856
59,248,0.0008890573
60,248,
61,248,
62,248,0.0010121539
63,248,0.0008675214
64,248,0.0011194274
65,248,0.0008104108
66,248,0.0011239387
67,248,0.0013081804
68,248,0.0009336984
69,248,0.0009841379
70,248,0.0009399615
71,248,0.0009940742
72,248,0.0011293031
73,248,0.0007279357
74,248,0.00037262775
75,248,0.00068126246
76,248,0.00053684507
77,248,0.0012662634
78,248,0.0009028893
79,248,0.00059756637
80,248,0.00057458226
81,248,0.00027417764
82,248,0.00037956424
83,248,0.00060961675
84,248,0.0008207662
85,248,0.00070041046
86,248,0.0005027568
87,248,0.00042531174
88,248,0.0007991232
89,248,0.0009277109
90,248,0.0008673882
91,248,0.00055631716
92,248,0.00035292748
93,248,0.0007515885
94,248,0.00071789976
95,248,0.00039509498
96,248,0.0009784969
97,248,-6.206334e-05
98,248,0.0007431982
99,248,0.00070538744
100,248,0.0010598972
101,248,0.00075891335
102,248,0.00062399544
103,248,0.0010736361
104,248,0.00081883
105,248,
106,248,
107,248,
108,248,
109,248,
110,248,
111,248,0.0013591144
112,248,
113,248,
114,248,0.0011426155
115,248,0.00084984116
116,248,0.00069177523
117,248,
118,248,
119,248,
120,248,
121,248,
122,248,
123,248,
124,248,
125,248,
126,248,
127,248,
128,248,
129,248,
130,248,
131,248,
132,248,
133,248,
134,248,
135,248,
136,248,0.0005506389
137,248,0.00088519603
138,248,0.0005110465
139,248,-9.238534e-05
140,248,0.0008586813
141,248,
142,248,
143,248,0.00065629
144,248,0.00013362616
145,248,0.0009058751
146,248,
147,248,0.00073333085
148,248,0.0006557619
149,248,0.00093741436
150,248,0.0008602394
151,248,0.00027938373
152,248,0.0008452581
153,248,0.0006105788
154,248,0.00013576169
155,248,0.0005686097
156,248,0.00013182685
157,248,0.00061198603
158,248,-1.807604e-05
159,248,0.00066295266
160,248,0.00020239037
161,248,0.0003082268
162,248,0.0010230783
163,248,0.000729803
164,248,0.00048439298
165,248,0.00045065396
166,248,0.0007093232
167,248,0.0005273642
168,248,0.00044582225
169,248,0.0002604248
170,248,0.00031135138
171,248,0.0003623981
172,248,0.000279231
173,248,0.00025433395
174,248,0.00057375524
175,248,0.0009596804
176,248,0.0003528176
177,248,0.00055848714
178,248,8.204393e-05
179,248,0.0004706476
180,248,0.00018484425
181,248,0.0005276408
182,248,0.0006705569
183,248,0.0008324748
184,248,0.0002949955
185,248,-5.53336e-05
186,248,0.0005998174
187,248,0.00033428427
188,248,0.00019980222
189,248,0.0009177532
190,248,0.00042419974
191,248,0.0005625859
192,248,0.0005591307
193,248,-0.00025768764
194,248,0.0011664731
195,248,0.000767326
196,248,0.0009196708
197,248,0.0010981755
198,248,0.0006225975
199,248,0.0005209707
200,248,0.00060418993
201,248,0.00060498714
202,248,0.0009676982
203,248,0.00054370984
204,248,0.0010602195
205,248,0.00056893285
206,248,0.00030690618
207,248,0.00069769565
208,248,0.00047685392
209,248,0.00044763647
210,248,0.0007489035
211,248,0.0009284029
212,248,0.00097247306
213,248,0.00056029577
214,248,0.00041832775
215,248,0.00056253
216,248,0.000717232
217,248,0.0006036237
218,248,0.0005810959
219,248,0.00024703052
220,248,0.00022977684
221,248,0.0006287927
222,248,0.00083590485
223,248,5.8060512e-05
224,248,0.00088173524
225,248,0.00031129085
226,248,0.00016930047
227,248,0.0006216299
228,248,0.00038961414
229,248,0.000546447
230,248,0.00039183255
231,248,0.000610508
232,248,0.00042049866
233,248,0.00046475697
234,248,0.0004650429
235,248,0.00039902516
236,248,0.0005374709
237,248,0.0004921779
238,248,0.0004020892
239,248,0.00029128138
240,248,0.0005849637
241,248,0.00020231958
242,248,0.00033861212
243,248,0.0005602455
244,248,0.0008051554
245,248,0.00012779143
246,248,0.00035005063
247,248,0.0006127078
248,248,0.00022267923
249,248,0.00055777
250,248,0.00034143217
251,248,0.00034741685
252,248,0.0007190481
253,248,0.00049673766
254,248,
255,248,
256,248,0.0002879491
257,248,0.0007626992
258,248,0.00086387433
259,248,0.00044172723
260,248,0.0005699564
261,248,8.4998086e-05
262,248,0.00016756821
263,248,0.0002074968
264,248,
265,248,-1.1966564e-05
266,248,
267,248,0.00037214532
268,248,
269,248,
270,248,-0.00026698876
271,248,
272,248,
273,248,
274,248,2.7097762e-05
275,248,0.00051945075
276,248,0.00050663203
277,248,0.00032228883
278,248,0.00041364506
279,248,0.0002533514
280,248,0.00013436191
281,248,0.0006613778
282,248,0.00016303826
283,248,0.00038778596
284,248,0.00068779197
285,248,0.0008154288
286,248,0.00052065216
287,248,0.00036027934
288,248,0.0005088616
289,248,0.00051201694
290,248,0.00030048192
291,248,0.0006444873
292,248,0.0006382745
293,248,8.913595e-05
294,248,0.0004927069
295,248,0.0004874263
296,248,0.0009064479
297,248,0.0009611361
298,248,0.0011114171
299,248,0.00033204816
300,248,0.0006231498
301,248,0.00048163626
302,248,0.00044180732
303,248,0.0007956717
304,248,0.00018505286
305,248,0.0005882848
306,248,0.00069796667
307,248,0.0009889025
308,248,0.0005216198
309,248,0.00092149246
310,248,0.0005152682
311,248,0.0004951237
312,248,0.0007407246
313,248,0.0006369548
314,248,0.0004407037
315,248,0.00045124907
316,248,0.0003185179
317,248,0.00079273246
318,248,0.00018277764
319,248,0.00025179703
320,248,-8.556992e-06
321,248,0.00057873596
322,248,0.0004475601
323,248,0.000692131
324,248,0.0007637823
325,248,0.00047798827
326,248,0.00093141105
327,248,0.0002971422
328,248,0.00097385235
329,248,0.0003082659
330,248,0.0005327007
331,248,0.00026060268
332,248,0.0006508995
333,248,0.0003372198
334,248,0.0001683142
335,248,0.0007686019
336,248,0.0011409959
337,248,0.0005496703
338,248,0.00043017417
339,248,0.0011389507
340,248,0.00053556636
341,248,0.0005192673
342,248,0.00050602015
343,248,0.00073091965
344,248,0.000625832
345,248,0.0004045805
346,248,0.0005066842
347,248,0.0004528556
348,248,0.00024714135
349,248,0.0005546687
350,248,0.00055855885
351,248,0.00052702613
352,248,0.0008979365
353,248,0.0009900173
354,248,0.00043470226
355,248,0.000700227
356,248,0.00024442933
357,248,0.0003259927
358,248,0.0008649165
359,248,0.00063054916
360,248,0.0005696919
361,248,0.0005067922
362,248,0.00075946655
363,248,0.0008088248
364,248,0.00019324571
365,248,0.000716405
366,248,0.0010607764
367,248,0.0006038621
368,248,0.00046131387
369,248,0.00045900978
370,248,0.000689866
371,248,0.00070031453
372,248,0.0006518578
373,248,0.00085818954
374,248,0.00091434363
375,248,0.0012105173
376,248,0.000892546
377,248,0.00047335308
378,248,0.00053098984
379,248,0.0003396906
380,248,0.00074801315
381,248,0.0006874278
382,248,0.00052387826
383,248,0.0010134839
384,248,0.000725992
385,248,0.0007088017
386,248,0.0007118359
387,248,0.0003831489
388,248,0.0010813829
389,248,0.00046440866
390,248,8.1336126e-05
391,248,0.0012072381
392,248,0.00033388007
393,248,0.000521902
394,248,0.0005932404
395,248,0.0006430242
396,248,0.0006163046
397,248,0.0008460721
398,248,0.00045211893
399,248,0.0003881734
400,248,0.0009093378
401,248,
402,248,
403,248,
404,248,
405,248,
406,248,
407,248,
408,248,0.00054557435
409,248,0.00078351796
410,248,0.00035170373
411,248,0.00062533934
412,248,0.00052731205
413,248,0.0006403681
414,248,0.00064610876
415,248,0.0013303068
416,248,0.00054483395
417,248,0.001078317
418,248,0.0008039512
419,248,0.00093496963
420,248,0.00058772974
421,248,0.00062589813
422,248,0.0005022213
423,248,0.0006353017
424,248,0.00054861326
425,248,0.0011819378
426,248,0.00067843497
427,248,0.0007444285
428,248,0.0009058248
429,248,0.0010457458
430,248,0.0007262593
431,248,0.0002245307
432,248,0.0007745782
433,248,0.00046787225
434,248,0.0006600842
435,248,0.0008116085
436,248,0.0005810177
437,248,-0.0002671145
438,248,0.00059433933
439,248,0.00010121241
440,248,0.00024610292
441,248,-6.332621e-05
442,248,0.0007971795
443,248,0.0001847716
444,248,0.00058444124
445,248,0.00067020766
446,248,0.00023823325
447,248,0.00044764671
448,248,0.0003578011
449,248,0.00057196524
450,248,0.00091561396
451,248,0.00079101697
452,248,0.00042143185
453,248,0.00058594625
454,248,0.00060815644
455,248,0.000787477
456,248,0.00027853996
457,248,0.00042228214
458,248,0.000991771
459,248,0.00063007604
460,248,9.058975e-06
461,248,-4.3315813e-05
462,248,0.0001632031
463,248,0.0007516388
464,248,0.00068942737
465,248,0.00046244077
466,248,0.00013377983
467,248,0.00083715096
468,248,0.00015673693
469,248,0.0006333664
470,248,0.00023827609
471,248,0.00046060048
472,248,0.0003564367
473,248,0.0008052783
474,248,0.0005879868
475,248,0.00034338143
476,248,0.000530513
477,248,
478,248,0.00068187807
479,248,0.00074784365
480,248,0.00058626663
481,248,0.0014366638
482,248,0.0005443273
483,248,0.0008894112
484,248,0.0005494328
485,248,0.0012664804
486,248,0.0008174926
487,248,0.00052699447
488,248,0.0011843573
489,248,0.001358863
490,248,0.00018955301
491,248,0.0012726085
492,248,0.0005614441
493,248,0.00077926554
494,248,0.0018057134
0,249,0.00058247615
1,249,0.00031527597
2,249,0.0008167643
3,249,0.00020077266
4,249,0.0004100399
5,249,0.00018881075
6,249,0.0003506001
7,249,0.0008713864
8,249,0.00094577484
9,249,0.0007957872
10,249,0.00030459464
11,249,0.0010376815
12,249,0.00096393283
13,249,0.00011950359
14,249,0.0010982985
15,249,0.0006716866
16,249,0.0005087005
17,249,0.0003708247
18,249,0.00084904674
19,249,0.0005316185
20,249,0.0011097612
21,249,0.00027935114
22,249,0.00080067385
23,249,
24,249,
25,249,0.0005099848
26,249,0.00059932563
27,249,0.0006233491
28,249,0.0007616412
29,249,0.0011564558
30,249,0.0012248168
31,249,0.0010433709
32,249,0.0010801759
33,249,0.0010058256
34,249,0.00085570663
35,249,0.0010664575
36,249,0.0011010002
37,249,0.0012782784
38,249,0.0012454195
39,249,0.00093049556
40,249,0.0011886219
41,249,0.00088037923
42,249,0.0011456795
43,249,0.0009801108
44,249,0.00078782253
45,249,0.0010686293
46,249,0.001024466
47,249,0.0011537531
48,249,0.0009138016
49,249,0.0013316311
50,249,0.00090282597
51,249,0.0015191045
52,249,0.0005187448
53,249,0.00084327534
54,249,0.00085232593
55,249,0.0009445539
56,249,0.0011394368
57,249,0.0012837937
58,249,0.00091993995
59,249,0.0008084737
60,249,
61,249,
62,249,0.0007879622
63,249,0.0011587366
64,249,0.0009152731
65,249,0.0009043608
66,249,0.0010417663
67,249,0.00094846915
68,249,0.0012496654
69,249,0.000924645
70,249,0.0009900443
71,249,0.001048034
72,249,0.0011764849
73,249,0.0006984491
74,249,0.00043827668
75,249,0.00044377334
76,249,0.00056195725
77,249,0.0011154367
78,249,0.0003720587
79,249,0.0011527557
80,249,0.0010316567
81,249,0.0006550653
82,249,0.000555709
83,249,0.0003811512
84,249,0.0008588517
85,249,0.00089912023
86,249,0.0005865488
87,249,0.00073384494
88,249,0.0007359162
89,249,0.0014441805
90,249,0.00045978744
91,249,0.0010326542
92,249,0.0006714426
93,249,0.0005633533
94,249,0.00059662573
95,249,0.0009113727
96,249,0.0007861238
97,249,0.0006524464
98,249,0.0005433643
99,249,0.00048758835
100,249,0.0006358782
101,249,0.0011078976
102,249,0.0005708728
103,249,0.00070889574
104,249,0.00046336092
105,249,
106,249,
107,249,
108,249,
109,249,
110,249,0.0005443897
111,249,0.001148684
112,249,0.00092677027
113,249,
114,249,
115,249,0.0011719326
116,249,
117,249,
118,249,
119,249,
120,249,
121,249,
122,249,
123,249,
124,249,
125,249,
126,249,
127,249,
128,249,
129,249,
130,249,
131,249,
132,249,
133,249,
134,249,
135,249,0.00074164197
136,249,
137,249,0.0006962642
138,249,
139,249,0.00072642416
140,249,-7.527135e-05
141,249,
142,249,0.00065747835
143,249,
144,249,0.00029813126
145,249,0.00036607962
146,249,
147,249,
148,249,0.00050276145
149,249,0.00079740956
150,249,0.00091927405
151,249,0.00034337025
152,249,0.00068532117
153,249,0.00044756196
154,249,0.00036796462
155,249,0.00034670252
156,249,-0.00039466657
157,249,0.00081285276
158,249,0.0005736826
159,249,0.00040866062
160,249,0.0010459991
161,249,5.921442e-05
162,249,0.0003965441
163,249,0.00023108535
164,249,0.00026785862
165,249,0.0007070843
166,249,6.787293e-05
167,249,0.00088650826
168,249,0.0006451057
169,249,4.3812208e-05
170,249,0.0007215962
171,249,0.00046367198
172,249,0.00039744284
173,249,0.00017496385
174,249,0.00023894291
175,249,0.0009791916
176,249,0.00017180108
177,249,0.00037803315
178,249,0.00019846018
179,249,0.000480094
180,249,0.00048001576
181,249,0.0007529091
182,249,0.00075412635
183,249,1.06059015e-05
184,249,0.00069194287
185,249,0.0007157102
186,249,0.00075135473
187,249,0.00049216766
188,249,0.00016147457
189,249,0.0006780196
190,249,3.332179e-05
191,249,0.00046255253
192,249,0.00046214834
193,249,0.0005675163
194,249,0.000839686
195,249,0.0010077162
196,249,0.0008167606
197,249,0.00016334653
198,249,0.00049391575
199,249,-5.3462572e-05
200,249,0.0008522272
201,249,0.00052561425
202,249,0.00030507892
203,249,0.00072705187
204,249,4.8647635e-05
205,249,0.00014894363
206,249,0.0006132582
207,249,0.0004013842
208,249,8.031912e-05
209,249,0.00058782473
210,249,0.00055870786
211,249,0.00074175466
212,249,0.00041277148
213,249,0.0004359465
214,249,0.00043665152
215,249,0.000479009
216,249,0.0010388019
217,249,0.0003126748
218,249,-0.00010250043
219,249,0.00056327786
220,249,0.0007796446
221,249,0.0008693086
222,249,0.00050133467
223,249,0.00086150225
224,249,0.00048512407
225,249,0.00032435637
226,249,0.00081118755
227,249,0.0008662548
228,249,0.00065443665
229,249,0.00063859764
230,249,0.0006420184
231,249,0.00072909147
232,249,0.0006129844
233,249,0.00089693815
234,249,0.0002833996
235,249,0.00017192028
236,249,0.00030303467
237,249,0.00039904378
238,249,0.0003476441
239,249,0.0002950849
240,249,0.00016235095
241,249,0.0003553219
242,249,0.00062258914
243,249,0.0006605629
244,249,0.0006869156
245,249,0.000634538
246,249,0.0005299868
247,249,0.0010971492
248,249,0.0008861907
249,249,0.00077962875
250,249,0.00070359185
251,249,0.0011102594
252,249,
253,249,0.0007793186
254,249,
255,249,
256,249,0.000844934
257,249,
258,249,
259,249,0.0007681651
260,249,0.0005689943
261,249,
262,249,3.187917e-05
263,249,
264,249,0.0007753838
265,249,
266,249,0.00022981688
267,249,
268,249,0.00023855083
269,249,0.0004136106
270,249,0.0007086862
271,249,
272,249,
273,249,
274,249,
275,249,0.00067931786
276,249,0.00066411775
277,249,0.0006540576
278,249,0.00048221555
279,249,6.669946e-05
280,249,0.0006765239
281,249,0.00034548063
282,249,0.00038166065
283,249,0.0001837695
284,249,0.0006911587
285,249,0.00061815605
286,249,0.0004921844
287,249,0.00039335713
288,249,0.00049288385
289,249,0.0007081581
290,249,0.00038049463
291,249,0.0002878355
292,249,0.0006265156
293,249,0.0006585168
294,249,0.0009783581
295,249,0.000531923
296,249,0.00092826225
297,249,-0.0001314627
298,249,0.0004999498
299,249,0.00024746172
300,249,0.00043182634
301,249,0.00040674023
302,249,0.00032496825
303,249,0.00077568647
304,249,0.00036177784
305,249,0.000616923
306,249,0.00033020414
307,249,0.00060353614
308,249,0.00058894325
309,249,0.0006827051
310,249,0.00094989873
311,249,0.00057618786
312,249,0.00021050498
313,249,0.0004149899
314,249,0.0008050669
315,249,0.00052129943
316,249,0.0008244058
317,249,0.00031157024
318,249,0.0012381487
319,249,0.00031448994
320,249,0.0006371029
321,249,0.00063717924
322,249,0.00023535639
323,249,0.00021233782
324,249,0.000747947
325,249,0.00016946346
326,249,0.00034048222
327,249,0.00028998125
328,249,0.0005411608
329,249,0.000668223
330,249,0.0005456768
331,249,0.00016179588
332,249,0.0011225501
333,249,3.5959296e-05
334,249,0.000906351
335,249,0.0005506631
336,249,-2.6408583e-05
337,249,0.0005870182
338,249,0.000921512
339,249,0.00045188703
340,249,0.0009050993
341,249,0.00076506287
342,249,0.00037726108
343,249,0.00051710755
344,249,0.0006793607
345,249,0.0007339865
346,249,0.00037174672
347,249,0.00030999817
348,249,0.0007307865
349,249,0.00065177307
350,249,0.00069710147
351,249,0.00014513731
352,249,0.000257249
353,249,0.00078067183
354,249,0.00077858474
355,249,0.00055020023
356,249,0.00037699658
357,249,0.00070369896
358,249,0.00027096644
359,249,0.00072128884
360,249,0.00075056124
361,249,0.00016597658
362,249,0.0006906083
363,249,0.0009141229
364,249,0.0007335087
365,249,0.00017563626
366,249,0.000705163
367,249,5.091913e-05
368,249,0.0006509656
369,249,7.482432e-05
370,249,0.0010203738
371,249,7.800013e-05
372,249,0.0008477671
373,249,0.0009644795
374,249,0.0007044459
375,249,0.00067864824
376,249,0.000705
377,249,0.0006770538
378,249,0.0002603233
379,249,0.00064701866
380,249,0.0010022055
381,249,0.0004688939
382,249,0.0010542199
383,249,0.0010810466
384,249,0.00085842516
385,249,0.00055994187
386,249,0.001201137
387,249,0.00066407304
388,249,0.0005711969
389,249,0.0006248737
390,249,0.00083944295
391,249,0.0006592339
392,249,0.0004256731
393,249,0.00073417556
394,249,0.0006499849
395,249,0.0008711703
396,249,0.00090833195
397,249,0.00065629184
398,249,0.0004351223
399,249,1.838617e-05
400,249,3.5907142e-05
401,249,
402,249,
403,249,
404,249,
405,249,
406,249,
407,249,
408,249,0.0003976589
409,249,0.00043357722
410,249,0.00073534995
411,249,0.00033465493
412,249,0.0006611999
413,249,0.00067457184
414,249,0.0007431237
415,249,0.00047493167
416,249,0.0006698258
417,249,0.001198682
418,249,0.0008230815
419,249,0.00070147216
420,249,0.0002575228
421,249,0.00020961091
422,249,0.0003167661
423,249,0.00055146404
424,249,0.00091957767
425,249,0.0012352765
426,249,0.0008843662
427,249,0.00071356073
428,249,0.00091037806
429,249,0.00062754005
430,249,0.00013216957
431,249,0.00022926833
432,249,0.00093135703
433,249,0.0005838424
434,249,0.0007200176
435,249,0.00019972213
436,249,0.00062108226
437,249,0.00063435826
438,249,0.0001685014
439,249,0.00083049946
440,249,0.00082533807
441,249,0.00028002542
442,249,0.00030555297
443,249,0.00033389404
444,249,0.0011100415
445,249,0.00068360474
446,249,9.802636e-05
447,249,0.0004201932
448,249,0.0006172396
449,249,0.00061633997
450,249,0.00055208243
451,249,0.0007429356
452,249,0.00036802515
453,249,0.0002946183
454,249,0.00041162688
455,249,0.00055272784
456,249,0.00035102386
457,249,0.00016575307
458,249,0.00074094813
459,249,0.00061484426
460,249,0.00033918396
461,249,0.0007791342
462,249,0.00070275646
463,249,0.00063685514
464,249,0.00085699
465,249,9.983871e-05
466,249,0.000598385
467,249,0.0004318487
468,249,-0.00029567163
469,249,0.00032970775
470,249,0.0007019853
471,249,0.0005949149
472,249,0.00044397358
473,249,0.00024568848
474,249,0.0005000029
475,249,
476,249,
477,249,
478,249,0.000846087
479,249,0.0011051139
480,249,0.0010821447
481,249,0.00034773722
482,249,0.0009859502
483,249,0.0010057194
484,249,0.0008888524
485,249,0.000574423
486,249,0.0010237452
487,249,0.00051419437
488,249,0.0005017845
489,249,0.0008623786
490,249,0.0011246093
491,249,0.0005642744
492,249,0.00091598555
493,249,0.0011720378
494,249,0.00062910747
0,250,0.000228405
1,250,0.00028363708
2,250,0.0010998091
3,250,0.0009258371
4,250,0.0007464029
5,250,0.0009854855
6,250,0.00046453718
7,250,0.00060242414
8,250,0.0008148663
9,250,9.919796e-05
10,250,0.0005568238
11,250,0.0011482202
12,250,0.00011234544
13,250,0.00026201084
14,250,0.0010031769
15,250,0.0010757046
16,250,0.00036016013
17,250,0.0004658997
18,250,0.000831482
19,250,0.00079876464
20,250,0.0008625975
21,250,0.0007809065
22,250,0.00062225945
23,250,
24,250,
25,250,0.00067931134
26,250,0.0006616423
27,250,0.0005999338
28,250,0.00075749774
29,250,0.0011188397
30,250,0.0012452081
31,250,0.0011553457
32,250,0.0010436699
33,250,0.0009164894
34,250,0.0011963435
35,250,0.0011447361
36,250,0.0012099491
37,250,0.001406949
38,250,0.0009862753
39,250,0.0011291578
40,250,0.0010231119
41,250,0.00074238237
42,250,0.0011422131
43,250,0.0010327967
44,250,0.0011960184
45,250,0.0011294726
46,250,0.0005844319
47,250,0.0007346943
48,250,0.00078457687
49,250,0.00079061184
50,250,0.0013506692
51,250,0.00050581526
52,250,0.0010277638
53,250,0.00074315816
54,250,0.000670352
55,250,0.001103919
56,250,0.0011268929
57,250,0.000768967
58,250,0.0013482785
59,250,0.00080941804
60,250,0.0007493906
61,250,
62,250,
63,250,0.00051708054
64,250,0.0013772231
65,250,0.001160074
66,250,0.0011143982
67,250,0.0010290118
68,250,0.0010265075
69,250,0.0010362864
70,250,0.0011464544
71,250,0.0009598825
72,250,0.0009258725
73,250,0.001364544
74,250,0.0003111884
75,250,0.0002654493
76,250,0.000549512
77,250,9.431038e-05
78,250,0.0010139178
79,250,0.00083196163
80,250,0.000303871
81,250,0.0008959882
82,250,2.7463771e-05
83,250,0.0008032806
84,250,0.000610047
85,250,0.00052651856
86,250,0.0006183218
87,250,0.00039350055
88,250,0.0005492382
89,250,0.00055402983
90,250,0.00017561857
91,250,0.0006493442
92,250,0.00044086762
93,250,0.00070902985
94,250,0.00041524693
95,250,0.0008093361
96,250,0.0003892677
97,250,0.0001334101
98,250,0.00095478445
99,250,0.0010810252
100,250,0.00082709827
101,250,0.00096944533
102,250,0.00083865505
103,250,0.00095005985
104,250,
105,250,
106,250,
107,250,
108,250,
109,250,
110,250,
111,250,0.0007942403
112,250,0.00086758286
113,250,0.0003997758
114,250,
115,250,
116,250,
117,250,
118,250,
119,250,
120,250,
121,250,
122,250,
123,250,
124,250,
125,250,
126,250,
127,250,
128,250,
129,250,
130,250,
131,250,
132,250,
133,250,
134,250,
135,250,0.00064432994
136,250,
137,250,
138,250,
139,250,0.0004088916
140,250,0.000931412
141,250,0.00021832902
142,250,0.0009889435
143,250,0.00051185116
144,250,0.00037598982
145,250,0.00041934103
146,250,0.0008617807
147,250,
148,250,0.00041309465
149,250,0.0006973278
150,250,0.0005466016
151,250,0.0007113181
152,250,0.00016309507
153,250,0.00081782416
154,250,0.0010407129
155,250,0.00029260106
156,250,0.0005525388
157,250,0.0006130198
158,250,0.0008885544
159,250,0.00054385234
160,250,0.00037089176
161,250,0.00046041235
162,250,0.00023210049
163,250,0.00045849476
164,250,0.00032196473
165,250,0.00079515297
166,250,0.0009843698
167,250,0.0005251616
168,250,0.0009587249
169,250,0.0006789118
170,250,0.0004551271
171,250,0.00053538475
172,250,0.00035566464
173,250,0.0004928317
174,250,0.00028366782
175,250,0.00084516127
176,250,0.0007211594
177,250,0.0010468457
178,250,0.00054798275
179,250,0.0002093669
180,250,0.0006718673
181,250,0.0006999979
182,250,6.4576045e-05
183,250,0.0008280929
184,250,0.00010766089
185,250,0.00038010255
186,250,0.0005622832
187,250,0.0008923812
188,250,-1.27526e-05
189,250,0.0009092493
190,250,0.0005838722
191,250,0.00041683484
192,250,0.0006636679
193,250,0.00039354432
194,250,0.00019888394
195,250,0.00045226235
196,250,0.00045454782
197,250,0.00067199394
198,250,0.00030325912
199,250,0.00042820256
200,250,0.0006190473
201,250,0.0008571958
202,250,0.0005774647
203,250,0.00066068675
204,250,0.00076180696
205,250,0.00046431087
206,250,0.00090042315
207,250,0.0010448126
208,250,0.00032727234
209,250,0.0005496852
210,250,0.0003917506
211,250,0.00017450843
212,250,0.00060419366
213,250,0.00041073095
214,250,0.00014544092
215,250,0.0004522223
216,250,0.00028735213
217,250,0.00064853765
218,250,0.0005667573
219,250,0.00045027025
220,250,0.00041540805
221,250,0.0009361673
222,250,0.0004840009
223,250,6.6886656e-05
224,250,0.00056631025
225,250,0.00011452567
226,250,0.00052602217
227,250,0.001087456
228,250,0.00028202683
229,250,0.0009478964
230,250,0.00036899745
231,250,0.0004972834
232,250,0.00045403
233,250,0.00038758293
234,250,0.0003332356
235,250,0.0005672481
236,250,0.0004281914
237,250,0.0006396482
238,250,0.0007490013
239,250,0.001156575
240,250,0.000721883
241,250,0.00014542975
242,250,0.00026355684
243,250,0.00044668373
244,250,0.0006831456
245,250,0.000523136
246,250,0.0006819358
247,250,0.0004540421
248,250,0.00025935844
249,250,2.351217e-05
250,250,0.00028180238
251,250,0.0008493094
252,250,-8.1997365e-05
253,250,
254,250,-0.00016331673
255,250,0.0004169969
256,250,
257,250,0.00076790154
258,250,
259,250,0.0004817713
260,250,0.0007273378
261,250,
262,250,0.000663382
263,250,0.00043245405
264,250,0.000506741
265,250,0.0002385648
266,250,
267,250,0.0005472293
268,250,
269,250,
270,250,0.00080349203
271,250,
272,250,0.0003110012
273,250,0.0006467756
274,250,
275,250,-6.653555e-05
276,250,0.00027216133
277,250,0.00066166744
278,250,0.0004092967
279,250,0.0002049692
280,250,9.80515e-05
281,250,0.00095127616
282,250,0.00026220828
283,250,0.0005090833
284,250,0.00032277592
285,250,0.00065069273
286,250,0.000527028
287,250,0.00036393479
288,250,0.0008040434
289,250,0.0004832521
290,250,0.000570138
291,250,0.00084373914
292,250,0.0002157297
293,250,0.00086386874
294,250,0.00045960024
295,250,0.0009798575
296,250,-0.00033214502
297,250,0.0009448882
298,250,0.00043413788
299,250,0.00042819045
300,250,0.0004099412
301,250,0.00081632286
302,250,0.0003437344
303,250,-1.8783845e-05
304,250,0.00065530185
305,250,0.00095869694
306,250,0.0005891761
307,250,0.00017518271
308,250,0.0010916367
309,250,0.0008309642
310,250,0.0008102171
311,250,0.0007775305
312,250,0.00035617687
313,250,0.00024720095
314,250,0.0009670537
315,250,0.00072941557
316,250,0.0010830127
317,250,0.0002886448
318,250,0.00056491233
319,250,0.0003688177
320,250,0.0010736892
321,250,0.0003071949
322,250,0.0008158395
323,250,0.0005267076
324,250,0.0010203384
325,250,0.000112904236
326,250,0.00059009716
327,250,0.0005308604
328,250,0.0005326532
329,250,0.000649374
330,250,0.000824688
331,250,0.00019982457
332,250,0.0005613975
333,250,0.00049623195
334,250,0.0006353846
335,250,0.0010956898
336,250,0.00094301905
337,250,0.00028496422
338,250,0.0002594199
339,250,0.0006636875
340,250,0.00085678604
341,250,0.00043440796
342,250,0.0010318886
343,250,0.00095372926
344,250,0.0006792173
345,250,0.0012159627
346,250,0.000867228
347,250,0.0005200198
348,250,0.0010833787
349,250,0.0008488288
350,250,0.00033723097
351,250,0.00017416663
352,250,0.00029762182
353,250,0.000843646
354,250,0.000557784
355,250,0.00060824957
356,250,0.000292656
357,250,0.00041638128
358,250,0.00073381513
359,250,0.0006697122
360,250,0.0005955035
361,250,0.00079145376
362,250,0.00065642316
363,250,0.00067082513
364,250,0.00088144
365,250,0.0006951587
366,250,0.00081362575
367,250,0.000627649
368,250,0.0009737499
369,250,0.00066069234
370,250,0.00019007083
371,250,0.00019295514
372,250,0.00028637704
373,250,0.0010628588
374,250,0.00028392673
375,250,0.00042576808
376,250,0.00039884076
377,250,0.00022860058
378,250,0.0011386359
379,250,0.0006052442
380,250,0.00036349334
381,250,0.00096308626
382,250,0.0006090198
383,250,0.0005242219
384,250,0.0007651672
385,250,0.00085290335
386,250,0.00041789562
387,250,0.0006364472
388,250,0.0006240476
389,250,0.0009285733
390,250,0.00025102124
391,250,0.0006679436
392,250,0.00023064483
393,250,0.0003575096
394,250,0.00084509887
395,250,0.0002790466
396,250,0.0006131651
397,250,0.0003926605
398,250,0.0006633308
399,250,0.0009089643
400,250,
401,250,
402,250,
403,250,
404,250,
405,250,
406,250,
407,250,
408,250,
409,250,0.0006037168
410,250,0.00015627407
411,250,0.0005320078
412,250,0.0012490842
413,250,0.00050139613
414,250,0.0009949477
415,250,0.0008559665
416,250,0.00060036033
417,250,0.0009807516
418,250,0.00069316477
419,250,0.0009225104
420,250,0.0006076861
421,250,0.0006707283
422,250,0.0003346987
423,250,0.00048539508
424,250,0.00046061445
425,250,0.0006888909
426,250,0.0005665412
427,250,0.0004600566
428,250,0.00076880585
429,250,0.0004962506
430,250,0.0006605098
431,250,0.0008884147
432,250,0.00019239914
433,250,0.00058706105
434,250,0.00014967937
435,250,0.00011517573
436,250,0.0007856684
437,250,0.00026251283
438,250,0.00052700937
439,250,0.0004852563
440,250,0.00017233286
441,250,0.00063456874
442,250,0.0007127244
443,250,0.00061081536
444,250,0.0007625343
445,250,0.00021089893
446,250,0.00013129413
447,250,0.0008151876
448,250,0.00013987627
449,250,0.0004000645
450,250,0.0008923691
451,250,0.00041661318
452,250,0.000563574
453,250,-0.00017491262
454,250,0.0007713549
455,250,0.00038992148
456,250,0.0007233182
457,250,0.00031332113
458,250,0.0006400654
459,250,0.00046187267
460,250,0.00050511956
461,250,-1.6968697e-06
462,250,0.00062529277
463,250,0.00027439836
464,250,0.00072163995
465,250,0.00089365523
466,250,0.0004918575
467,250,0.0010152031
468,250,0.00056660175
469,250,4.3703243e-05
470,250,0.0011016419
471,250,0.0005931575
472,250,-2.2365712e-05
473,250,0.0008623488
474,250,0.00069369376
475,250,
476,250,
477,250,
478,250,0.0011031395
479,250,0.0010522772
480,250,0.0009669354
481,250,0.0010428792
482,250,0.0005720202
483,250,0.001004816
484,250,0.0005164938
485,250,0.0011937562
486,250,0.000751487
487,250,0.00041670073
488,250,0.0010694303
489,250,0.000987119
490,250,0.0003793845
491,250,0.0009523891
492,250,0.00057865866
493,250,0.001496545
494,250,0.0013434915
0,251,0.001006295
1,251,0.0006573759
2,251,0.00045293383
3,251,0.0011208281
4,251,0.00033504702
5,251,0.00064055156
6,251,0.00052660145
7,251,0.00069219153
8,251,0.00046596117
9,251,0.0009646099
10,251,0.00089074206
11,251,0.0014589811
12,251,0.00024003349
13,251,0.0002410002
14,251,0.0005240524
15,251,0.0008366909
16,251,0.00058686733
17,251,0.00039472524
18,251,0.00022282265
19,251,0.0012141289
20,251,0.0004553441
21,251,0.0005835155
22,251,0.0010381686
23,251,
24,251,
25,251,0.00043615978
26,251,0.00070369616
27,251,0.00054687634
28,251,0.0007211538
29,251,0.0012382073
30,251,0.001020046
31,251,0.0007481044
32,251,0.00087925047
33,251,0.0010825135
34,251,0.0010932917
35,251,0.0012953114
36,251,0.001019869
37,251,0.00094712246
38,251,0.00093639735
39,251,0.0011322098
40,251,0.0011592424
41,251,0.0012165122
42,251,0.0010750759
43,251,0.00082286727
44,251,0.0010810522
45,251,0.0009773113
46,251,0.00090004504
47,251,0.00089960825
48,251,0.0010108892
49,251,0.00070827175
50,251,0.0014087819
51,251,0.0010269284
52,251,0.0012183785
53,251,0.0004902361
54,251,0.0008452013
55,251,0.0011197347
56,251,0.0010024095
57,251,0.0005461853
58,251,0.00061133876
59,251,0.00088359416
60,251,0.0012607267
61,251,
62,251,
63,251,0.0005100332
64,251,0.0008795103
65,251,0.0011301832
66,251,0.0011151005
67,251,0.00092186313
68,251,0.001283356
69,251,0.000869791
70,251,0.0010632444
71,251,0.0010488732
72,251,0.00086202845
73,251,0.0008565746
74,251,0.00048171915
75,251,0.0010039667
76,251,0.0006193016
77,251,0.00083682407
78,251,0.00094135664
79,251,0.0006208969
80,251,0.0008093789
81,251,0.00026937388
82,251,0.0007765135
83,251,0.00045761652
84,251,0.00038528442
85,251,0.00051390193
86,251,0.0005395338
87,251,0.0007279031
88,251,0.000699413
89,251,0.0006131716
90,251,0.0004338473
91,251,0.0008877553
92,251,0.0004760679
93,251,0.00092334114
94,251,0.00072969496
95,251,0.00054881535
96,251,0.00059141964
97,251,7.4801035e-05
98,251,0.00046134647
99,251,0.0008738199
100,251,0.0009006355
101,251,0.0005334271
102,251,0.00093922205
103,251,
104,251,
105,251,
106,251,
107,251,
108,251,0.0011434387
109,251,
110,251,0.0011220351
111,251,
112,251,
113,251,
114,251,
115,251,
116,251,
117,251,
118,251,
119,251,
120,251,
121,251,
122,251,
123,251,
124,251,
125,251,
126,251,
127,251,
128,251,
129,251,
130,251,
131,251,
132,251,
133,251,
134,251,0.000675695
135,251,0.00083276257
136,251,
137,251,
138,251,
139,251,
140,251,0.00057944376
141,251,0.00029667653
142,251,0.0006721625
143,251,0.00068277307
144,251,5.4695643e-05
145,251,0.0008050632
146,251,0.00096978527
147,251,
148,251,-0.00044274703
149,251,0.00025222078
150,251,0.00070823636
151,251,0.0008166116
152,251,8.686446e-06
153,251,0.0008470053
154,251,0.0007871734
155,251,1.816079e-07
156,251,0.00045195688
157,251,0.0009167008
158,251,0.00040931534
159,251,0.00041477568
160,251,0.0003716722
161,251,0.0006692307
162,251,0.000577284
163,251,0.00083291624
164,251,0.00024221279
165,251,0.00022709835
166,251,0.00040770788
167,251,0.00033079647
168,251,0.0006367583
169,251,0.0005982276
170,251,0.00039095618
171,251,0.00051389355
172,251,0.0009983955
173,251,1.573842e-05
174,251,0.00073772296
175,251,0.0006631762
176,251,-8.251518e-07
177,251,0.00037104357
178,251,0.00052250177
179,251,0.0003714878
180,251,0.00082110055
181,251,0.00051755644
182,251,0.00042161345
183,251,0.00042141415
184,251,0.00029610656
185,251,0.00064644124
186,251,-6.8962574e-05
187,251,0.00053904206
188,251,-0.00018922798
189,251,0.0007235948
190,251,0.0006684428
191,251,0.0003675772
192,251,0.0013692398
193,251,0.0008916864
194,251,0.00081879925
195,251,0.0006798282
196,251,0.00044904184
197,251,4.8406422e-05
198,251,0.00011017732
199,251,0.00035112537
200,251,0.00041198358
201,251,0.00021953788
202,251,0.00051246025
203,251,0.00026448444
204,251,0.00067428034
205,251,0.00042562466
206,251,0.0006175628
207,251,0.0004970506
208,251,0.00018206984
209,251,0.0007628435
210,251,0.00017257035
211,251,5.0825067e-05
212,251,0.00068703666
213,251,0.00045693014
214,251,0.00025258493
215,251,0.00019004848
216,251,0.00064995885
217,251,0.00080415234
218,251,0.000286242
219,251,0.00078669935
220,251,0.00016657636
221,251,0.0009539109
222,251,0.0007095784
223,251,0.000924252
224,251,0.0005168645
225,251,0.0007681316
226,251,0.0006444054
227,251,0.00080852024
228,251,0.00069310237
229,251,0.0006161956
230,251,0.00033810176
231,251,0.0010264479
232,251,0.00039633736
233,251,0.00069858413
234,251,0.0003516106
235,251,0.0004151864
236,251,-8.210726e-05
237,251,0.00066372845
238,251,0.0003335243
239,251,0.0007348014
240,251,0.00047922693
241,251,0.0006026495
242,251,0.0007801233
243,251,0.00076402724
244,251,0.0004538633
245,251,0.00022494886
246,251,0.0005036611
247,251,0.0003235694
248,251,0.00043491274
249,251,0.00057953876
250,251,0.0008454416
251,251,0.00065622665
252,251,
253,251,0.00032867678
254,251,
255,251,
256,251,0.00045170635
257,251,0.0002879547
258,251,-0.00017639808
259,251,3.2274984e-05
260,251,
261,251,
262,251,
263,251,-1.4601275e-05
264,251,0.000377669
265,251,
266,251,
267,251,0.0005741492
268,251,0.0006465344
269,251,0.00067572575
270,251,0.0008126274
271,251,0.0002577724
272,251,0.0011184663
273,251,
274,251,0.00057336595
275,251,
276,251,0.0004833052
277,251,5.359389e-05
278,251,0.0003512334
279,251,0.00044710469
280,251,0.00090260804
281,251,0.0005243998
282,251,0.0008187974
283,251,0.0006106077
284,251,0.0004170034
285,251,0.00041048042
286,251,0.0008551134
287,251,0.0002852613
288,251,0.0007880144
289,251,0.00096893404
290,251,0.00047892053
291,251,0.0005896799
292,251,0.0008898806
293,251,0.00068598054
294,251,8.2293525e-05
295,251,-0.00011803489
296,251,0.00048191193
297,251,0.0010592295
298,251,0.00010700524
299,251,0.00037130713
300,251,0.000352161
301,251,0.00020989776
302,251,0.00073439255
303,251,0.00059314724
304,251,0.00081173517
305,251,0.00034006778
306,251,-0.00011971872
307,251,0.0006653508
308,251,0.0006901687
309,251,0.00079965685
310,251,0.0004590489
311,251,0.00033418648
312,251,0.00030762795
313,251,9.5433556e-05
314,251,0.000698206
315,251,0.00038311724
316,251,0.0009639403
317,251,0.00066337734
318,251,0.0005028015
319,251,0.001062341
320,251,0.00017997716
321,251,0.0012754938
322,251,0.00058732275
323,251,0.0003883196
324,251,0.0006325962
325,251,0.0008614287
326,251,3.680028e-05
327,251,0.00066155754
328,251,0.0009114742
329,251,0.00107182
330,251,0.000791925
331,251,0.0006466834
332,251,0.0007146271
333,251,0.00032729097
334,251,0.00029820576
335,251,0.0008961847
336,251,3.8295053e-05
337,251,0.0005071312
338,251,9.117555e-05
339,251,5.61364e-05
340,251,0.00017092563
341,251,-0.00011527538
342,251,0.0007574372
343,251,0.0005241297
344,251,0.0009549856
345,251,0.0012289202
346,251,0.00026418455
347,251,0.00071860105
348,251,0.0006302148
349,251,0.00092127174
350,251,0.0006003026
351,251,0.00076068006
352,251,0.00045319088
353,251,0.000456227
354,251,0.0003539361
355,251,0.00075080805
356,251,0.00033229962
357,251,0.00033463724
358,251,0.00077097956
359,251,-0.0002041217
360,251,0.0002628388
361,251,0.0006952826
362,251,0.0010258369
363,251,0.00067957677
364,251,0.0007417975
365,251,0.00044520665
366,251,0.00024794787
367,251,0.0002261782
368,251,0.0004903255
369,251,0.00019123033
370,251,0.00022980943
371,251,0.0010457188
372,251,0.0010419162
373,251,0.0005352674
374,251,0.00022142101
375,251,0.00095573533
376,251,0.0002141986
377,251,0.000797621
378,251,0.000933039
379,251,0.0004857406
380,251,0.00070555974
381,251,0.00059794635
382,251,0.00093297847
383,251,0.0006445488
384,251,0.00043400656
385,251,0.00094137713
386,251,0.0005432498
387,251,0.0010696268
388,251,0.0009232126
389,251,0.0008544335
390,251,0.00016754773
391,251,0.0003142953
392,251,0.00028185546
393,251,0.0008546561
394,251,0.00078076497
395,251,0.0011189329
396,251,0.0010254178
397,251,0.00035528746
398,251,0.00053918734
399,251,0.00069084764
400,251,-0.00032901112
401,251,
402,251,
403,251,
404,251,
405,251,
406,251,
407,251,
408,251,
409,251,-8.896459e-05
410,251,0.00030421093
411,251,0.0003722282
412,251,0.0003770478
413,251,0.0004666373
414,251,0.0005300278
415,251,0.00074198935
416,251,0.00039778743
417,251,0.00087284483
418,251,0.00054784305
419,251,0.00077835936
420,251,0.0009623002
421,251,0.0008428022
422,251,0.0003127409
423,251,0.0005414849
424,251,0.0009544976
425,251,0.00076496415
426,251,0.00039822608
427,251,0.00065981876
428,251,0.0008844584
429,251,0.00032998342
430,251,0.0005568918
431,251,0.00023455732
432,251,-0.00014574546
433,251,0.0006843889
434,251,0.0001529511
435,251,0.00059217773
436,251,0.00043455418
437,251,0.00011556223
438,251,0.00045682676
439,251,0.0008043749
440,251,0.0003869934
441,251,0.00053445064
442,251,0.0005976036
443,251,0.00032575522
444,251,9.150617e-05
445,251,0.00050720666
446,251,6.7899935e-05
447,251,0.0006678235
448,251,0.00022451021
449,251,0.00021583214
450,251,-0.00015097205
451,251,0.00077053625
452,251,0.0001578955
453,251,0.00044928305
454,251,0.00030669384
455,251,0.0005621528
456,251,0.0008988809
457,251,0.00016786344
458,251,0.00075376127
459,251,0.0007148348
460,251,0.00059662573
461,251,0.00071757566
462,251,0.00058345497
463,251,0.0008287346
464,251,0.0005422784
465,251,0.0006249845
466,251,0.0003559757
467,251,0.00050995685
468,251,0.00066918693
469,251,0.00033551082
470,251,0.00023936387
471,251,0.00039267726
472,251,0.0005634194
473,251,0.00014880206
474,251,0.0009636367
475,251,0.00024437066
476,251,
477,251,
478,251,0.0008091293
479,251,0.0013077995
480,251,0.0007291669
481,251,0.0005674036
482,251,0.0012250906
483,251,0.0010085525
484,251,0.0012901518
485,251,0.0012033712
486,251,0.00077165104
487,251,0.00073914137
488,251,0.0010177456
489,251,0.000821393
490,251,0.00056630746
491,251,0.00083311927
492,251,0.0004684981
493,251,0.0006331345
494,251,0.00068094395
0,252,0.00037568342
1,252,0.0007248409
2,252,0.00015074667
3,252,0.0004268065
4,252,0.00058709644
5,252,0.000958723
6,252,0.0013292674
7,252,0.0007573385
8,252,0.0007150322
9,252,0.0012697037
10,252,0.0007288363
11,252,0.0006918283
12,252,0.000639935
13,252,0.00063964445
14,252,0.0007054098
15,252,0.0013528746
16,252,0.00093957596
17,252,0.0003969269
18,252,0.0003885897
19,252,2.4124049e-05
20,252,0.0008939123
21,252,0.00038694032
22,252,0.00017446093
23,252,0.0006580688
24,252,
25,252,2.5572255e-05
26,252,0.0005858084
27,252,0.00045422837
28,252,0.00086179655
29,252,0.0011068946
30,252,0.0011065342
31,252,0.0011833487
32,252,0.0011505065
33,252,0.0010843072
34,252,0.0010486161
35,252,0.0011282237
36,252,0.0011360906
37,252,0.0008885348
38,252,0.0013528988
39,252,0.0008661123
40,252,0.0010353941
41,252,0.0011642678
42,252,0.0013148831
43,252,0.0011229264
44,252,0.000971294
45,252,0.00092510507
46,252,0.0006687604
47,252,0.0010041064
48,252,0.0010543978
49,252,0.0008767154
50,252,0.00035488885
51,252,0.0009513907
52,252,0.00085283443
53,252,0.0010744333
54,252,0.00061034877
55,252,0.000982156
56,252,0.0007969951
57,252,0.0009533623
58,252,0.0008035721
59,252,0.00060129166
60,252,0.0010572178
61,252,
62,252,
63,252,
64,252,0.00054131914
65,252,0.0010070484
66,252,0.0011801245
67,252,0.0011438057
68,252,0.0009895768
69,252,0.0011937758
70,252,0.0010497393
71,252,0.0010276502
72,252,0.0012371391
73,252,0.0010267515
74,252,0.00058195833
75,252,0.0005171504
76,252,0.00057790615
77,252,0.00045516714
78,252,0.0006474601
79,252,0.0007032361
80,252,0.0010051113
81,252,0.00044697896
82,252,0.00039673783
83,252,0.0006058607
84,252,0.00054369494
85,252,0.00048394408
86,252,0.00031432975
87,252,0.00086975563
88,252,0.0005689068
89,252,0.00062439125
90,252,0.0009142915
91,252,0.0010469854
92,252,0.0008614985
93,252,0.000756599
94,252,0.00052565243
95,252,0.00079828594
96,252,0.0010322388
97,252,0.00076912716
98,252,0.00093111023
99,252,0.00069462974
100,252,0.0010878341
101,252,0.00089092925
102,252,0.00087082386
103,252,
104,252,
105,252,
106,252,
107,252,
108,252,
109,252,
110,252,
111,252,
112,252,
113,252,
114,252,
115,252,
116,252,
117,252,
118,252,
119,252,
120,252,
121,252,
122,252,
123,252,
124,252,
125,252,
126,252,
127,252,
128,252,
129,252,
130,252,
131,252,
132,252,
133,252,
134,252,0.00022749603
135,252,
136,252,
137,252,
138,252,0.0010518907
139,252,-9.770505e-06
140,252,
141,252,0.0011504143
142,252,0.00034001563
143,252,0.00049125496
144,252,0.0006177984
145,252,0.0011663847
146,252,0.0009322688
147,252,0.000610902
148,252,0.00051189493
149,252,0.00043779798
150,252,0.00024915207
151,252,0.00044099241
152,252,0.0005339384
153,252,-0.00015001744
154,252,0.00011346955
155,252,0.00091198925
156,252,0.0004068464
157,252,0.00033370405
158,252,0.00066376105
159,252,0.00022159703
160,252,0.00042500068
161,252,0.000428685
162,252,0.00019892957
163,252,8.2962215e-06
164,252,0.0005807448
165,252,0.00020266138
166,252,0.0007314533
167,252,0.00018080324
168,252,0.0005457867
169,252,0.00094609894
170,252,0.00057484955
171,252,0.0006292239
172,252,0.000120833516
173,252,0.0005408302
174,252,0.00027460512
175,252,0.0005261712
176,252,0.0007320577
177,252,0.00020240806
178,252,0.00022941548
179,252,0.0004400136
180,252,0.00026024133
181,252,0.00046828762
182,252,0.00035422854
183,252,0.000121417455
184,252,0.00067996327
185,252,0.000840785
186,252,0.00034939963
187,252,0.00034292042
188,252,0.0005348893
189,252,0.0008645989
190,252,0.0005891202
191,252,0.00047780108
192,252,0.00058040116
193,252,0.00065443665
194,252,0.00024169683
195,252,0.00049636513
196,252,-8.202158e-06
197,252,0.00039202347
198,252,0.00059145596
199,252,0.0008720979
200,252,0.0002176147
201,252,0.00081875455
202,252,0.0002628006
203,252,0.0005165478
204,252,0.00041868165
205,252,0.0009975089
206,252,0.00042569824
207,252,0.00033809058
208,252,0.00029278733
209,252,9.446591e-05
210,252,0.0009696046
211,252,0.00068833586
212,252,0.00043566618
213,252,0.0004959386
214,252,0.0003838651
215,252,-0.00019537099
216,252,0.00032416265
217,252,0.00016668346
218,252,0.0010370035
219,252,-5.688425e-05
220,252,0.0004951423
221,252,0.00028159935
222,252,0.00017249584
223,252,0.0005587805
224,252,0.00024761911
225,252,0.0005831914
226,252,0.0009972919
227,252,0.0007075304
228,252,0.0008721547
229,252,0.00044096075
230,252,0.0003503319
231,252,0.0008307891
232,252,0.0007430697
233,252,0.0007486325
234,252,0.0004969239
235,252,0.00025868416
236,252,0.0005233176
237,252,0.00052173715
238,252,0.00063897483
239,252,0.00060842
240,252,0.0005857479
241,252,0.00063463487
242,252,0.0006581908
243,252,0.00047515705
244,252,0.00073228683
245,252,0.00043990556
246,252,0.00038345996
247,252,0.0005516233
248,252,0.00061680283
249,252,0.00056312606
250,252,0.0009108074
251,252,0.0009399848
252,252,0.0010937508
253,252,
254,252,0.00047231745
255,252,
256,252,0.00053613354
257,252,-0.00010864902
258,252,0.00041163154
259,252,0.0011481885
260,252,0.00038898923
261,252,0.0011123437
262,252,0.00017225556
263,252,
264,252,0.00021196995
265,252,0.00050047226
266,252,
267,252,0.00051301904
268,252,0.0006835414
269,252,0.0005037794
270,252,
271,252,0.00048763957
272,252,0.00086202193
273,252,
274,252,
275,252,-3.8051046e-05
276,252,
277,252,0.0005551791
278,252,-0.0001029456
279,252,0.0005873786
280,252,0.0003607981
281,252,0.000701013
282,252,0.00022070296
283,252,0.00020425022
284,252,3.747642e-06
285,252,0.00030534714
286,252,9.2138536e-05
287,252,0.00016601663
288,252,0.0007127803
289,252,0.00089829694
290,252,0.00031935796
291,252,0.0006861286
292,252,0.00083083473
293,252,0.00044385158
294,252,0.00016828999
295,252,0.00039290264
296,252,0.00012828968
297,252,0.0005252166
298,252,0.000469408
299,252,0.0007608598
300,252,0.0007691663
301,252,0.00066556036
302,252,0.0008767899
303,252,0.0010185689
304,252,0.00084086787
305,252,0.0005476838
306,252,0.0003872821
307,252,0.0006479053
308,252,0.0006977115
309,252,0.00020137616
310,252,0.00034413673
311,252,0.0005312506
312,252,0.0005440535
313,252,0.0008507464
314,252,0.00031916425
315,252,0.001092922
316,252,0.00089374185
317,252,0.00080036744
318,252,0.00035491306
319,252,0.00075979996
320,252,0.0011504749
321,252,0.0005599288
322,252,0.00050357264
323,252,0.00043406896
324,252,0.00092148967
325,252,0.0012139408
326,252,0.00013983995
327,252,0.0005655829
328,252,0.0004348997
329,252,0.0006530555
330,252,0.00030296016
331,252,0.0006490378
332,252,0.0009023305
333,252,0.00076286495
334,252,0.00057154335
335,252,0.0007214416
336,252,0.00013325457
337,252,9.9841505e-05
338,252,0.00033648591
339,252,0.0010046465
340,252,0.0007416364
341,252,0.00068416446
342,252,0.0005333368
343,252,0.0012885341
344,252,0.00055966433
345,252,0.001048129
346,252,0.0010458771
347,252,0.0009249449
348,252,0.000182366
349,252,0.0005732868
350,252,0.0007275464
351,252,0.00095024146
352,252,0.0004930077
353,252,0.00031431764
354,252,0.00056555495
355,252,0.00080918893
356,252,0.000465272
357,252,0.0002013119
358,252,0.0007527219
359,252,0.0003291089
360,252,0.0005814899
361,252,0.00070813764
362,252,0.0004407307
363,252,0.00093638804
364,252,0.0008290298
365,252,0.0005387878
366,252,0.0006121937
367,252,0.0008429801
368,252,0.0008893162
369,252,0.000548522
370,252,0.000574911
371,252,0.0011190157
372,252,0.0010784417
373,252,0.0008397931
374,252,0.0009029377
375,252,0.000775557
376,252,0.00046386756
377,252,0.0008232631
378,252,0.0006568227
379,252,0.0006061606
380,252,0.00069416594
381,252,0.0013982626
382,252,0.0009919014
383,252,0.0009342572
384,252,0.0004952634
385,252,0.00061322935
386,252,0.00053939596
387,252,0.0009140484
388,252,0.0009032646
389,252,0.00036995858
390,252,0.0005435664
391,252,0.000408452
392,252,0.0007224232
393,252,0.000551668
394,252,0.00086435396
395,252,0.00046579167
396,252,0.00068514794
397,252,0.000729667
398,252,0.0009909775
399,252,0.0012870394
400,252,
401,252,
402,252,
403,252,
404,252,
405,252,
406,252,
407,252,
408,252,
409,252,0.00021392852
410,252,0.0001877714
411,252,0.00053664297
412,252,0.00055144355
413,252,0.00055242795
414,252,0.0006709285
415,252,0.00058286823
416,252,0.0006291345
417,252,0.00085246284
418,252,0.00014825072
419,252,0.0009865407
420,252,0.0008124355
421,252,0.00053589046
422,252,0.00063855294
423,252,0.0007539261
424,252,0.00050259475
425,252,0.0010536127
426,252,0.000363091
427,252,0.0003603762
428,252,0.00087608304
429,252,0.00019357353
430,252,0.0003821561
431,252,0.00011582021
432,252,0.00041413028
433,252,0.0005288692
434,252,5.1029027e-05
435,252,0.0004216805
436,252,0.0006759986
437,252,8.647796e-05
438,252,0.00044443272
439,252,0.0003586989
440,252,0.0003354922
441,252,0.00040083937
442,252,0.0005902685
443,252,0.0008565113
444,252,0.000741018
445,252,0.0002717143
446,252,0.00053060893
447,252,0.00044814032
448,252,0.00021017343
449,252,0.00054204464
450,252,0.0007584961
451,252,0.0009806734
452,252,0.0004595127
453,252,3.8569793e-05
454,252,0.0011235364
455,252,0.00019315444
456,252,6.736629e-05
457,252,0.00046764407
458,252,0.00037586596
459,252,0.00022894237
460,252,0.00027203094
461,252,0.0005274331
462,252,0.00089734513
463,252,0.00034409668
464,252,0.00062780734
465,252,0.0003173221
466,252,0.0007458031
467,252,0.00051536225
468,252,6.801635e-05
469,252,0.00055217557
470,252,0.00065098144
471,252,6.789714e-05
472,252,0.00060280785
473,252,0.0004236037
474,252,
475,252,
476,252,
477,252,0.000737112
478,252,
479,252,0.00037654582
480,252,0.00021355692
481,252,0.00018104352
482,252,0.00077963714
483,252,0.0008185534
484,252,0.0010996778
485,252,0.0009435024
486,252,0.0009987829
487,252,0.0013090214
488,252,0.0011687232
489,252,0.0011617094
490,252,0.0005019605
491,252,0.00073291827
492,252,0.0009847144
493,252,0.00022729859
494,252,0.00073593576
0,253,0.0008153338
1,253,0.0010150056
2,253,0.00057746656
3,253,0.0003370121
4,253,0.00028261635
5,253,0.00045202486
6,253,0.000533822
7,253,0.00065005943
8,253,0.00071048643
9,253,0.00029557198
10,253,0.0005359845
11,253,0.00059174467
12,253,0.0003419891
13,253,0.00015241839
14,253,0.000455264
15,253,0.00017877016
16,253,0.0005488489
17,253,0.0010669222
18,253,0.00051069725
19,253,0.0006606141
20,253,0.0009824978
21,253,0.0007149568
22,253,0.00032953452
23,253,0.00019198284
24,253,
25,253,0.0006251475
26,253,0.00044587255
27,253,0.00030825753
28,253,0.001176795
29,253,0.0011366121
30,253,0.001077475
31,253,0.0012321929
32,253,0.0009125378
33,253,0.0012211856
34,253,0.0011404846
35,253,0.0012226272
36,253,0.0010505151
37,253,0.0011992715
38,253,0.0012336997
39,253,0.00067791436
40,253,0.0010170667
41,253,0.0010836823
42,253,0.0010080459
43,253,0.0011694152
44,253,0.0009361934
45,253,0.00070827734
46,253,0.0015125321
47,253,0.0006885659
48,253,0.0008999966
49,253,0.000919641
50,253,0.0013101315
51,253,0.00065028574
52,253,0.0007853415
53,253,0.0008965796
54,253,0.0010164846
55,253,0.0009626271
56,253,0.00058734976
57,253,0.0007967716
58,253,0.0011335034
59,253,0.001110604
60,253,0.0010818942
61,253,
62,253,0.0008319132
63,253,
64,253,
65,253,0.0011641663
66,253,0.0007369714
67,253,0.000786162
68,253,0.0011653667
69,253,0.0007234728
70,253,0.00083981827
71,253,0.0012892215
72,253,0.000991595
73,253,0.00072172936
74,253,0.0010632956
75,253,0.00086162426
76,253,7.081777e-06
77,253,0.0005058227
78,253,0.000226493
79,253,0.00011686608
80,253,0.0006108368
81,253,0.00043533463
82,253,0.00071430206
83,253,0.00070926733
84,253,0.00084359944
85,253,0.0008552456
86,253,0.0010602847
87,253,0.00054334104
88,253,0.00075599924
89,253,0.0003867261
90,253,0.00073995814
91,253,0.00013193954
92,253,0.0009639524
93,253,0.0009192135
94,253,0.0005070949
95,253,0.00022659823
96,253,0.0003612712
97,253,0.0007128194
98,253,0.00041651633
99,253,0.0010305317
100,253,0.00092161074
101,253,0.00069298036
102,253,
103,253,
104,253,
105,253,
106,253,
107,253,
108,253,
109,253,
110,253,
111,253,
112,253,
113,253,
114,253,
115,253,
116,253,
117,253,
118,253,
119,253,
120,253,
121,253,
122,253,
123,253,
124,253,
125,253,
126,253,
127,253,
128,253,
129,253,
130,253,
131,253,
132,253,
133,253,0.0010673665
134,253,
135,253,0.00055212434
136,253,0.0012191916
137,253,
138,253,
139,253,
140,253,
141,253,0.0007171156
142,253,0.0007731505
143,253,0.0010847105
144,253,0.0004802784
145,253,0.00054217037
146,253,0.0006522378
147,253,0.00069225393
148,253,0.00028257445
149,253,0.00040697306
150,253,0.00050049275
151,253,0.0005290145
152,253,0.00055734813
153,253,0.00041961484
154,253,0.0010146927
155,253,0.0009306194
156,253,0.0009377729
157,253,0.00062330905
158,253,0.00046491344
159,253,0.0009186072
160,253,0.00023960322
161,253,0.00020183902
162,253,0.00081449933
163,253,0.00050939806
164,253,0.00049604475
165,253,0.00042463187
166,253,0.00090468675
167,253,0.0004142644
168,253,0.00051924307
169,253,0.00033432525
170,253,0.0004226491
171,253,0.00016899407
172,253,0.0005405955
173,253,0.0006260928
174,253,0.00060851406
175,253,0.00026191026
176,253,0.00029762555
177,253,0.00021139719
178,253,0.00011171214
179,253,0.0007940037
180,253,0.0010070801
181,253,0.0004991805
182,253,0.00033506565
183,253,0.00017255545
184,253,0.00022151787
185,253,0.0006259568
186,253,0.0005887905
187,253,0.0008391151
188,253,0.0010270104
189,253,0.00040364452
190,253,0.0001772428
191,253,0.00014739111
192,253,0.00048942957
193,253,0.0009366218
194,253,0.0004683407
195,253,0.00074382033
196,253,0.0006363522
197,253,0.0006976733
198,253,0.00057104044
199,253,0.00020944513
200,253,0.0005197516
201,253,0.000670569
202,253,0.00059570465
203,253,9.536836e-05
204,253,7.814169e-05
205,253,-0.00013363734
206,253,0.00016574562
207,253,0.00058326684
208,253,0.0006371029
209,253,0.0004341863
210,253,0.0007532798
211,253,0.0006273836
212,253,0.0007693516
213,253,-5.839765e-05
214,253,0.0006955238
215,253,0.00045960024
216,253,0.00035022292
217,253,1.5553087e-05
218,253,5.9532e-05
219,253,0.00036046281
220,253,2.0880252e-06
221,253,0.00065721385
222,253,0.0007678233
223,253,0.00077165104
224,253,0.00083198026
225,253,0.0010649981
226,253,0.00075816363
227,253,0.00070707686
228,253,0.0007109735
229,253,0.0009387564
230,253,0.00077652093
231,253,0.00064837653
232,253,0.0006634379
233,253,0.0006636232
234,253,0.00038961414
235,253,0.00022539869
236,253,0.00020552985
237,253,0.0005337661
238,253,0.00042466167
239,253,0.00030875485
240,253,0.0001582168
241,253,0.0007869778
242,253,0.00028900523
243,253,0.0008199457
244,253,0.00073202513
245,253,0.00084678736
246,253,0.0006295368
247,253,0.00035028346
248,253,0.0011627674
249,253,0.0011841608
250,253,
251,253,0.00068901014
252,253,0.0012160446
253,253,0.0003284132
254,253,-0.0002422193
255,253,-1.3923272e-06
256,253,0.00025927834
257,253,0.0009038821
258,253,0.00023005065
259,253,-9.2715025e-05
260,253,0.000804876
261,253,0.00081266835
262,253,0.00031008385
263,253,0.00055929366
264,253,0.0005986346
265,253,0.0004929332
266,253,
267,253,
268,253,
269,253,0.0004415186
270,253,0.00022699218
271,253,-2.6274472e-05
272,253,0.00020191446
273,253,0.00046796817
274,253,4.066527e-05
275,253,0.0003624577
276,253,
277,253,0.00054350216
278,253,0.00027951784
279,253,0.00054625235
280,253,0.00025710464
281,253,0.00055257697
282,253,0.0002241265
283,253,0.00018714182
284,253,0.00036728568
285,253,0.00059400126
286,253,0.0004498195
287,253,0.00050710887
288,253,0.0010003466
289,253,0.000798326
290,253,0.00047649723
291,253,0.0007265834
292,253,0.0010558218
293,253,0.00036995392
294,253,0.00042504724
295,253,0.000632206
296,253,0.0009923335
297,253,0.00088564213
298,253,0.0004948452
299,253,0.0003360426
300,253,0.0004839301
301,253,0.00052308943
302,253,0.00021611527
303,253,0.0006675143
304,253,0.00053321384
305,253,0.0005338853
306,253,7.777754e-05
307,253,0.000565839
308,253,0.0003868742
309,253,0.00069835223
310,253,0.0004052762
311,253,0.00038548838
312,253,0.0008082511
313,253,0.0005747415
314,253,0.00032560714
315,253,0.00053470023
316,253,0.0008049831
317,253,0.00020801369
318,253,0.00034065265
319,253,0.0005548708
320,253,0.00045088585
321,253,0.00039423537
322,253,0.00022846553
323,253,0.0007795505
324,253,0.00097028725
325,253,0.00038891658
326,253,0.0014071558
327,253,0.0012303572
328,253,0.0006630197
329,253,0.0006113313
330,253,0.00066986773
331,253,0.00033540837
332,253,0.000937094
333,253,0.00029903278
334,253,0.0005187541
335,253,0.0007236926
336,253,0.0011112457
337,253,0.00042457134
338,253,0.0002066819
339,253,8.876249e-05
340,253,0.00028785877
341,253,0.001172726
342,253,0.0006639855
343,253,0.0005189795
344,253,0.00026128534
345,253,0.00036375597
346,253,0.00028246082
347,253,0.00059764925
348,253,0.0009937994
349,253,0.000628856
350,253,0.0007567564
351,253,8.35238e-05
352,253,0.000106348656
353,253,0.00068773795
354,253,0.00044119265
355,253,0.00016125944
356,253,0.0010439865
357,253,0.0006213989
358,253,0.0006214101
359,253,0.0004318012
360,253,0.00049335137
361,253,0.0007440122
362,253,0.000365098
363,253,0.00086123496
364,253,0.00080390833
365,253,0.0009768754
366,253,0.0011124443
367,253,0.0006459374
368,253,-6.233901e-05
369,253,0.00039214455
370,253,0.00092173927
371,253,0.00046851952
372,253,0.00091840606
373,253,5.1097944e-05
374,253,0.00029966794
375,253,0.00042051356
376,253,0.00072320923
377,253,0.00045439973
378,253,0.0008235872
379,253,0.0008354429
380,253,0.0004078867
381,253,0.000620706
382,253,0.00046022423
383,253,0.00040817168
384,253,0.0005148705
385,253,0.00042619277
386,253,0.00038001034
387,253,0.00073266216
388,253,0.0006840266
389,253,0.00050927233
390,253,0.001093382
391,253,0.0002848776
392,253,0.00080970395
393,253,0.0012804242
394,253,0.0013300106
395,253,0.00066491496
396,253,0.0007716706
397,253,0.00082055107
398,253,0.0006209798
399,253,0.0011093644
400,253,
401,253,
402,253,
403,253,
404,253,
405,253,
406,253,
407,253,0.00081809796
408,253,
409,253,0.00050013047
410,253,0.00021444727
411,253,0.0011163289
412,253,0.00080429576
413,253,0.0006697988
414,253,0.0007669451
415,253,0.0006161574
416,253,0.00038912334
417,253,0.0008661356
418,253,0.00089597516
419,253,0.00046030618
420,253,0.00088013243
421,253,0.0005596345
422,253,0.00047231466
423,253,0.00068196
424,253,0.00083008595
425,253,2.537109e-05
426,253,0.00047677662
427,253,0.00040953793
428,253,0.0004975749
429,253,0.0003688056
430,253,0.0007115714
431,253,0.00087933056
432,253,0.0009413399
433,253,-0.0003607152
434,253,0.00071209576
435,253,0.000550285
436,253,0.0007683523
437,253,0.00019490812
438,253,0.00034638308
439,253,0.000746618
440,253,0.000534188
441,253,0.0005521672
442,253,0.00031661987
443,253,3.8092025e-05
444,253,0.00026598014
445,253,0.0013881
446,253,0.0008344315
447,253,0.0010438208
448,253,0.0008693924
449,253,0.0007133251
450,253,0.00058116857
451,253,0.0002570916
452,253,0.00065729674
453,253,0.00067006797
454,253,0.00086284056
455,253,0.00068436936
456,253,0.000293741
457,253,0.0008495636
458,253,0.00062114745
459,253,0.00072910264
460,253,0.0008502342
461,253,0.00063373987
462,253,0.0005407557
463,253,0.0006941939
464,253,0.00015307683
465,253,0.000411856
466,253,0.0003434429
467,253,0.00024617277
468,253,0.00010091718
469,253,0.00047060195
470,253,0.00040226988
471,253,0.0010835743
472,253,-0.00015501957
473,253,0.0006595524
474,253,0.0008117575
475,253,
476,253,0.0006057918
477,253,0.00040833466
478,253,0.0006049564
479,253,0.00038386416
480,253,0.0004792791
481,253,0.00071998127
482,253,0.0010590153
483,253,0.0011098273
484,253,0.00075434893
485,253,0.0004940005
486,253,0.0009318115
487,253,0.0011758115
488,253,0.00062898826
489,253,0.0007580742
490,253,0.000853369
491,253,0.00076065306
492,253,0.0010985378
493,253,0.00066007953
494,253,0.0006033778
0,254,0.00090475846
1,254,0.00035560597
2,254,0.00013795216
3,254,0.0007012477
4,254,0.000413768
5,254,0.00044152327
6,254,0.0010285685
7,254,0.00047323853
8,254,0.0008532256
9,254,0.0002478389
10,254,0.0005718861
11,254,0.000986198
12,254,0.0011086194
13,254,0.0014330428
14,254,0.0009268401
15,254,0.00013552047
16,254,-0.00017273519
17,254,0.0005858587
18,254,0.0011271005
19,254,0.00015933719
20,254,0.00075362157
21,254,0.0006357059
22,254,0.0011301059
23,254,0.00044524018
24,254,
25,254,0.00044732913
26,254,0.00094650034
27,254,0.00025401637
28,254,0.0007011974
29,254,0.0010774219
30,254,0.0010302747
31,254,0.0013636891
32,254,0.0011441335
33,254,0.0010986021
34,254,0.0009814063
35,254,0.0011367174
36,254,0.0011886703
37,254,0.0009884266
38,254,0.0010106247
39,254,0.001132004
40,254,0.0008809902
41,254,0.001297093
42,254,0.0009838846
43,254,0.00078589097
44,254,0.0011259224
45,254,0.0011048447
46,254,0.00071231835
47,254,0.00085562654
48,254,0.00094212405
49,254,0.0009691119
50,254,0.00079098344
51,254,0.0007490637
52,254,0.001118429
53,254,0.0006809514
54,254,0.000555248
55,254,0.0006199647
56,254,0.0007192278
57,254,
58,254,0.0007182313
59,254,
60,254,0.00081187394
61,254,0.0008285539
62,254,0.0009817043
63,254,0.000669688
64,254,
65,254,
66,254,0.001242375
67,254,0.0010521123
68,254,0.0008116206
69,254,0.00067516137
70,254,0.0008570943
71,254,0.0009972984
72,254,0.0011348668
73,254,0.0007657157
74,254,0.0006285459
75,254,0.0006209817
76,254,0.00074309856
77,254,0.0006613331
78,254,0.00058827456
79,254,0.0006032651
80,254,0.0002806019
81,254,0.0007035993
82,254,0.0011281362
83,254,0.0008331211
84,254,0.00044786464
85,254,0.0011160234
86,254,0.00056450255
87,254,0.00081418455
88,254,0.00092170574
89,254,0.00093801785
90,254,0.00078541785
91,254,0.00111546
92,254,0.00066469144
93,254,0.000897157
94,254,0.00075174496
95,254,0.0003720224
96,254,0.00089933164
97,254,0.00065509323
98,254,0.00085050706
99,254,0.001002606
100,254,0.0010009706
101,254,0.00088883657
102,254,
103,254,
104,254,
105,254,
106,254,
107,254,
108,254,
109,254,
110,254,
111,254,
112,254,
113,254,
114,254,
115,254,
116,254,
117,254,
118,254,
119,254,
120,254,
121,254,
122,254,
123,254,
124,254,
125,254,
126,254,
127,254,
128,254,
129,254,
130,254,
131,254,
132,254,
133,254,
134,254,
135,254,
136,254,
137,254,0.0006151935
138,254,
139,254,0.00092652533
140,254,
141,254,0.0004830882
142,254,0.0010528853
143,254,0.00010746252
144,254,
145,254,-7.233489e-05
146,254,0.00013233628
147,254,0.00044445042
148,254,0.0004480956
149,254,0.0009367233
150,254,0.00062585063
151,254,0.0002946863
152,254,0.00050019566
153,254,0.00039616786
154,254,0.00068086106
155,254,0.00029322598
156,254,0.00035078265
157,254,0.00062703155
158,254,0.00063054636
159,254,0.00025625248
160,254,0.00052295905
161,254,0.00033872947
162,254,8.5223466e-05
163,254,0.00039977673
164,254,0.00086365175
165,254,-7.200241e-05
166,254,0.0009997515
167,254,0.00015811529
168,254,0.00073111616
169,254,0.00066062436
170,254,0.00055510644
171,254,0.0006397329
172,254,0.00050705485
173,254,0.00027598068
174,254,0.00010096561
175,254,0.00030234642
176,254,0.0006757779
177,254,0.0007063793
178,254,0.00051032193
179,254,0.00021051429
180,254,0.00045772642
181,254,0.00039886963
182,254,0.0005512135
183,254,0.00032718852
184,254,0.00066543
185,254,0.00018312316
186,254,0.00020818971
187,254,0.00036568195
188,254,0.00066810753
189,254,0.00026317686
190,254,0.00026143994
191,254,0.00042053498
192,254,0.00023222528
193,254,0.00043724477
194,254,8.821115e-05
195,254,0.00025403313
196,254,0.00083287805
197,254,0.00053333305
198,254,0.0005064821
199,254,0.00077485945
200,254,0.0006140787
201,254,0.00085246656
202,254,0.0008360855
203,254,-8.27238e-05
204,254,0.000119092874
205,254,0.00050721504
206,254,0.00075879786
207,254,4.5730732e-05
208,254,0.00045966357
209,254,0.0005687298
210,254,0.00088575296
211,254,0.0010047909
212,254,0.00024128985
213,254,0.00017184392
214,254,0.0008736653
215,254,0.0009147953
216,254,0.00035537593
217,254,0.0005608732
218,254,8.495897e-05
219,254,0.00076333154
220,254,0.0006896034
221,254,0.0005103275
222,254,0.00044063758
223,254,0.0005397815
224,254,0.00047665183
225,254,0.00047705974
226,254,0.00062844343
227,254,0.0006339168
228,254,0.00091490056
229,254,0.0005572047
230,254,0.0007206537
231,254,0.00059909
232,254,0.00071168505
233,254,0.0006381925
234,254,0.0006137369
235,254,0.00068243966
236,254,0.0004014587
237,254,0.0005310476
238,254,0.00036828406
239,254,0.0005649207
240,254,0.00066687353
241,254,0.0009247428
242,254,0.0007421328
243,254,0.0009547565
244,254,0.0006834548
245,254,0.00083541963
246,254,4.6866946e-05
247,254,0.0003284095
248,254,0.0012916448
249,254,
250,254,0.00095633883
251,254,0.0005358914
252,254,0.00080453046
253,254,0.00029767957
254,254,0.0005703587
255,254,0.0001707226
256,254,-9.461306e-05
257,254,
258,254,0.00083238725
259,254,-5.8238395e-05
260,254,4.5329332e-05
261,254,0.0010528155
262,254,0.0010936968
263,254,0.0007372219
264,254,0.0005735699
265,254,0.0007330356
266,254,0.00064010825
267,254,0.0008405866
268,254,0.0004298715
269,254,0.0012901668
270,254,0.00026728027
271,254,0.00040926225
272,254,0.00020363461
273,254,0.0008337861
274,254,0.0005340474
275,254,0.00028949883
276,254,0.00023222342
277,254,
278,254,5.8913603e-05
279,254,0.0010799728
280,254,0.0003509801
281,254,-2.3832545e-05
282,254,7.809512e-05
283,254,0.00035763904
284,254,0.0004068613
285,254,0.00035701226
286,254,0.00085807126
287,254,-9.741541e-05
288,254,0.00049272366
289,254,0.0003889259
290,254,0.00014594197
291,254,0.00065887906
292,254,0.0005989745
293,254,0.0005965298
294,254,0.0005290974
295,254,0.00034821872
296,254,0.0005095629
297,254,0.00096955895
298,254,0.00050898455
299,254,0.00026298407
300,254,0.0006807074
301,254,0.00066102576
302,254,0.0006885268
303,254,0.00089096837
304,254,0.0005585365
305,254,0.0006496981
306,254,0.0006239796
307,254,0.0006416263
308,254,0.00019407738
309,254,0.000121122226
310,254,0.0003059134
311,254,0.000116432086
312,254,0.00087336916
313,254,0.00018388592
314,254,0.00076798163
315,254,0.0006309813
316,254,0.00019435864
317,254,0.000351917
318,254,0.00042061042
319,254,0.0006963778
320,254,0.0003014123
321,254,0.001116992
322,254,0.0002550222
323,254,3.4161843e-05
324,254,0.00048650615
325,254,0.0005525071
326,254,0.0008529313
327,254,0.00087964535
328,254,0.0005612299
329,254,0.0002286341
330,254,0.0009184014
331,254,0.0008883774
332,254,0.00075506605
333,254,0.0004026601
334,254,0.00027536973
335,254,0.000945664
336,254,0.0006015515
337,254,0.0007672291
338,254,0.0005476065
339,254,0.00093881786
340,254,4.146062e-05
341,254,0.0010369085
342,254,0.00038274378
343,254,0.00052819774
344,254,0.00080484897
345,254,0.00037582312
346,254,0.0010964908
347,254,0.00034105591
348,254,0.00073477346
349,254,0.00070544705
350,254,0.0007140888
351,254,0.00041537266
352,254,0.0007560551
353,254,0.0006766487
354,254,0.00048589613
355,254,0.0004670825
356,254,0.00058276486
357,254,0.00059171487
358,254,0.0003136173
359,254,0.00051115267
360,254,0.00065470487
361,254,0.0009477837
362,254,0.00044843554
363,254,0.0009860937
364,254,0.0003765151
365,254,0.0004978096
366,254,9.727944e-05
367,254,0.000488434
368,254,0.00070685055
369,254,0.0005933121
370,254,0.00075428654
371,254,0.0009614099
372,254,0.00041307975
373,254,0.00057741906
374,254,0.00016440079
375,254,0.00023351982
376,254,0.0011445209
377,254,0.0006347848
378,254,0.0007598372
379,254,0.0009687664
380,254,0.0009354325
381,254,0.0006356528
382,254,0.00034586992
383,254,0.0006464273
384,254,0.0010750014
385,254,0.00080240704
386,254,0.0003449414
387,254,0.00027506892
388,254,0.00045596063
389,254,0.00089185964
390,254,0.0004662862
391,254,0.00011115614
392,254,0.0006070528
393,254,0.0010738363
394,254,0.00081672985
395,254,0.00069433916
396,254,0.00038173236
397,254,0.00061952043
398,254,0.0002999343
399,254,0.0008013826
400,254,
401,254,
402,254,
403,254,9.663962e-05
404,254,0.00037133135
405,254,0.00013066642
406,254,0.0004930049
407,254,0.001056917
408,254,
409,254,
410,254,0.00039197505
411,254,0.0005374858
412,254,0.00056826416
413,254,0.0006143041
414,254,0.0008394262
415,254,0.0006697122
416,254,0.0008964697
417,254,0.00045744423
418,254,0.00042698998
419,254,0.0004884545
420,254,0.00070301164
421,254,0.0006078826
422,254,0.0005065128
423,254,0.00033009797
424,254,0.00011968706
425,254,0.0009524245
426,254,0.0004533846
427,254,0.0008666748
428,254,0.00017241109
429,254,0.00014899112
430,254,0.0008955179
431,254,0.00013149995
432,254,0.00031573046
433,254,0.0006442759
434,254,0.00048323534
435,254,0.0004907865
436,254,0.00053891167
437,254,0.00027150474
438,254,0.000257588
439,254,0.00014362857
440,254,0.0009404989
441,254,-0.00019600708
442,254,0.00064919796
443,254,0.00024387334
444,254,0.00036913902
445,254,0.00013680756
446,254,0.0009213183
447,254,0.0005773278
448,254,0.0001104027
449,254,0.0004967302
450,254,0.0007569706
451,254,0.0009123655
452,254,0.00021499582
453,254,0.00043762475
454,254,0.00081747025
455,254,0.0004322594
456,254,0.00066630077
457,254,0.00040451437
458,254,0.0006904155
459,254,0.00056107994
460,254,0.00046232436
461,254,0.00057051796
462,254,0.0006456431
463,254,0.0006703893
464,254,0.00087342784
465,254,0.00078103226
466,254,0.00062870793
467,254,0.0012030452
468,254,0.0009697601
469,254,0.0002499586
470,254,0.0005408097
471,254,0.0003539333
472,254,0.00015513226
473,254,0.0001193881
474,254,0.0002700882
475,254,0.00022365339
476,254,0.00048500393
477,254,0.001068254
478,254,
479,254,0.00047653913
480,254,
481,254,0.00055030454
482,254,0.00087399315
483,254,0.00042485073
484,254,0.0003074268
485,254,0.0013356172
486,254,0.00064496323
487,254,0.0010358822
488,254,0.00054694805
489,254,0.00041979365
490,254,0.0011809655
491,254,0.00097563304
492,254,0.0013328008
493,254,0.0005482184
494,254,0.00055496395
0,255,0.00024525076
1,255,0.0010346724
2,255,0.00053803436
3,255,0.0009999508
4,255,0.0011287658
5,255,0.00040330086
6,255,0.00027035177
7,255,0.0005732719
8,255,0.0007575862
9,255,0.0010125935
10,255,0.00088797975
11,255,0.00057723187
12,255,0.00039777812
13,255,0.00012486242
14,255,0.0006150948
15,255,0.00019576494
16,255,0.0005532019
17,255,0.0009576259
18,255,0.00062918104
19,255,0.0002598595
20,255,0.0006241342
21,255,9.382982e-05
22,255,0.00094982795
23,255,0.0010897685
24,255,
25,255,0.0005919095
26,255,0.0007797517
27,255,0.0004289085
28,255,0.0011271434
29,255,0.0009986004
30,255,0.0011158381
31,255,0.0013167523
32,255,0.0013738275
33,255,0.0010678619
34,255,0.00103263
35,255,0.0008937726
36,255,0.000814043
37,255,0.0011019474
38,255,0.0010903142
39,255,0.0007716846
40,255,0.00077929907
41,255,0.0009864233
42,255,0.0008651484
43,255,0.00094661396
44,255,0.0007076133
45,255,0.0014337162
46,255,0.001156427
47,255,0.0007296754
48,255,0.0007927334
49,255,0.0010588486
50,255,0.0008091517
51,255,0.0010674559
52,255,0.0010052193
53,255,0.00060132984
54,255,0.0010618046
55,255,0.00070152804
56,255,
57,255,0.0009550471
58,255,
59,255,
60,255,0.0009639561
61,255,
62,255,0.0008311644
63,255,0.00064190384
64,255,
65,255,0.0011408199
66,255,0.0012933398
67,255,0.0005639605
68,255,0.0009909421
69,255,0.0006432682
70,255,0.0012792721
71,255,0.000896086
72,255,0.000854332
73,255,0.0011852076
74,255,0.0011031376
75,255,0.00078919344
76,255,0.00083206967
77,255,0.0005178731
78,255,2.1740794e-05
79,255,0.00064452924
80,255,0.0011493936
81,255,0.0010674922
82,255,0.0007660715
83,255,8.129608e-05
84,255,0.0005360618
85,255,0.00063747633
86,255,0.00026431214
87,255,0.00064145215
88,255,0.0006503379
89,255,0.00060931966
90,255,0.00044606905
91,255,0.00055902824
92,255,0.0004990455
93,255,0.0005190531
94,255,0.00039189775
95,255,0.0007226663
96,255,0.00090353563
97,255,0.0011255126
98,255,0.0007054927
99,255,0.00068299007
100,255,0.0006197747
101,255,
102,255,
103,255,
104,255,
105,255,
106,255,
107,255,
108,255,
109,255,
110,255,
111,255,
112,255,
113,255,
114,255,
115,255,
116,255,
117,255,
118,255,
119,255,
120,255,
121,255,
122,255,
123,255,
124,255,
125,255,
126,255,
127,255,
128,255,
129,255,0.00052791554
130,255,
131,255,
132,255,
133,255,
134,255,
135,255,
136,255,
137,255,0.00050207414
138,255,
139,255,
140,255,0.0008726055
141,255,-6.1069615e-05
142,255,0.0006504264
143,255,0.0007117288
144,255,0.0007241238
145,255,0.0010080105
146,255,0.000284018
147,255,0.00072856527
148,255,0.00010866299
149,255,0.00031639356
150,255,0.0007891562
151,255,0.00044587627
152,255,0.0005671391
153,255,-4.472211e-05
154,255,0.0005454859
155,255,0.0006248532
156,255,0.0008013481
157,255,0.0008077724
158,255,-0.00022356026
159,255,0.0003670603
160,255,0.00015774369
161,255,0.00077787414
162,255,0.00053329486
163,255,0.0005479157
164,255,4.73354e-05
165,255,0.00062783994
166,255,0.00033981167
167,255,0.0003996333
168,255,0.00024889968
169,255,0.00028811023
170,255,0.00033225399
171,255,0.0006531039
172,255,0.0010578027
173,255,0.00059297495
174,255,0.0007480979
175,255,0.00088976417
176,255,0.0009008646
177,255,0.0011558868
178,255,-9.149127e-05
179,255,0.00044599734
180,255,0.00011547562
181,255,0.0005634744
182,255,0.0007121181
183,255,0.0004171729
184,255,2.8909184e-05
185,255,0.00040536094
186,255,0.000350656
187,255,0.00076922216
188,255,-2.2884458e-05
189,255,0.0008658832
190,255,0.00013503153
191,255,0.00039605238
192,255,0.00027827546
193,255,0.00074138306
194,255,0.0005264301
195,255,0.00070556626
196,255,0.0010360023
197,255,0.00085712783
198,255,0.00021199696
199,255,7.268321e-05
200,255,-5.2272342e-05
201,255,0.00023424998
202,255,0.000713652
203,255,0.0005888585
204,255,0.0008255793
205,255,0.00045767892
206,255,0.00086241215
207,255,0.00064975955
208,255,0.00071346574
209,255,0.0004812926
210,255,0.00051768776
211,255,0.00070360303
212,255,0.00053871237
213,255,5.846843e-06
214,255,0.0006510606
215,255,0.0011552228
216,255,0.00034792256
217,255,-4.07286e-05
218,255,0.000575318
219,255,0.000120790675
220,255,0.0003198972
221,255,0.0005452009
222,255,0.00079654437
223,255,0.0009305049
224,255,0.0010189665
225,255,0.00092368573
226,255,-2.802629e-05
227,255,0.00078581553
228,255,0.00043932628
229,255,0.00085069984
230,255,0.0008349661
231,255,0.0010519074
232,255,0.00044727605
233,255,0.0006482871
234,255,0.00056308694
235,255,0.0005326057
236,255,0.00019884855
237,255,0.0008294247
238,255,0.00056265853
239,255,0.0005770931
240,255,0.0010920865
241,255,0.00047231838
242,255,0.0009636497
243,255,0.00075690076
244,255,0.00073708594
245,255,0.0007685339
246,255,0.0005913526
247,255,0.00034188014
248,255,0.0010686759
249,255,
250,255,0.00031430088
251,255,0.00071033835
252,255,0.00040287245
253,255,0.0007547289
254,255,
255,255,0.0005408842
256,255,0.0008100262
257,255,0.0010844972
258,255,0.0006157644
259,255,0.00064988807
260,255,-0.00012327172
261,255,0.0004912596
262,255,0.00041642413
263,255,0.0008885544
264,255,0.00041278452
265,255,0.0004208833
266,255,
267,255,
268,255,0.0006445404
269,255,0.00031149853
270,255,0.00095802266
271,255,0.0006275084
272,255,0.00078206323
273,255,0.0005706651
274,255,0.00037596095
275,255,0.00015859213
276,255,0.0008200975
277,255,0.0008921977
278,255,-0.00015637837
279,255,0.00042304303
280,255,-8.728355e-05
281,255,0.00037315674
282,255,0.0002957536
283,255,0.00039615575
284,255,0.00048514642
285,255,0.00043556653
286,255,0.0003820937
287,255,0.00064993184
288,255,0.0007743519
289,255,0.0005663652
290,255,0.0008493196
291,255,0.0006183367
292,255,0.0010745265
293,255,0.0003615832
294,255,0.0005622236
295,255,0.00022529531
296,255,0.00041226577
297,255,0.0002705371
298,255,8.5659325e-05
299,255,0.0005807234
300,255,0.00020927191
301,255,0.00042275246
302,255,0.0009716097
303,255,0.00020521786
304,255,0.0003706487
305,255,0.000644953
306,255,0.00050655846
307,255,0.0003592996
308,255,0.000117916614
309,255,0.00065514445
310,255,0.00032065623
311,255,0.00013480708
312,255,0.00031323824
313,255,0.00077219866
314,255,0.00038685277
315,255,0.000771394
316,255,0.00047364272
317,255,0.0007798616
318,255,0.00072871055
319,255,-0.00013366155
320,255,0.0006861063
321,255,5.7639554e-05
322,255,0.00031292532
323,255,0.0007426394
324,255,0.00054214057
325,255,0.00046940893
326,255,0.0004988052
327,255,0.00054578856
328,255,0.00072923116
329,255,0.00045355596
330,255,0.00059926696
331,255,0.0009212326
332,255,0.0008490002
333,255,0.000367824
334,255,0.00033937301
335,255,0.00067668036
336,255,9.183306e-05
337,255,0.000639393
338,255,0.00040494
339,255,0.0003245836
340,255,0.0009541381
341,255,0.00050453003
342,255,0.00059289206
343,255,0.000304183
344,255,0.0007854635
345,255,0.0005658809
346,255,0.00024672225
347,255,0.0006333338
348,255,0.00026342366
349,255,0.00043016672
350,255,0.0010080338
351,255,0.00090887956
352,255,0.0005654264
353,255,0.0001903018
354,255,0.0006103879
355,255,0.0005916273
356,255,0.00077933725
357,255,0.00037496164
358,255,0.00014122948
359,255,0.00059703924
360,255,0.00045156572
361,255,7.92332e-05
362,255,0.0008110823
363,255,4.5952387e-05
364,255,0.0005104644
365,255,0.00083927624
366,255,0.00034454465
367,255,0.0007438157
368,255,0.0004215557
369,255,0.00093937106
370,255,0.00091386586
371,255,0.0009213658
372,255,0.00065766275
373,255,0.00081022736
374,255,0.00062396564
375,255,0.00042224675
376,255,-0.00013069902
377,255,0.00045072846
378,255,0.0005945023
379,255,0.0012350027
380,255,0.00036386028
381,255,0.00061033294
382,255,0.0005300762
383,255,0.00048482418
384,255,0.00053359754
385,255,0.00054265466
386,255,0.000598846
387,255,0.00073683914
388,255,0.0008428078
389,255,0.0007831892
390,255,0.00067903847
391,255,0.000842005
392,255,0.00045616552
393,255,0.00057038385
394,255,0.00050814357
395,255,0.0008778572
396,255,0.0006809905
397,255,0.0007877834
398,255,0.00081892405
399,255,0.00090139546
400,255,
401,255,0.00038331933
402,255,0.00022063497
403,255,0.00034189038
404,255,0.0010546139
405,255,-0.00025462452
406,255,0.0003099842
407,255,0.000772411
408,255,0.0005111918
409,255,
410,255,0.0006779684
411,255,0.00095130876
412,255,0.0004736036
413,255,0.00071566086
414,255,0.00060721487
415,255,0.00038629584
416,255,0.00083159376
417,255,0.00056155305
418,255,0.0010013776
419,255,0.00029366463
420,255,0.0006505102
421,255,0.00058447756
422,255,0.00043542497
423,255,0.0002891682
424,255,0.00083841383
425,255,6.705616e-05
426,255,0.0007192781
427,255,0.00028075278
428,255,0.0007483149
429,255,0.00035858527
430,255,0.00060080737
431,255,0.00023812056
432,255,0.00092280004
433,255,0.0003055716
434,255,0.00023907796
435,255,0.0002275873
436,255,0.00057247654
437,255,-0.0001580352
438,255,0.0005220976
439,255,0.0006516529
440,255,0.00041797105
441,255,0.0006558597
442,255,0.00038429163
443,255,0.0007354338
444,255,0.000956703
445,255,-9.166077e-06
446,255,0.0002836315
447,255,5.4655597e-05
448,255,0.0006370982
449,255,0.0006527491
450,255,0.00090965815
451,255,0.00053237565
452,255,0.00035152026
453,255,0.00032262318
454,255,0.0004859455
455,255,0.00019699242
456,255,0.00073634274
457,255,0.0008079214
458,255,0.00075680204
459,255,0.00084156916
460,255,0.001112137
461,255,0.000468201
462,255,0.00034648273
463,255,0.00018621981
464,255,0.00091042183
465,255,0.0005566655
466,255,0.0002769744
467,255,0.00077499077
468,255,0.00029920973
469,255,0.00029505324
470,255,0.0005432749
471,255,0.0006333962
472,255,0.0006422531
473,255,0.00035921857
474,255,0.00047653727
475,255,0.0004754085
476,255,0.00043731462
477,255,1.2637116e-05
478,255,0.00036997348
479,255,
480,255,0.00061052106
481,255,0.0007330207
482,255,0.0010655951
483,255,0.0007814802
484,255,0.000807547
485,255,0.0009110682
486,255,0.00093433633
487,255,0.0007530274
488,255,0.00067238044
489,255,0.0008775741
490,255,0.0011441186
491,255,0.00089180097
492,255,0.0007083975
493,255,0.0012291055
494,255,0.0011270698
0,256,0.0005709138
1,256,0.0004022913
2,256,-0.00015610084
3,256,0.00068510324
4,256,0.00023749843
5,256,0.0007231934
6,256,0.0007099705
7,256,0.0007271357
8,256,0.0007892633
9,256,0.00041859038
10,256,0.00023492984
11,256,0.0003547687
12,256,0.00023532007
13,256,0.0008954769
14,256,0.0005103331
15,256,0.00024600513
16,256,0.00065840874
17,256,0.0006810995
18,256,0.0011127815
19,256,0.00082344096
20,256,0.00067201257
21,256,0.00052400026
22,256,0.0004660124
23,256,0.0012450833
24,256,
25,256,0.0003746776
26,256,-7.7717006e-05
27,256,0.0007395297
28,256,0.0011605332
29,256,0.0011886163
30,256,0.0012806328
31,256,0.0012095533
32,256,0.0010465225
33,256,0.001112625
34,256,0.0011184523
35,256,0.0009386623
36,256,0.0012086723
37,256,0.0007470781
38,256,0.001118578
39,256,0.001326127
40,256,0.0010208245
41,256,0.00052232295
42,256,0.0006363047
43,256,0.0006270306
44,256,0.0006805528
45,256,0.00088382885
46,256,0.0012381077
47,256,0.0008481713
48,256,0.0010097949
49,256,0.001132641
50,256,0.0005369764
51,256,0.00050954055
52,256,0.0009147534
53,256,0.0005393028
54,256,0.0010505579
55,256,0.0014328817
56,256,0.0014449079
57,256,
58,256,
59,256,0.00074373465
60,256,0.0009770654
61,256,
62,256,0.0012307055
63,256,0.00088704936
64,256,0.001189678
65,256,0.0008959826
66,256,
67,256,0.0012697773
68,256,0.0010869112
69,256,0.00093607325
70,256,0.0011788318
71,256,0.00093254633
72,256,0.00088673737
73,256,0.0013206229
74,256,0.001260736
75,256,0.000773794
76,256,0.0005022576
77,256,0.0005088905
78,256,0.00029116776
79,256,0.00090942904
80,256,0.00041504018
81,256,0.00019414164
82,256,0.00041202456
83,256,0.00054371543
84,256,0.000574043
85,256,0.00038226787
86,256,0.0005643638
87,256,0.0003049262
88,256,0.0002596276
89,256,0.00094356947
90,256,0.00021416601
91,256,0.0007765498
92,256,0.0009240499
93,256,0.00046333764
94,256,0.00032420363
95,256,0.0001865495
96,256,0.00055249035
97,256,0.00064489525
98,256,0.00039617997
99,256,0.0009881472
100,256,
101,256,
102,256,
103,256,
104,256,
105,256,
106,256,
107,256,
108,256,0.0004770169
109,256,
110,256,
111,256,
112,256,
113,256,
114,256,
115,256,
116,256,
117,256,
118,256,
119,256,
120,256,
121,256,
122,256,
123,256,
124,256,
125,256,
126,256,
127,256,
128,256,
129,256,
130,256,
131,256,
132,256,0.0005647363
133,256,
134,256,
135,256,
136,256,
137,256,
138,256,
139,256,0.00057881884
140,256,0.00042227376
141,256,0.00029940717
142,256,0.0006549824
143,256,0.0009043515
144,256,0.00058490597
145,256,0.0006994307
146,256,5.5789948e-05
147,256,0.00043886155
148,256,0.00013295468
149,256,0.0009946954
150,256,0.00035196077
151,256,0.0007537622
152,256,0.0005860198
153,256,0.00045102835
154,256,0.001059792
155,256,0.00022938289
156,256,0.0004416965
157,256,0.00020528864
158,256,0.0004051933
159,256,0.0005062027
160,256,0.0006217938
161,256,0.00014414731
162,256,0.00038264878
163,256,0.0004912559
164,256,0.00068331975
165,256,0.00049989857
166,256,0.00073359534
167,256,0.00044376403
168,256,0.00056532305
169,256,-6.836094e-05
170,256,0.00047471002
171,256,0.0006078277
172,256,0.00061846804
173,256,0.0006020665
174,256,0.00052657817
175,256,0.0005282378
176,256,0.0007365318
177,256,-0.00013705995
178,256,0.00037652627
179,256,7.212814e-05
180,256,0.0008095056
181,256,0.00072888844
182,256,0.00051223673
183,256,0.00085018296
184,256,0.0006441269
185,256,0.00045024976
186,256,0.00040579773
187,256,0.00015507452
188,256,0.0006659813
189,256,4.759431e-05
190,256,0.0006850194
191,256,0.0005154526
192,256,0.00057189167
193,256,0.0005342262
194,256,0.0011926284
195,256,0.00085684005
196,256,0.00066241715
197,256,0.00048089027
198,256,0.00088460185
199,256,6.3478015e-05
200,256,-1.1857599e-05
201,256,0.0003912691
202,256,-3.8254075e-05
203,256,0.00076249987
204,256,0.0005304534
205,256,0.00047355052
206,256,0.000792074
207,256,0.00089367665
208,256,0.00014828611
209,256,0.00041992124
210,256,0.0010051616
211,256,0.000616136
212,256,0.0009267125
213,256,0.00032579526
214,256,0.00067654625
215,256,0.00019414723
216,256,0.0005378444
217,256,0.00064744335
218,256,0.0007447116
219,256,0.0010643136
220,256,0.0003890982
221,256,0.0006792508
222,256,0.00044445414
223,256,0.0005224198
224,256,0.0008192491
225,256,0.00053747
226,256,0.0005894415
227,256,5.6850724e-05
228,256,0.00093364343
229,256,0.001032481
230,256,0.0005479166
231,256,0.00057275407
232,256,0.00078831613
233,256,0.0007679416
234,256,0.0014270283
235,256,0.00051467307
236,256,0.0011832304
237,256,0.00048583746
238,256,0.00112761
239,256,0.000720622
240,256,0.0013826285
241,256,0.00120686
242,256,0.0010006651
243,256,0.00087913685
244,256,0.0006769411
245,256,0.0004985947
246,256,0.00046737306
247,256,0.0007740343
248,256,0.000861045
249,256,0.00091346726
250,256,0.00041950773
251,256,0.0010048747
252,256,0.0001442628
253,256,0.0005159471
254,256,-7.409323e-05
255,256,0.00039844867
256,256,8.516479e-05
257,256,0.00049110595
258,256,0.00061730575
259,256,0.00034121238
260,256,0.00059225876
261,256,0.00031287875
262,256,-3.1481497e-05
263,256,-0.00022454839
264,256,-0.0001407424
265,256,7.255655e-05
266,256,
267,256,-7.181894e-05
268,256,0.00079365633
269,256,0.000111037865
270,256,0.0009795129
271,256,0.000100877136
272,256,1.2304634e-05
273,256,0.00023109
274,256,0.00041270535
275,256,-0.00016906671
276,256,6.203167e-05
277,256,0.00056300964
278,256,0.00031134952
279,256,0.00046514906
280,256,0.0003521731
281,256,0.00042956695
282,256,0.0003942214
283,256,0.0007710848
284,256,6.997399e-05
285,256,0.00074451417
286,256,0.00069687515
287,256,0.00056793634
288,256,0.0003451761
289,256,0.00063040946
290,256,0.00046870857
291,256,0.00034022424
292,256,0.00058896095
293,256,0.0002190508
294,256,0.0007172581
295,256,-6.3815154e-05
296,256,0.0006553279
297,256,0.0005475646
298,256,0.00072232354
299,256,0.00052762125
300,256,0.00036105234
301,256,0.0008418299
302,256,0.0009441767
303,256,0.0007378673
304,256,0.00039448962
305,256,0.00069886725
306,256,0.00090460386
307,256,0.00051518716
308,256,0.0011132658
309,256,0.0009483937
310,256,0.0006561382
311,256,0.000713123
312,256,0.00039964076
313,256,0.00012828689
314,256,0.0009869384
315,256,0.00059007294
316,256,0.0004948657
317,256,0.00026778132
318,256,0.00035184063
319,256,0.0001020683
320,256,0.00031086244
321,256,0.00040650275
322,256,0.0007145498
323,256,0.001208337
324,256,0.0005043559
325,256,0.00026311073
326,256,0.000452796
327,256,0.0007289089
328,256,0.0006159665
329,256,0.00086958334
330,256,0.0009900946
331,256,0.000686951
332,256,0.0010583205
333,256,0.00093435124
334,256,0.0004716497
335,256,0.00013487134
336,256,0.00053028483
337,256,0.00050499756
338,256,0.00046348106
339,256,0.00015970971
340,256,0.000460078
341,256,0.00035839994
342,256,0.0004609283
343,256,0.0011669137
344,256,0.00071905926
345,256,0.0009849053
346,256,0.0009157136
347,256,0.00046220422
348,256,0.0008613821
349,256,0.0005789064
350,256,0.0008104481
351,256,0.00016164221
352,256,0.00088738836
353,256,0.0006604511
354,256,0.00079538673
355,256,0.0008371705
356,256,0.0008965861
357,256,0.00047865603
358,256,0.0007678969
359,256,0.00088979676
360,256,0.00062477123
361,256,0.00039208028
362,256,0.0008866098
363,256,0.0006211074
364,256,0.00047438405
365,256,8.0447644e-05
366,256,0.00030605495
367,256,0.00026848447
368,256,0.0007193638
369,256,0.00065477565
370,256,0.00038971752
371,256,0.00043828133
372,256,0.00047332887
373,256,0.0005803481
374,256,0.00062630326
375,256,0.0008744057
376,256,0.00026460178
377,256,0.0003127996
378,256,0.0011735484
379,256,0.0003553275
380,256,0.0006977031
381,256,0.00086838007
382,256,0.0003884174
383,256,0.0011156639
384,256,0.0005976204
385,256,0.0007473277
386,256,0.0008678222
387,256,0.0006509563
388,256,0.0011356417
389,256,0.00042025093
390,256,0.00048406608
391,256,0.00048736203
392,256,0.0008240035
393,256,0.00046546105
394,256,0.0012296904
395,256,0.0009285845
396,256,0.0006782925
397,256,0.00047054514
398,256,0.000574179
399,256,0.00033513084
400,256,0.0006348733
401,256,0.00050758664
402,256,0.00019590184
403,256,0.0006788997
404,256,0.0006647594
405,256,0.0009088833
406,256,0.00049887877
407,256,0.00079858955
408,256,4.534051e-05
409,256,0.0011983151
410,256,0.00091443025
411,256,0.00053054653
412,256,0.000651381
413,256,-1.5006401e-05
414,256,0.00041646883
415,256,0.0008788286
416,256,0.00028363243
417,256,0.0007292228
418,256,0.0006986996
419,256,0.000614929
420,256,0.00036017876
421,256,0.0009288369
422,256,0.00041230582
423,256,0.000386809
424,256,0.0006783288
425,256,0.0002360912
426,256,0.0006494317
427,256,0.00013946835
428,256,0.00015673414
429,256,-4.004687e-07
430,256,0.00073305983
431,256,0.00010656472
432,256,0.00067488104
433,256,0.00017223507
434,256,0.000358616
435,256,0.00022455119
436,256,0.00019296072
437,256,0.00012396742
438,256,0.00069442205
439,256,-3.3542514e-05
440,256,-4.8730522e-05
441,256,0.0006269971
442,256,0.00037106406
443,256,0.0006704293
444,256,0.000563954
445,256,0.00028418843
446,256,0.0003253743
447,256,0.00055249967
448,256,0.00027337577
449,256,0.0005177064
450,256,0.0006625168
451,256,0.0008625034
452,256,0.00028033275
453,256,0.0005243933
454,256,0.0011874614
455,256,0.0007986929
456,256,0.00027578976
457,256,0.0005993452
458,256,0.00034192018
459,256,0.0008783573
460,256,0.00027440395
461,256,0.00088215806
462,256,0.0006119022
463,256,0.0005386993
464,256,0.0010157526
465,256,0.00048397295
466,256,0.00043511018
467,256,0.00036657974
468,256,1.17868185e-05
469,256,0.000478738
470,256,0.00024155527
471,256,-5.1655807e-05
472,256,0.00026877224
473,256,0.00029151235
474,256,0.00015901402
475,256,0.00036881305
476,256,0.0012016892
477,256,0.00068920106
478,256,
479,256,
480,256,
481,256,0.0013501449
482,256,0.00016004965
483,256,0.0012655482
484,256,0.0011358913
485,256,0.0010830788
486,256,0.0013790587
487,256,0.001156141
488,256,0.00079787243
489,256,0.0010068426
490,256,0.0009154938
491,256,0.00030873623
492,256,0.00081379805
493,256,0.0008973293
494,256,0.00095385965
0,257,0.00081663113
1,257,0.0013642022
2,257,0.0004959982
3,257,-0.0003075106
4,257,0.00061471015
5,257,-0.00011696201
6,257,0.00020440482
7,257,-7.032789e-05
8,257,0.00013721641
9,257,0.0004440276
10,257,0.00029287208
11,257,0.00016526133
12,257,0.00010421686
13,257,0.00093648117
14,257,0.0003929902
15,257,0.0007420154
16,257,0.0006614849
17,257,9.959098e-05
18,257,0.0003322279
19,257,0.00035596918
20,257,0.00045874715
21,257,0.0005389126
22,257,0.00077855494
23,257,5.3464435e-05
24,257,0.00053767953
25,257,0.00026822463
26,257,0.00048740953
27,257,0.0004290305
28,257,0.0010429155
29,257,0.0009355005
30,257,0.0011453116
31,257,0.001119907
32,257,0.001244151
33,257,0.0011267066
34,257,0.001296713
35,257,0.0010120701
36,257,0.0013161423
37,257,0.0010264013
38,257,0.0009292234
39,257,0.0009541474
40,257,0.0012470977
41,257,0.00085406564
42,257,0.0007547159
43,257,0.00047441386
44,257,0.00093524624
45,257,0.0009641964
46,257,0.0008874228
47,257,0.000916685
48,257,0.0009950036
49,257,0.00064865313
50,257,0.00044266228
51,257,0.00041188113
52,257,0.00089489855
53,257,0.0008063875
54,257,0.0005368078
55,257,0.0007979963
56,257,
57,257,0.0012269272
58,257,
59,257,
60,257,0.001246931
61,257,0.0004650671
62,257,0.0006479118
63,257,0.000863336
64,257,0.0006501125
65,257,0.0007411614
66,257,0.001004152
67,257,0.0008486258
68,257,0.0013361378
69,257,0.0010203179
70,257,0.0009587901
71,257,0.0011011641
72,257,0.0010451563
73,257,0.0009330064
74,257,0.00075101387
75,257,0.0011113854
76,257,0.00056885276
77,257,0.0007275678
78,257,0.00052491203
79,257,0.0006993152
80,257,1.9943342e-05
81,257,0.00084652286
82,257,0.00025997963
83,257,0.0008842526
84,257,0.000924943
85,257,0.0004381463
86,257,0.000329935
87,257,0.00034896098
88,257,0.0011200076
89,257,0.00052339584
90,257,0.0005797567
91,257,0.0007728003
92,257,0.0003225254
93,257,0.00021613296
94,257,0.00042826217
95,257,0.0005123848
96,257,0.0005084472
97,257,0.0008289004
98,257,0.0005669724
99,257,0.00022016652
100,257,
101,257,
102,257,
103,257,
104,257,
105,257,
106,257,
107,257,
108,257,
109,257,
110,257,
111,257,
112,257,
113,257,
114,257,
115,257,
116,257,
117,257,
118,257,
119,257,
120,257,
121,257,
122,257,
123,257,
124,257,
125,257,
126,257,
127,257,0.00077123754
128,257,0.00014928356
129,257,0.0009652553
130,257,
131,257,
132,257,
133,257,
134,257,
135,257,
136,257,
137,257,0.00034192577
138,257,
139,257,
140,257,0.00074586645
141,257,0.00023149513
142,257,0.00077350717
143,257,0.00096215215
144,257,0.00025099237
145,257,0.0007672319
146,257,-3.4227967e-05
147,257,0.00088423863
148,257,0.00061252527
149,257,-0.00011246465
150,257,0.0004320452
151,257,0.00020411983
152,257,0.00073657
153,257,-2.9903837e-05
154,257,0.0002990691
155,257,0.0012626434
156,257,0.0007967297
157,257,-6.612018e-05
158,257,0.0004951693
159,257,0.00039277785
160,257,5.9036538e-05
161,257,0.000795776
162,257,0.0004003141
163,257,0.0010881852
164,257,4.7817826e-05
165,257,4.0061772e-05
166,257,0.00031123962
167,257,0.00058606826
168,257,0.000499418
169,257,0.00033561513
170,257,0.0006845547
171,257,-3.3718534e-05
172,257,0.0009994581
173,257,0.0008170465
174,257,0.00024264771
175,257,0.0003678929
176,257,-0.00012436509
177,257,0.00030455645
178,257,0.00080364104
179,257,0.0006010849
180,257,0.0005015582
181,257,0.00076732226
182,257,0.00092372485
183,257,0.00092752185
184,257,0.00072925445
185,257,0.0005917726
186,257,0.0005670758
187,257,0.00082368776
188,257,0.0007696571
189,257,0.00080788415
190,257,0.0008381782
191,257,0.00067904685
192,257,0.00031044055
193,257,0.00057723373
194,257,0.000716405
195,257,0.00082281325
196,257,0.0008969577
197,257,0.0007065674
198,257,0.0009219209
199,257,0.00015293248
200,257,0.00041580573
201,257,0.0001523029
202,257,0.0006128084
203,257,7.385295e-05
204,257,0.00017775316
205,257,0.00042273104
206,257,0.0010114368
207,257,0.00042483024
208,257,0.00040236767
209,257,0.0007595159
210,257,0.00087595824
211,257,-1.5707687e-05
212,257,0.0007131733
213,257,0.0008467324
214,257,0.00038633123
215,257,0.0004714653
216,257,0.00034453254
217,257,0.0007853098
218,257,0.0008543283
219,257,0.00070320163
220,257,0.00036631152
221,257,0.00030575413
222,257,0.0007721875
223,257,0.0006090058
224,257,0.0005641831
225,257,0.0010984577
226,257,0.00025810767
227,257,0.00054954924
228,257,0.00092108827
229,257,0.0011240309
230,257,0.0007879967
231,257,0.0006143451
232,257,0.0008010706
233,257,0.0008021798
234,257,0.00012457743
235,257,0.0008344799
236,257,0.00065003335
237,257,0.0005999226
238,257,0.0007972885
239,257,0.0009348551
240,257,0.0004896298
241,257,0.00073896535
242,257,0.00058609433
243,257,0.00057781395
244,257,0.00057585724
245,257,0.0009278115
246,257,0.00097344536
247,257,0.0006825663
248,257,0.0006678179
249,257,0.0011552116
250,257,0.00016842037
251,257,0.00035711564
252,257,0.00030918885
253,257,0.00063773245
254,257,0.0005866345
255,257,0.0007858984
256,257,0.0010491293
257,257,0.00074895844
258,257,0.0006795991
259,257,0.00083437655
260,257,-0.00029492658
261,257,-6.6887587e-06
262,257,-7.726066e-05
263,257,0.000836825
264,257,0.0001706928
265,257,-0.00024284516
266,257,0.0005661389
267,257,
268,257,0.00043517072
269,257,0.00062948186
270,257,0.0007387912
271,257,6.034132e-05
272,257,0.00064622425
273,257,4.528463e-05
274,257,-0.00048769638
275,257,-0.00018169638
276,257,0.0003442606
277,257,7.774308e-05
278,257,0.0002100505
279,257,0.00049806666
280,257,0.0012303824
281,257,-0.0001880331
282,257,-2.7501956e-05
283,257,0.00057829916
284,257,0.00012899004
285,257,0.00050703157
286,257,0.0007323921
287,257,0.00047548767
288,257,0.00033589825
289,257,0.0007489091
290,257,0.0002469439
291,257,0.00037764292
292,257,0.000753494
293,257,0.0009289896
294,257,0.0004719207
295,257,0.00065684505
296,257,0.00017318316
297,257,0.00018877443
298,257,0.00019146409
299,257,0.00032973662
300,257,0.00067275856
301,257,7.59596e-05
302,257,0.00033047423
303,257,0.0006071972
304,257,0.00059719663
305,257,0.0010146303
306,257,0.0008799955
307,257,0.00021197367
308,257,0.0004345514
309,257,0.0010544555
310,257,0.00063268933
311,257,0.0003676312
312,257,0.00065229926
313,257,0.00054247584
314,257,-8.106977e-05
315,257,0.0008797096
316,257,0.0007885238
317,257,0.00045758672
318,257,7.405132e-05
319,257,6.0711056e-05
320,257,0.000105439685
321,257,0.00044764206
322,257,0.00040347874
323,257,0.00060743745
324,257,9.903498e-05
325,257,0.00025107525
326,257,0.00016457774
327,257,0.0010075225
328,257,0.00043787435
329,257,0.00030986965
330,257,0.00023869053
331,257,0.00076249987
332,257,0.0010017594
333,257,0.0010181265
334,257,0.00073181745
335,257,0.000594995
336,257,0.00055289175
337,257,0.00052531343
338,257,0.00049238093
339,257,0.0004856577
340,257,0.00037412718
341,257,0.0005896585
342,257,0.00078163296
343,257,0.0002624225
344,257,0.00067657046
345,257,0.0008143261
346,257,0.00076679606
347,257,0.0011413423
348,257,0.0005440526
349,257,0.00062714703
350,257,0.0006500939
351,257,0.000457854
352,257,0.0007367404
353,257,0.0007772939
354,257,0.0005271826
355,257,0.00036647916
356,257,0.0004503969
357,257,0.00028832816
358,257,1.6985461e-05
359,257,0.00041726325
360,257,0.00074786134
361,257,0.00059764646
362,257,0.0006149849
363,257,0.0007082904
364,257,0.00081456825
365,257,0.00013358798
366,257,0.00064414553
367,257,0.0004798267
368,257,0.0006647324
369,257,0.00015510432
370,257,0.00032018777
371,257,-6.4428896e-05
372,257,0.0006178636
373,257,0.0009909132
374,257,0.0006688852
375,257,0.0010111751
376,257,0.00068002753
377,257,0.00063073076
378,257,0.00062821805
379,257,0.00090077147
380,257,0.0006190706
381,257,0.00094553735
382,257,0.0006434778
383,257,0.00091220904
384,257,0.00085728616
385,257,0.0006684661
386,257,0.00027316716
387,257,0.00083825085
388,257,0.00071556587
389,257,0.00045492034
390,257,0.00051982515
391,257,0.00087088905
392,257,0.00088763796
393,257,0.0008383775
394,257,0.0010382654
395,257,0.00083839707
396,257,0.0006809002
397,257,0.00089646876
398,257,0.000995894
399,257,0.00088034384
400,257,-4.1705556e-05
401,257,0.000368963
402,257,0.00079732295
403,257,0.0006893361
404,257,0.00045751221
405,257,0.0006224215
406,257,0.00053056236
407,257,0.000108044595
408,257,0.0007513948
409,257,5.1695853e-05
410,257,0.0006410554
411,257,0.00065711886
412,257,0.0009566974
413,257,0.0005266983
414,257,0.0006156089
415,257,0.00068082847
416,257,0.00079513993
417,257,0.00065172
418,257,0.00054685306
419,257,0.0005629249
420,257,-2.5222078e-05
421,257,0.00052572973
422,257,0.00035839435
423,257,0.0008330457
424,257,0.0007891664
425,257,0.0009439094
426,257,0.0005679671
427,257,0.0007899143
428,257,0.00030493084
429,257,0.00022605248
430,257,0.00062252115
431,257,0.0001984518
432,257,0.00093310326
433,257,0.00033821072
434,257,0.00068973564
435,257,0.0007444015
436,257,0.0004661372
437,257,0.00040448084
438,257,0.00063713826
439,257,-0.00016970374
440,257,0.0009764461
441,257,0.0006420305
442,257,0.00067509525
443,257,0.0007307846
444,257,0.0008980762
445,257,0.00021289848
446,257,0.00046714023
447,257,0.00056853704
448,257,0.00035877526
449,257,0.000101171434
450,257,0.0008171387
451,257,0.0006152373
452,257,0.00047165342
453,257,0.00058141164
454,257,0.0008859914
455,257,0.0004180018
456,257,0.00055446755
457,257,0.0005629603
458,257,0.00041814614
459,257,0.00069925096
460,257,0.00066096615
461,257,0.00063322764
462,257,0.00057534967
463,257,8.8215806e-05
464,257,0.000814748
465,257,0.0006769495
466,257,0.00066896435
467,257,0.000507975
468,257,0.00089973863
469,257,0.00059827045
470,257,0.00017995387
471,257,0.0006900439
472,257,0.0003943611
473,257,0.0010158662
474,257,0.00031138398
475,257,0.00084591005
476,257,0.0007650703
477,257,0.00028289296
478,257,
479,257,0.0005581118
480,257,0.0009451825
481,257,0.00047824997
482,257,0.0006134985
483,257,0.0017679688
484,257,0.0013028802
485,257,0.00095797237
486,257,0.00095335115
487,257,0.0010104403
488,257,0.0012202924
489,257,0.00041951053
490,257,0.0008744765
491,257,0.0009992216
492,257,0.0004614042
493,257,0.00087603834
494,257,0.0010742741
0,258,0.001005468
1,258,0.0009379992
2,258,0.00066691637
3,258,0.00048641022
4,258,0.00075757224
5,258,0.00071480684
6,258,0.0007282039
7,258,0.00017167255
8,258,0.00040808413
9,258,0.00048132893
10,258,0.00022687763
11,258,0.0003088694
12,258,0.00023039337
13,258,0.00077045243
14,258,0.0004913816
15,258,0.0004719086
16,258,0.00094445795
17,258,0.00091336295
18,258,-0.00017641671
19,258,0.0008823015
20,258,0.0008473648
21,258,0.00083105545
22,258,0.00027663633
23,258,0.0005612066
24,258,0.00072021224
25,258,0.0005515916
26,258,0.0009548515
27,258,0.0009238906
28,258,0.0011553233
29,258,0.0011780718
30,258,0.0011272067
31,258,0.00085690804
32,258,0.0011534346
33,258,0.0010433383
34,258,0.0013971524
35,258,0.00093814917
36,258,0.0012828708
37,258,0.00096989237
38,258,0.00093967374
39,258,0.0009310087
40,258,0.0008322783
41,258,0.00091688056
42,258,0.0010913983
43,258,0.0012065861
44,258,0.000762118
45,258,0.0005179383
46,258,
47,258,0.00018072221
48,258,0.0007013781
49,258,0.0007005157
50,258,0.0012238091
51,258,0.0009589847
52,258,0.0006131884
53,258,0.0011219997
54,258,
55,258,0.0011988115
56,258,
57,258,
58,258,
59,258,
60,258,
61,258,0.0011434695
62,258,0.001113398
63,258,0.0009999219
64,258,0.0009356616
65,258,0.00053987
66,258,
67,258,0.0008526761
68,258,0.0009551607
69,258,0.00069621764
70,258,0.0007641157
71,258,0.00088965334
72,258,0.0011442918
73,258,0.00039443467
74,258,0.0011496693
75,258,0.0008597756
76,258,0.0006723115
77,258,0.00015452504
78,258,0.0006103683
79,258,0.0006572064
80,258,0.00075357594
81,258,0.0003831163
82,258,0.00046656467
83,258,0.00070641935
84,258,0.0004716143
85,258,0.00018560234
86,258,0.0007211771
87,258,0.000804591
88,258,0.0005806647
89,258,0.00024660304
90,258,0.00095027685
91,258,0.00048485678
92,258,0.000868205
93,258,0.00045663118
94,258,0.00045695156
95,258,0.000815263
96,258,0.0009038532
97,258,0.0013788408
98,258,0.0007775193
99,258,
100,258,
101,258,
102,258,
103,258,
104,258,
105,258,
106,258,
107,258,
108,258,
109,258,
110,258,
111,258,
112,258,
113,258,
114,258,
115,258,
116,258,
117,258,
118,258,
119,258,
120,258,
121,258,
122,258,
123,258,
124,258,
125,258,
126,258,
127,258,
128,258,4.214514e-05
129,258,0.0005898932
130,258,0.00022422709
131,258,
132,258,
133,258,
134,258,
135,258,
136,258,0.00022531394
137,258,
138,258,
139,258,
140,258,0.0007163733
141,258,0.00038681924
142,258,0.00045620184
143,258,0.0009923717
144,258,0.0006428063
145,258,0.00061555486
146,258,0.00052778795
147,258,0.0005601747
148,258,0.0003307946
149,258,0.0009390563
150,258,0.00078559946
151,258,0.0008023847
152,258,6.127637e-05
153,258,0.00027311128
154,258,0.000820213
155,258,0.00014604256
156,258,0.0007370543
157,258,-1.3145618e-05
158,258,0.000733342
159,258,0.00065285247
160,258,0.0011068694
161,258,0.0002361089
162,258,-7.103197e-05
163,258,0.00055249874
164,258,0.0010573808
165,258,0.0002561342
166,258,-0.00015400536
167,258,0.00071029086
168,258,0.0003872132
169,258,-8.117873e-05
170,258,0.00049724523
171,258,0.00019038562
172,258,0.0003563594
173,258,0.00033997092
174,258,0.0002364926
175,258,0.00014181994
176,258,0.0009706095
177,258,0.0008374965
178,258,0.00010372233
179,258,0.0007665949
180,258,0.0003534602
181,258,0.0010300074
182,258,0.00069447793
183,258,0.0008763755
184,258,0.00024956092
185,258,0.00030166376
186,258,0.00031413604
187,258,0.0005037617
188,258,0.00050316285
189,258,0.00034445617
190,258,0.00021556113
191,258,0.00035359617
192,258,0.0006057443
193,258,0.00079968106
194,258,0.00044762623
195,258,0.00054967776
196,258,0.0007749228
197,258,0.00019230228
198,258,0.00062227715
199,258,0.00016704202
200,258,0.00057343114
201,258,0.00044700876
202,258,0.0010990147
203,258,0.0008199662
204,258,0.0003774641
205,258,0.0009043366
206,258,0.00030501
207,258,0.000286635
208,258,0.0005227197
209,258,0.0007268293
210,258,0.00080258027
211,258,0.00086685736
212,258,0.0008529946
213,258,-1.6995706e-05
214,258,0.0008726083
215,258,-9.0193e-05
216,258,0.00027802587
217,258,0.0006313324
218,258,0.00086126477
219,258,0.00022055767
220,258,0.00030558743
221,258,0.00082576554
222,258,0.0011154246
223,258,0.0006380249
224,258,0.00093340315
225,258,0.00046154764
226,258,0.00069280714
227,258,0.0006721411
228,258,0.0004985342
229,258,0.0006025471
230,258,0.00070185214
231,258,0.0006811293
232,258,0.000905809
233,258,0.00033802912
234,258,0.00025848486
235,258,0.000640722
236,258,0.0005902741
237,258,0.0008972436
238,258,0.00034251716
239,258,0.0006035995
240,258,0.0010094363
241,258,0.0009643594
242,258,0.00086661335
243,258,0.0008789161
244,258,0.0005936716
245,258,0.0010548104
246,258,0.000259066
247,258,0.00031157583
248,258,0.00070782565
249,258,0.0006712219
250,258,0.00071173534
251,258,0.00038775988
252,258,0.0003243573
253,258,0.00024517812
254,258,0.0009751059
255,258,0.00036562886
256,258,0.0005669296
257,258,0.00069938134
258,258,0.00030961167
259,258,0.0007668566
260,258,0.0009312155
261,258,0.0011203429
262,258,0.00024129543
263,258,6.543659e-05
264,258,0.00078311935
265,258,0.00024833158
266,258,-0.00012257509
267,258,0.00056880526
268,258,0.00035624765
269,258,0.00052737724
270,258,0.00035051722
271,258,0.00014939252
272,258,0.0005410658
273,258,-0.0002639098
274,258,-0.00043923222
275,258,0.00044462644
276,258,0.0008478062
277,258,0.00049650576
278,258,0.00040074252
279,258,1.211185e-05
280,258,0.0006349394
281,258,0.00072564837
282,258,0.00015264284
283,258,0.00020478293
284,258,0.00053462945
285,258,0.00013016164
286,258,0.00026728213
287,258,0.00042437762
288,258,0.00032756384
289,258,0.00060313754
290,258,0.00077365246
291,258,0.0006956458
292,258,0.00015749037
293,258,0.00044120755
294,258,0.0007699849
295,258,0.00029342435
296,258,0.0005953247
297,258,0.00041414239
298,258,-3.783591e-05
299,258,0.0008974308
300,258,0.00040661916
301,258,0.0006326288
302,258,0.0009154035
303,258,0.000566598
304,258,0.000439208
305,258,0.00040947367
306,258,0.00038478803
307,258,0.00026821345
308,258,0.0001488654
309,258,0.0006275121
310,258,0.00054746773
311,258,0.00033567753
312,258,0.00033497903
313,258,0.00043628644
314,258,0.0005686516
315,258,0.0003493242
316,258,0.00031415373
317,258,0.0005745087
318,258,0.00019945763
319,258,0.00036755018
320,258,0.0005968716
321,258,0.0007228907
322,258,0.0009747725
323,258,0.00044429954
324,258,0.00049349666
325,258,0.00035061967
326,258,0.00070258044
327,258,0.0001443401
328,258,0.0006857561
329,258,0.0007708883
330,258,0.00038812775
331,258,0.00069211423
332,258,0.0004242668
333,258,0.000843009
334,258,0.00034285057
335,258,0.0006804904
336,258,0.00049916096
337,258,0.00043551903
338,258,0.0010821875
339,258,0.0007319255
340,258,0.0008474756
341,258,0.000889278
342,258,0.0006377697
343,258,0.0003051581
344,258,0.0004039677
345,258,0.00032816175
346,258,0.0012202216
347,258,0.0009688344
348,258,0.00069793593
349,258,0.00043852907
350,258,0.0008516079
351,258,0.0005878452
352,258,0.00030490477
353,258,0.000685527
354,258,0.00045587495
355,258,0.0007807445
356,258,0.0006491989
357,258,0.00036553107
358,258,0.0005517537
359,258,0.0010508765
360,258,0.0010690419
361,258,0.00076503307
362,258,0.00027320348
363,258,0.0007849876
364,258,0.0009389892
365,258,0.00052857585
366,258,-0.0001314003
367,258,0.00040633418
368,258,0.00084818713
369,258,0.00064361095
370,258,0.0006877668
371,258,0.00049121026
372,258,0.00057060644
373,258,0.0006342083
374,258,0.00040351786
375,258,0.0006373394
376,258,0.0011555385
377,258,0.00029004272
378,258,0.0011666091
379,258,8.460041e-05
380,258,0.0007742215
381,258,0.00043919217
382,258,0.0006129453
383,258,0.00065482594
384,258,0.00040395465
385,258,0.00083455537
386,258,0.0007060999
387,258,0.0005363915
388,258,0.00086743664
389,258,0.0013845451
390,258,0.0007186234
391,258,0.0004042508
392,258,0.0006246967
393,258,0.00063327514
394,258,0.00069931056
395,258,0.00052397884
396,258,0.00060659554
397,258,0.0005249642
398,258,0.00042774435
399,258,0.00034128223
400,258,0.0005074721
401,258,0.00070939027
402,258,0.00076077227
403,258,0.00032467674
404,258,0.00066256523
405,258,0.00066032633
406,258,0.0002109306
407,258,0.00090319663
408,258,0.00012754463
409,258,0.0004915213
410,258,0.00082639046
411,258,0.00038850773
412,258,0.0008355472
413,258,0.00037894677
414,258,0.00026547816
415,258,0.00042501558
416,258,0.00051193405
417,258,0.00078818854
418,258,0.00036314875
419,258,0.00046861824
420,258,0.00045506284
421,258,0.0004699733
422,258,0.00047713798
423,258,0.00024761446
424,258,0.00090847537
425,258,0.0005842196
426,258,0.00042509288
427,258,0.00022054557
428,258,-0.00012034364
429,258,0.00031294953
430,258,0.0007425137
431,258,0.0004595751
432,258,0.0005489234
433,258,0.00015253853
434,258,0.00024907012
435,258,0.00058429595
436,258,0.0006894786
437,258,0.00058140606
438,258,0.00042900816
439,258,0.0004391605
440,258,7.015839e-05
441,258,0.00054851733
442,258,0.00026565418
443,258,0.0008690981
444,258,0.0005774116
445,258,0.0006030388
446,258,6.9076195e-05
447,258,-0.00029767584
448,258,0.00086032506
449,258,0.00032547303
450,258,0.0007341644
451,258,5.9274025e-05
452,258,0.0005372809
453,258,0.00043335743
454,258,0.0009478666
455,258,-0.00012594555
456,258,5.736295e-05
457,258,0.00036434736
458,258,0.000742252
459,258,0.00073738303
460,258,0.00079073943
461,258,0.00077122357
462,258,0.0010146201
463,258,0.000120536424
464,258,0.00041302945
465,258,0.0005994104
466,258,0.00042035058
467,258,0.00047374517
468,258,0.00048679672
469,258,0.00036881212
470,258,0.00034880266
471,258,0.0007547904
472,258,0.000783639
473,258,0.000737451
474,258,0.00042293407
475,258,0.0005449271
476,258,0.0010404969
477,258,0.0006775763
478,258,0.00014192518
479,258,0.00055722054
480,258,0.00033479836
481,258,0.0007954445
482,258,0.00023713522
483,258,0.0003854744
484,258,0.0015554633
485,258,0.0012195539
486,258,0.0006195437
487,258,0.000850779
488,258,0.0007404201
489,258,0.001178259
490,258,0.0006901063
491,258,0.0008472437
492,258,0.00078774896
493,258,0.0005717911
494,258,0.0007153917
0,259,0.0004898198
1,259,0.00032193493
2,259,0.00028138608
3,259,0.0006725732
4,259,-0.0003349185
5,259,0.0002495041
6,259,0.0006969981
7,259,0.00020674244
8,259,0.00037536025
9,259,0.00066466443
10,259,0.0011270214
11,259,0.0008355258
12,259,0.0006292183
13,259,0.0003513163
14,259,0.0011061244
15,259,0.0004886184
16,259,0.0003124876
17,259,0.00067795813
18,259,0.00012740027
19,259,0.0005976092
20,259,0.00039316528
21,259,0.00072810333
22,259,0.0009785239
23,259,0.00061254203
24,259,
25,259,-0.00013199542
26,259,0.0005892115
27,259,0.00080342684
28,259,0.0011157738
29,259,0.0007968517
30,259,0.0011247117
31,259,0.0011109468
32,259,0.0009066798
33,259,0.000939182
34,259,0.0014830139
35,259,0.0008289376
36,259,0.0012010373
37,259,0.0009830426
38,259,0.0010325601
39,259,0.0012000259
40,259,0.0008848021
41,259,0.00052800775
42,259,0.0010168515
43,259,
44,259,0.00047747418
45,259,
46,259,5.384069e-05
47,259,
48,259,0.0009822231
49,259,0.001215403
50,259,0.0011043325
51,259,0.00039628148
52,259,0.0010383194
53,259,0.0011472218
54,259,0.0005173553
55,259,0.00090176426
56,259,0.000723294
57,259,0.0008429773
58,259,0.0011698324
59,259,
60,259,0.0013082819
61,259,0.0007469561
62,259,0.0010677567
63,259,0.001004043
64,259,0.0015427992
65,259,
66,259,
67,259,
68,259,0.000959998
69,259,0.0013945987
70,259,0.0013363082
71,259,0.00097560324
72,259,0.0011518672
73,259,0.00096002873
74,259,0.0011402192
75,259,0.0010394147
76,259,0.00078702904
77,259,0.0007685432
78,259,0.0006218916
79,259,0.00023986492
80,259,0.0001004301
81,259,0.0002552988
82,259,0.00049296394
83,259,0.00064070616
84,259,0.0006424468
85,259,0.0013004085
86,259,0.0005546417
87,259,0.0008633379
88,259,0.00031914655
89,259,0.0007621553
90,259,0.0011078874
91,259,0.00042738114
92,259,0.0008827532
93,259,0.0007415265
94,259,0.00061859004
95,259,0.0010600714
96,259,0.0004667975
97,259,0.0007238658
98,259,0.00071797613
99,259,0.00048704538
100,259,
101,259,
102,259,
103,259,
104,259,
105,259,
106,259,
107,259,
108,259,
109,259,
110,259,
111,259,
112,259,
113,259,
114,259,
115,259,
116,259,
117,259,
118,259,
119,259,
120,259,
121,259,
122,259,
123,259,
124,259,
125,259,
126,259,
127,259,
128,259,-0.00010766275
129,259,0.00039655156
130,259,
131,259,
132,259,
133,259,
134,259,0.00046214554
135,259,
136,259,
137,259,
138,259,
139,259,
140,259,0.00086443685
141,259,0.0005127415
142,259,0.0009632474
143,259,0.00054650195
144,259,9.0031885e-05
145,259,0.0005799979
146,259,0.0004241066
147,259,9.982381e-05
148,259,0.00027244445
149,259,0.0006204434
150,259,0.0008606352
151,259,0.00074596517
152,259,0.0010088813
153,259,0.0006717043
154,259,0.0003169719
155,259,0.00018326845
156,259,0.00040194485
157,259,0.00051615573
158,259,0.00050440617
159,259,0.00045112707
160,259,0.00044652633
161,259,0.0008982476
162,259,0.00015256181
163,259,0.00028124917
164,259,0.00028018653
165,259,0.00064138696
166,259,0.0005547358
167,259,0.0005288534
168,259,0.0010942416
169,259,0.00098213
170,259,0.0007816376
171,259,0.0005939603
172,259,0.00028743036
173,259,0.0005017454
174,259,0.00072467513
175,259,0.0008537574
176,259,0.00064774975
177,259,0.0006578211
178,259,-3.4971163e-06
179,259,0.00073056016
180,259,0.0010255501
181,259,0.00070798956
182,259,0.0005831821
183,259,0.00041493494
184,259,0.00045607612
185,259,0.00070642866
186,259,0.0007522702
187,259,0.00022295862
188,259,0.00033443328
189,259,0.00064036716
190,259,0.0012124311
191,259,0.00041041523
192,259,0.0008550063
193,259,0.0004087966
194,259,0.00013082847
195,259,0.00036262814
196,259,0.00046233833
197,259,0.0006205365
198,259,0.00086305104
199,259,0.00049228873
200,259,0.00035426952
201,259,2.351962e-05
202,259,0.0008184593
203,259,0.0008015083
204,259,0.0008539595
205,259,0.0005344441
206,259,0.00032856409
207,259,0.00067268685
208,259,0.00036437064
209,259,0.00034997985
210,259,0.0003059646
211,259,0.0003563948
212,259,0.00044382177
213,259,0.00043245312
214,259,0.0007181512
215,259,-5.2061863e-05
216,259,0.0005195122
217,259,0.0006919475
218,259,0.00018638652
219,259,0.00026388373
220,259,0.0005642772
221,259,0.000776032
222,259,0.00054780673
223,259,0.0006711874
224,259,0.0003431188
225,259,0.0005187951
226,259,0.0008337628
227,259,0.0006383797
228,259,0.0009758193
229,259,0.00061201584
230,259,0.000756762
231,259,0.0010607643
232,259,0.0004073931
233,259,0.00086917914
234,259,0.0007647993
235,259,0.0006227242
236,259,0.00066128373
237,259,0.00085626915
238,259,0.0012444872
239,259,0.001067955
240,259,0.0008669067
241,259,0.0008137161
242,259,0.0011152783
243,259,0.001132831
244,259,0.0003535468
245,259,0.0006797649
246,259,0.000754538
247,259,0.00048509706
248,259,0.00047987048
249,259,0.0013419259
250,259,0.00085510034
251,259,-0.00015298929
252,259,0.00037877914
253,259,0.0003075935
254,259,0.00045043137
255,259,0.0004377896
256,259,0.0004920885
257,259,0.0005113799
258,259,0.00047496706
259,259,0.0006653508
260,259,0.0002883952
261,259,0.00043119863
262,259,0.00030809455
263,259,0.00020317547
264,259,0.0011268836
265,259,0.0010124128
266,259,0.0004632743
267,259,0.0001318343
268,259,0.00050137285
269,259,0.0006560404
270,259,-0.0003957227
271,259,0.00042943656
272,259,0.00074385107
273,259,0.00017922278
274,259,0.00026959553
275,259,0.00042036735
276,259,0.00068764854
277,259,0.00031771418
278,259,0.00010929722
279,259,3.696978e-05
280,259,0.00020185392
281,259,-0.00047314074
282,259,0.00018640421
283,259,8.644536e-05
284,259,0.00015394296
285,259,0.0005946383
286,259,8.971896e-05
287,259,0.00040375255
288,259,0.00044475123
289,259,5.7695433e-05
290,259,0.00044504646
291,259,0.0008410979
292,259,9.880867e-05
293,259,0.0006682109
294,259,0.0007415619
295,259,0.000787748
296,259,0.00062905997
297,259,0.00105708
298,259,0.0007061912
299,259,0.00035263877
300,259,0.00016714353
301,259,0.0009019729
302,259,0.00021200441
303,259,0.00038317963
304,259,0.00037604477
305,259,-7.545762e-05
306,259,0.000783314
307,259,0.0005864948
308,259,0.0009411555
309,259,0.00036052987
310,259,0.00051039923
311,259,5.58123e-05
312,259,0.00064082816
313,259,0.00077076815
314,259,0.00038213283
315,259,0.00054819696
316,259,0.00078991055
317,259,0.00027866755
318,259,0.0013702493
319,259,0.0001668334
320,259,0.0006870441
321,259,0.00080405734
322,259,0.00043386035
323,259,0.0010794057
324,259,6.562378e-05
325,259,0.0008940371
326,259,0.0006241314
327,259,0.0009097103
328,259,0.000556102
329,259,0.00038062036
330,259,0.00086407736
331,259,0.00039140042
332,259,0.00065846555
333,259,0.00062016025
334,259,0.00043859985
335,259,0.0002587475
336,259,0.0005484186
337,259,0.00040790997
338,259,0.0002496289
339,259,0.0007423479
340,259,0.0010056905
341,259,0.00015531108
342,259,0.00060266815
343,259,0.0008624075
344,259,0.00058547035
345,259,0.0010825116
346,259,0.00045986846
347,259,0.0006089201
348,259,0.0008472614
349,259,0.00041905884
350,259,0.00038489327
351,259,0.0005028788
352,259,0.0006214557
353,259,0.00047328416
354,259,0.00072650425
355,259,0.00084358174
356,259,0.0004410157
357,259,-4.312303e-05
358,259,-4.9628317e-05
359,259,0.000702329
360,259,0.00052146334
361,259,0.0006287154
362,259,0.0006448906
363,259,0.00012836698
364,259,0.00027332176
365,259,0.00046806503
366,259,0.0007618135
367,259,0.0001484286
368,259,0.00017481763
369,259,0.0007166816
370,259,0.00094902515
371,259,0.0008889362
372,259,0.00046567712
373,259,0.00046765432
374,259,0.0001276061
375,259,0.0007634172
376,259,0.00012572948
377,259,0.0005576275
378,259,0.00040573347
379,259,-6.995443e-05
380,259,0.00056291
381,259,0.0009371508
382,259,0.00046857912
383,259,0.00087452494
384,259,0.0007840032
385,259,0.0008222936
386,259,0.000687263
387,259,0.0009123897
388,259,0.0006287312
389,259,0.00070075504
390,259,0.00061002374
391,259,0.0010190895
392,259,0.00048336666
393,259,0.00048069376
394,259,0.000990036
395,259,0.001254864
396,259,0.0006634062
397,259,0.00030866545
398,259,0.0004164055
399,259,0.000752761
400,259,0.0005117431
401,259,0.00072420016
402,259,0.0010060333
403,259,0.0008409256
404,259,0.00018860772
405,259,0.0010404931
406,259,0.00074053183
407,259,0.00019301474
408,259,0.00057896785
409,259,0.0006762855
410,259,0.00056348275
411,259,0.0006257789
412,259,0.00088441186
413,259,0.0006415006
414,259,0.0005820198
415,259,0.00050041266
416,259,0.0004345607
417,259,0.0008670166
418,259,0.00041816384
419,259,0.00025695376
420,259,0.0005821604
421,259,0.00034177955
422,259,0.00048166327
423,259,0.00070482586
424,259,0.0005780896
425,259,0.00025198516
426,259,0.0004884219
427,259,0.00023749936
428,259,0.00030274317
429,259,0.0009931941
430,259,6.3399784e-05
431,259,0.0004974855
432,259,0.000560537
433,259,0.00029510446
434,259,0.00073553063
435,259,0.0003238786
436,259,0.00039172173
437,259,-3.851112e-05
438,259,0.00016347505
439,259,0.00030144118
440,259,0.0002204543
441,259,0.00044864323
442,259,0.0009895321
443,259,7.5638294e-05
444,259,0.00047282036
445,259,0.00019427016
446,259,0.00055977236
447,259,-2.4478883e-05
448,259,0.00076100323
449,259,0.0005253572
450,259,0.0002756901
451,259,0.0006020563
452,259,0.0005566627
453,259,0.00023956317
454,259,0.00059367437
455,259,0.00037316792
456,259,0.00043574255
457,259,0.0011929991
458,259,-1.7060898e-05
459,259,0.0004647132
460,259,0.00039933994
461,259,7.189065e-05
462,259,4.2868778e-05
463,259,0.0010735635
464,259,0.00083066616
465,259,-0.00027367473
466,259,0.0003990056
467,259,0.00032336172
468,259,0.00042131636
469,259,0.00033401325
470,259,6.983243e-05
471,259,0.00080442056
472,259,0.0004078336
473,259,0.0003685467
474,259,0.00084686745
475,259,0.0007488737
476,259,0.0006353855
477,259,0.00052991137
478,259,0.00061282516
479,259,0.0005164249
480,259,
481,259,0.00056438055
482,259,0.0007726662
483,259,0.0014874777
484,259,0.000695467
485,259,0.00061345845
486,259,0.0007957909
487,259,0.0008271169
488,259,0.00043483637
489,259,0.0009770971
490,259,0.0007582763
491,259,0.0005227085
492,259,0.0010636318
493,259,0.0011965595
494,259,0.0012908466
0,260,0.0011951048
1,260,0.00034307502
2,260,0.00068683736
3,260,9.965524e-05
4,260,0.00034966413
5,260,0.0008378159
6,260,0.0010468597
7,260,0.0008803187
8,260,0.00080037303
9,260,0.0004772907
10,260,0.00057302415
11,260,0.0005379878
12,260,0.00096146576
13,260,0.00045278203
14,260,0.00036606193
15,260,0.00051805377
16,260,0.00033193827
17,260,0.0010701325
18,260,0.0004863292
19,260,0.00052254274
20,260,0.000105404295
21,260,8.404348e-05
22,260,-4.749559e-05
23,260,0.0005841758
24,260,
25,260,0.00071786065
26,260,0.0005791662
27,260,0.001128763
28,260,0.0012183813
29,260,0.001163072
30,260,0.0009377394
31,260,0.0009337682
32,260,0.001016817
33,260,0.0009102728
34,260,0.0011003083
35,260,0.00094186235
36,260,0.0011019008
37,260,0.0012107389
38,260,0.000959306
39,260,0.0011126101
40,260,0.001007216
41,260,0.00075713545
42,260,0.0011053402
43,260,0.00043045543
44,260,0.0006072782
45,260,0.0010283375
46,260,0.0009999089
47,260,0.0011217277
48,260,0.0005982425
49,260,0.00062763784
50,260,0.0007847585
51,260,0.00028825086
52,260,0.000563913
53,260,0.0010786895
54,260,
55,260,0.0008160239
56,260,
57,260,0.0009775581
58,260,0.00074965507
59,260,
60,260,0.001474943
61,260,0.0010876963
62,260,0.00068176165
63,260,0.0006618984
64,260,0.0010219114
65,260,
66,260,
67,260,0.0007987004
68,260,0.001075781
69,260,0.0009819334
70,260,0.0008599805
71,260,0.0014437241
72,260,0.0012582904
73,260,0.00096937455
74,260,0.0011201845
75,260,0.0011753552
76,260,0.0009822249
77,260,0.00065906346
78,260,0.00059002265
79,260,0.00042269565
80,260,0.00020893756
81,260,0.0007180376
82,260,0.0009682039
83,260,4.1530468e-05
84,260,0.0013317587
85,260,0.0007777149
86,260,-8.131843e-05
87,260,0.00043700263
88,260,0.0005178191
89,260,0.00025796145
90,260,0.00073919166
91,260,0.00041083246
92,260,0.00061809644
93,260,0.0006585214
94,260,0.0010090806
95,260,0.0012649596
96,260,0.0006691003
97,260,0.0008860072
98,260,
99,260,
100,260,
101,260,
102,260,
103,260,
104,260,
105,260,
106,260,
107,260,
108,260,
109,260,
110,260,
111,260,
112,260,
113,260,
114,260,
115,260,
116,260,
117,260,
118,260,
119,260,
120,260,
121,260,
122,260,
123,260,
124,260,
125,260,0.0007244516
126,260,0.0002333168
127,260,
128,260,0.00052479
129,260,0.0009207837
130,260,0.0004895041
131,260,0.00043100212
132,260,
133,260,0.00029806606
134,260,
135,260,0.000620096
136,260,
137,260,
138,260,
139,260,
140,260,0.0005426407
141,260,0.0006059157
142,260,0.00031664502
143,260,0.0005619116
144,260,0.00042659976
145,260,0.0008594524
146,260,0.00024764985
147,260,4.0063635e-05
148,260,0.00010641664
149,260,0.0007572919
150,260,0.00066238083
151,260,0.00071246177
152,260,0.00080918614
153,260,0.0006508902
154,260,-7.609278e-05
155,260,0.00013886485
156,260,0.0012673251
157,260,0.0012361538
158,260,0.001181433
159,260,-8.02828e-05
160,260,0.00054241344
161,260,0.0004931474
162,260,0.00014922582
163,260,0.00064191315
164,260,0.0010575224
165,260,0.00035408512
166,260,0.00036388636
167,260,0.00045601185
168,260,-8.278061e-05
169,260,0.000579793
170,260,0.0005059913
171,260,0.0006595943
172,260,-1.1781231e-05
173,260,0.0006273575
174,260,0.0006903941
175,260,0.0012029121
176,260,0.00028192345
177,260,0.00035599247
178,260,0.00022515561
179,260,0.0004958231
180,260,0.0005402304
181,260,0.00015289895
182,260,-5.7648867e-06
183,260,3.4348108e-05
184,260,2.0239502e-05
185,260,0.0006903587
186,260,0.00052895583
187,260,0.00018753298
188,260,0.00017264858
189,260,0.00029911753
190,260,0.0005480349
191,260,0.00061052106
192,260,0.00066978857
193,260,0.00091425795
194,260,0.0004377663
195,260,0.0005841069
196,260,0.0005019549
197,260,0.0005005915
198,260,0.00030322745
199,260,0.0003050035
200,260,0.0004092194
201,260,0.00048798788
202,260,0.00054857787
203,260,0.00048680697
204,260,0.00073998794
205,260,0.00037957262
206,260,0.00043697003
207,260,0.00045265723
208,260,0.00034106337
209,260,8.4694475e-06
210,260,0.0010013646
211,260,0.000101685524
212,260,0.00069196336
213,260,0.0003077546
214,260,0.00011392776
215,260,0.00047796778
216,260,0.0011881273
217,260,0.0006209556
218,260,0.00085692573
219,260,0.00018364564
220,260,0.0010101488
221,260,0.00018430036
222,260,0.0005133236
223,260,0.00034497213
224,260,0.00062330253
225,260,0.00079934206
226,260,0.00083091296
227,260,0.00066048093
228,260,0.0008721445
229,260,0.00067822915
230,260,0.0011080448
231,260,0.0006722929
232,260,0.000742862
233,260,
234,260,0.0001356136
235,260,0.00050611794
236,260,0.00053340755
237,260,0.0010967162
238,260,0.00101199
239,260,0.0010746568
240,260,0.0009935973
241,260,0.00080115907
242,260,0.0010908162
243,260,0.0010710685
244,260,0.00014753267
245,260,0.0011030948
246,260,0.0013342937
247,260,0.0007409863
248,260,0.00057055615
249,260,8.88668e-05
250,260,0.0008583851
251,260,0.00035785418
252,260,-0.00023898669
253,260,0.00059787557
254,260,0.0006790785
255,260,0.00022527389
256,260,0.0006774366
257,260,-0.00016636401
258,260,0.00072367676
259,260,0.00012176018
260,260,0.00037333183
261,260,-0.00016098004
262,260,0.00041383505
263,260,-5.370099e-05
264,260,0.0007160641
265,260,0.00045981538
266,260,0.0002922304
267,260,0.0012760181
268,260,0.0008030236
269,260,0.0008558398
270,260,0.00013185479
271,260,0.0006127842
272,260,0.00028707646
273,260,0.0005187802
274,260,0.00047199614
275,260,-0.00027677696
276,260,0.00018501282
277,260,0.00019919127
278,260,0.0009274408
279,260,-0.00027262513
280,260,0.0010713013
281,260,9.72487e-05
282,260,-0.00014349818
283,260,0.00034657493
284,260,0.0007016603
285,260,-3.7268735e-05
286,260,0.00016786437
287,260,0.00060772244
288,260,0.0006456869
289,260,0.0006389227
290,260,-1.1242926e-05
291,260,0.0005701445
292,260,0.0004302645
293,260,0.00027822703
294,260,0.00030326657
295,260,0.0003410438
296,260,0.0007888973
297,260,0.0002678046
298,260,0.0010482268
299,260,0.00034511276
300,260,0.00045894552
301,260,0.0006374987
302,260,0.00044129603
303,260,0.00042543001
304,260,0.000523678
305,260,0.00021484122
306,260,0.0008708034
307,260,-0.00035638455
308,260,0.0005312599
309,260,0.00030393992
310,260,0.000614129
311,260,0.0008381838
312,260,0.0001723934
313,260,0.00040501263
314,260,0.00023987237
315,260,7.826276e-05
316,260,0.00031514466
317,260,0.00025514793
318,260,0.0005955901
319,260,0.00012528524
320,260,0.00036908593
321,260,0.00023098197
322,260,0.00059626345
323,260,0.00046182796
324,260,0.00027251057
325,260,0.0004206244
326,260,0.0004993081
327,260,1.4120713e-05
328,260,0.0002677599
329,260,0.00071465597
330,260,9.3102455e-05
331,260,0.00070598815
332,260,0.00035899598
333,260,0.0005235914
334,260,0.00060384534
335,260,0.00087449607
336,260,0.00071081053
337,260,0.00072119944
338,260,0.0004925011
339,260,0.0005543502
340,260,0.00054212846
341,260,0.00090206973
342,260,0.0005294755
343,260,0.0009748768
344,260,0.00016002357
345,260,0.0004494153
346,260,0.0008586822
347,260,0.00092914235
348,260,0.0006828271
349,260,0.0005661547
350,260,0.00056194235
351,260,0.00033805054
352,260,0.0009752633
353,260,0.00064273924
354,260,0.00073405635
355,260,0.00034474488
356,260,0.001153132
357,260,0.0005760621
358,260,0.00034214836
359,260,0.00067605637
360,260,0.0006544776
361,260,0.00082713366
362,260,0.0008197585
363,260,-4.836358e-06
364,260,0.0001368504
365,260,0.0006804317
366,260,0.0010348391
367,260,0.0002842592
368,260,0.00040905364
369,260,0.0006155465
370,260,0.00035465602
371,260,0.00012429897
372,260,0.0004634224
373,260,0.00026933756
374,260,0.0004243767
375,260,0.00093587395
376,260,0.00019321498
377,260,0.00012831576
378,260,0.00032244995
379,260,0.00060167164
380,260,0.0005574068
381,260,0.000428251
382,260,0.00060210004
383,260,0.000516993
384,260,0.0006408654
385,260,0.0006741714
386,260,0.00040316023
387,260,0.0005397722
388,260,0.0008623358
389,260,0.00041194074
390,260,0.0011024578
391,260,0.00078149885
392,260,0.0009979298
393,260,0.0006618127
394,260,0.0008404525
395,260,0.0007231571
396,260,0.0007732706
397,260,0.0005502291
398,260,5.7050027e-05
399,260,0.00085124
400,260,-2.283603e-05
401,260,0.0007918235
402,260,0.00034767017
403,260,0.00026737526
404,260,0.00050133094
405,260,8.6911954e-05
406,260,0.0008696858
407,260,0.00072741695
408,260,0.0006137844
409,260,0.0008803755
410,260,0.00023673754
411,260,0.0002612928
412,260,0.0009116195
413,260,0.00076788664
414,260,0.00053864066
415,260,0.0008377731
416,260,0.00034474302
417,260,0.0005919896
418,260,0.0003262097
419,260,0.00028447993
420,260,0.00023857038
421,260,0.00040726457
422,260,5.9463084e-05
423,260,0.00034100935
424,260,0.00028233975
425,260,0.0008197976
426,260,8.4701926e-05
427,260,0.00026133005
428,260,0.0005159518
429,260,1.4572404e-05
430,260,0.00029064342
431,260,0.00031652953
432,260,0.00070754625
433,260,0.00060957484
434,260,0.000549905
435,260,0.00036149565
436,260,0.00041631982
437,260,0.0006912779
438,260,0.0004470246
439,260,0.0006947592
440,260,0.0003046207
441,260,0.0008002501
442,260,0.00056470186
443,260,0.00067530945
444,260,0.00059443805
445,260,0.0007878095
446,260,0.00023554452
447,260,0.0004086513
448,260,0.00045758765
449,260,0.00035413727
450,260,0.0006236667
451,260,5.553756e-05
452,260,0.00084662903
453,260,0.00012505613
454,260,0.00065441057
455,260,0.000673051
456,260,0.00050024316
457,260,0.0009109583
458,260,0.00048088096
459,260,0.0006005969
460,260,0.00061989296
461,260,0.0009325864
462,260,0.00034330785
463,260,0.0004895441
464,260,0.00041575357
465,260,0.00019611605
466,260,0.0012357105
467,260,-0.00019532163
468,260,0.0003051879
469,260,-0.00010663178
470,260,0.0003592586
471,260,0.0010616668
472,260,0.00065392815
473,260,0.000566368
474,260,0.00080031436
475,260,0.00066444464
476,260,-0.00012433995
477,260,0.00077644363
478,260,0.0006255591
479,260,
480,260,0.000790298
481,260,0.0006464543
482,260,0.00045076478
483,260,0.0007639341
484,260,0.0011579692
485,260,0.0012938334
486,260,0.0010063238
487,260,0.00066313334
488,260,0.0006925864
489,260,0.0014241571
490,260,0.00075663626
491,260,0.0010828162
492,260,0.00084016845
493,260,0.0006277375
494,260,0.00065121613
0,261,0.00088805705
1,261,-0.00020935759
2,261,0.0005279435
3,261,0.0008096853
4,261,0.00040962547
5,261,0.0002706321
6,261,0.0009027282
7,261,0.00027307216
8,261,0.0002021268
9,261,0.0012611365
10,261,0.0004630834
11,261,0.0006073257
12,261,0.0005460661
13,261,6.49523e-05
14,261,0.00079883635
15,261,0.0005554091
16,261,0.0008334024
17,261,0.0005768826
18,261,0.00013000239
19,261,0.00043661147
20,261,0.00042290427
21,261,9.552948e-05
22,261,0.0008172691
23,261,0.00041034445
24,261,
25,261,0.0005136542
26,261,0.00034339167
27,261,0.00078248605
28,261,0.0011314815
29,261,0.0011536414
30,261,0.000991093
31,261,0.0009205211
32,261,0.0010294067
33,261,0.0011325432
34,261,0.0011160187
35,261,0.0009435788
36,261,0.0008873865
37,261,0.0010841321
38,261,0.0009758407
39,261,0.000985478
40,261,0.0008551087
41,261,
42,261,
43,261,
44,261,0.00096975174
45,261,0.0014820509
46,261,0.001050829
47,261,0.0008570766
48,261,0.0007782858
49,261,0.00027127098
50,261,0.0010100994
51,261,0.0012465576
52,261,0.0004760828
53,261,0.0006798152
54,261,0.0014127344
55,261,0.0011101961
56,261,0.0009284392
57,261,0.0009948425
58,261,0.0008143708
59,261,0.0009835754
60,261,0.00060231704
61,261,0.0013104305
62,261,0.0007234495
63,261,0.0011489326
64,261,
65,261,0.0012841607
66,261,
67,261,
68,261,0.0011140518
69,261,0.0009480724
70,261,0.0013512345
71,261,0.0012897048
72,261,0.000845721
73,261,0.00087590143
74,261,0.001286082
75,261,0.001355635
76,261,0.000965992
77,261,0.0006088661
78,261,0.0005201502
79,261,0.00032262318
80,261,0.00026384182
81,261,0.00019283593
82,261,0.00064143166
83,261,0.00034916773
84,261,0.00050533377
85,261,0.0008114921
86,261,0.00069553684
87,261,0.00029016938
88,261,0.00061400235
89,261,0.00046707503
90,261,0.00052259676
91,261,0.0010463959
92,261,0.0006736396
93,261,0.00076100323
94,261,0.001261062
95,261,0.000589177
96,261,0.0004584212
97,261,0.0012797443
98,261,
99,261,
100,261,
101,261,
102,261,
103,261,
104,261,
105,261,
106,261,
107,261,
108,261,
109,261,
110,261,
111,261,
112,261,
113,261,
114,261,
115,261,
116,261,
117,261,
118,261,
119,261,
120,261,
121,261,
122,261,
123,261,
124,261,
125,261,
126,261,
127,261,0.00045198016
128,261,0.00075106695
129,261,0.00016353186
130,261,0.00044578407
131,261,0.00078792125
132,261,0.0008618692
133,261,0.00040922035
134,261,0.00011255406
135,261,0.0002592504
136,261,
137,261,0.000510538
138,261,0.00072850287
139,261,0.00089922734
140,261,0.000862984
141,261,2.0283274e-05
142,261,0.00093047414
143,261,0.00013465714
144,261,0.00068692863
145,261,0.00060004555
146,261,0.0008252915
147,261,0.0008334452
148,261,0.0007838756
149,261,0.00011692569
150,261,0.000918027
151,261,0.0003930051
152,261,0.0003265394
153,261,0.00069367234
154,261,0.0010291087
155,261,0.00048554223
156,261,0.00021647103
157,261,0.00063190516
158,261,0.0005899081
159,261,0.0010007294
160,261,0.00059858616
161,261,9.5405616e-05
162,261,0.00063515734
163,261,0.0002151914
164,261,0.0007241331
165,261,0.0010060314
166,261,0.00081945676
167,261,8.158013e-05
168,261,0.0009972686
169,261,-3.845524e-05
170,261,0.0006422512
171,261,0.0001938995
172,261,0.00031182636
173,261,0.00030714273
174,261,0.0005340576
175,261,0.00033245608
176,261,0.00048397575
177,261,0.00050918106
178,261,0.00026550423
179,261,0.00041959994
180,261,0.0007625874
181,261,0.00084896665
182,261,-3.542658e-05
183,261,0.0007442385
184,261,0.00036348216
185,261,0.0006388016
186,261,0.00031925365
187,261,0.00097086746
188,261,0.0008902475
189,261,-9.304844e-06
190,261,0.0008704271
191,261,0.00024480931
192,261,0.00048910547
193,261,0.0005043838
194,261,0.00055398233
195,261,0.0002167495
196,261,-0.00011721533
197,261,0.00014143903
198,261,0.00025872607
199,261,0.00032474287
200,261,0.00076955557
201,261,0.0008720998
202,261,0.00015066005
203,261,0.0007807631
204,261,0.0005118074
205,261,0.00059700664
206,261,0.00035330188
207,261,0.00031940825
208,261,0.0006219093
209,261,0.00032752845
210,261,0.00059267785
211,261,0.00033536647
212,261,0.00054114964
213,261,0.0008660024
214,261,0.00043562055
215,261,0.0010187356
216,261,-0.00013239402
217,261,0.00024543796
218,261,0.0006470503
219,261,0.0006081164
220,261,0.0006885007
221,261,0.00052930415
222,261,0.0008257516
223,261,0.0008816216
224,261,0.00088535063
225,261,0.0003717253
226,261,0.00044026412
227,261,0.0004550917
228,261,0.00051401183
229,261,0.00054632407
230,261,0.00041357428
231,261,0.0006759912
232,261,
233,261,
234,261,
235,261,
236,261,
237,261,
238,261,0.00096401945
239,261,0.00074639823
240,261,0.0010252269
241,261,0.00080910325
242,261,0.0008742083
243,261,0.001133142
244,261,0.00079004
245,261,0.00063857995
246,261,0.0007452844
247,261,0.00072563067
248,261,0.00041337684
249,261,0.001050273
250,261,0.0007484164
251,261,0.0005517984
252,261,0.0001962483
253,261,0.0005908571
254,261,0.00020396989
255,261,0.0003796611
256,261,0.00030061882
257,261,0.0006419895
258,261,0.0002269512
259,261,0.0005766917
260,261,0.00081314426
261,261,-0.00019597076
262,261,0.00057139806
263,261,0.0010793386
264,261,-0.00040264428
265,261,0.0006973576
266,261,0.0005533453
267,261,0.00071247667
268,261,0.00084073655
269,261,0.0008673975
270,261,-3.3646822e-05
271,261,0.00044607092
272,261,0.00051154103
273,261,-0.00037678238
274,261,0.00015819445
275,261,0.0004513599
276,261,0.0003025774
277,261,-1.90055e-05
278,261,0.0003888309
279,261,0.0010047592
280,261,0.0007685758
281,261,0.0006264271
282,261,7.574633e-05
283,261,0.0005170172
284,261,-0.00020970404
285,261,4.391279e-05
286,261,0.00022320077
287,261,0.00024007633
288,261,0.00068091974
289,261,0.00024059229
290,261,0.00036447495
291,261,0.00025702082
292,261,0.00034560356
293,261,0.000806584
294,261,0.00034940243
295,261,0.00070049334
296,261,0.0007727463
297,261,0.00045111403
298,261,0.0002917312
299,261,0.00048160553
300,261,0.00036226213
301,261,0.0005495995
302,261,0.00056595355
303,261,0.00046967436
304,261,0.0007037185
305,261,0.00027476065
306,261,0.000938585
307,261,0.0006748596
308,261,0.0005706791
309,261,0.00083171204
310,261,0.0012512682
311,261,0.00020606536
312,261,0.00031689648
313,261,0.00053920224
314,261,0.0006207144
315,261,0.00016192254
316,261,0.00067470875
317,261,0.0002452284
318,261,0.00032168347
319,261,0.00052804686
320,261,0.00039309915
321,261,0.00072208326
322,261,0.00040953793
323,261,0.00091269985
324,261,0.00045340322
325,261,0.0011529922
326,261,0.0004127873
327,261,0.0007635597
328,261,0.0004201671
329,261,0.00061061885
330,261,0.00034451857
331,261,0.0005097892
332,261,0.0008163536
333,261,0.00053199753
334,261,0.000570938
335,261,0.0005206438
336,261,0.0012235492
337,261,0.0007066699
338,261,0.0008182898
339,261,0.0009927815
340,261,0.0008412665
341,261,0.00087393913
342,261,0.00061236415
343,261,-0.00018557347
344,261,0.0004991619
345,261,0.0005781418
346,261,0.0005242331
347,261,0.0005855933
348,261,0.00062727556
349,261,0.00026990194
350,261,0.00081897154
351,261,0.0007530069
352,261,0.00033304188
353,261,0.0006090384
354,261,0.0008059917
355,261,0.00037684292
356,261,6.294623e-05
357,261,0.00069711916
358,261,0.00022113882
359,261,0.00021101814
360,261,0.00018414855
361,261,0.0005830359
362,261,-9.440817e-05
363,261,0.0007672617
364,261,0.0009250399
365,261,0.00059380196
366,261,0.00048219692
367,261,0.0005216999
368,261,0.0001891274
369,261,0.0007303599
370,261,0.0005871393
371,261,0.0002374379
372,261,0.00061657745
373,261,0.0010972498
374,261,0.00058337394
375,261,0.00079287216
376,261,0.0005554678
377,261,0.0006907815
378,261,0.0008122511
379,261,0.00032000244
380,261,0.00061894767
381,261,0.00027446076
382,261,0.00063545816
383,261,0.0009170044
384,261,0.00047664158
385,261,0.0007917257
386,261,0.00091692246
387,261,0.000531761
388,261,0.00036965124
389,261,0.00044481363
390,261,0.0011390541
391,261,0.00086515024
392,261,0.0009133676
393,261,0.00079518836
394,261,0.00032282062
395,261,0.00048710126
396,261,0.00065072067
397,261,0.000786691
398,261,0.00047416892
399,261,0.00027196668
400,261,0.00022184383
401,261,0.0007219985
402,261,0.00078473147
403,261,0.00085561536
404,261,-0.0003317129
405,261,0.0001316825
406,261,0.00059831236
407,261,0.0006847158
408,261,0.0010265764
409,261,7.6983124e-05
410,261,-0.00038034748
411,261,0.0005042404
412,261,0.00089872256
413,261,0.0006053373
414,261,0.0002690237
415,261,0.000982373
416,261,0.00084468164
417,261,0.00068555214
418,261,0.00054743886
419,261,0.00048421882
420,261,0.0005459534
421,261,0.00064458046
422,261,0.00079507194
423,261,0.00041612145
424,261,0.0007781051
425,261,0.0002643112
426,261,0.00045335665
427,261,0.00061714184
428,261,0.00068881176
429,261,0.0005227588
430,261,0.00021662563
431,261,0.00053340755
432,261,0.00016191043
433,261,0.00062270556
434,261,0.0004538484
435,261,0.00073416997
436,261,0.00035719108
437,261,0.00054759346
438,261,0.00012690946
439,261,0.00064551923
440,261,0.0012975931
441,261,0.00041472726
442,261,0.00012452062
443,261,0.0008950932
444,261,0.00026964303
445,261,0.00026919413
446,261,0.00045575947
447,261,-1.8862076e-05
448,261,0.00051574036
449,261,0.00025559403
450,261,0.0006052768
451,261,0.00093671307
452,261,0.0001636194
453,261,0.00030063093
454,261,0.0005057007
455,261,0.00054882374
456,261,0.00043766573
457,261,0.00040567107
458,261,0.0002088258
459,261,0.0007030191
460,261,0.0003102841
461,261,0.00094338506
462,261,0.00033421163
463,261,0.00030832924
464,261,0.00067463145
465,261,0.0010715472
466,261,0.0002940651
467,261,0.00012670457
468,261,-1.4686026e-05
469,261,-0.00013219286
470,261,0.001282949
471,261,0.0007113889
472,261,0.00023660623
473,261,0.0004894063
474,261,0.0005330974
475,261,0.001057025
476,261,0.0006059436
477,261,0.00020911824
478,261,0.00029568467
479,261,0.0006184643
480,261,
481,261,0.0010097092
482,261,0.0006751148
483,261,0.0014257804
484,261,0.0014038747
485,261,0.0010897918
486,261,0.00066744164
487,261,0.0005382225
488,261,0.0008594161
489,261,0.00074574165
490,261,0.0011844244
491,261,0.0006247256
492,261,0.0012569008
493,261,0.0013443911
494,261,0.0006770147
0,262,0.00061248615
1,262,0.0007214574
2,262,0.0006792713
3,262,0.000605206
4,262,0.0005117394
5,262,0.0005357694
6,262,0.000800455
7,262,0.00049877353
8,262,-4.6668574e-06
9,262,0.00042779278
10,262,0.0008196905
11,262,0.000699047
12,262,0.0002771914
13,262,0.0009730756
14,262,0.0009767544
15,262,0.0005292976
16,262,0.0006927792
17,262,0.00031067524
18,262,0.0004110597
19,262,0.00029188488
20,262,0.0002751127
21,262,0.0007591052
22,262,9.961985e-05
23,262,9.8666176e-05
24,262,
25,262,0.00029651076
26,262,0.0003772825
27,262,0.0008420488
28,262,0.0011297921
29,262,0.000678299
30,262,0.0012535676
31,262,0.0010276688
32,262,0.0011806283
33,262,0.001105303
34,262,0.001036251
35,262,0.0011740653
36,262,0.0010392386
37,262,0.0009156335
38,262,
39,262,
40,262,0.0009925188
41,262,0.0011814628
42,262,0.001550802
43,262,0.0013743853
44,262,0.00048686378
45,262,0.0010121809
46,262,0.0010354621
47,262,0.0003994275
48,262,0.00074928626
49,262,0.0009491602
50,262,0.00064326543
51,262,0.0003844211
52,262,0.0012277626
53,262,0.00020921417
54,262,0.0010415176
55,262,0.00027447008
56,262,0.0009706272
57,262,0.00097109005
58,262,0.0008466691
59,262,0.0013384717
60,262,0.00045152009
61,262,0.00061908737
62,262,0.00045260973
63,262,0.0010723295
64,262,0.0012309412
65,262,
66,262,
67,262,
68,262,0.0008469634
69,262,0.0008689901
70,262,0.0009730803
71,262,0.001101546
72,262,0.0007386934
73,262,0.0007453812
74,262,0.0011508176
75,262,0.00095914677
76,262,0.0010008207
77,262,0.0009314064
78,262,0.00084062014
79,262,0.00021410827
80,262,0.00012654625
81,262,0.0001480151
82,262,0.0004183296
83,262,0.00023029279
84,262,0.0008199634
85,262,0.0003053015
86,262,0.0010288442
87,262,0.00082339626
88,262,0.001214019
89,262,0.00063863024
90,262,0.00084575824
91,262,0.0008708183
92,262,0.0005928287
93,262,0.0008531157
94,262,0.00074202195
95,262,0.0007210057
96,262,0.0006778706
97,262,0.0007350985
98,262,
99,262,
100,262,
101,262,
102,262,
103,262,
104,262,
105,262,
106,262,
107,262,
108,262,
109,262,
110,262,
111,262,
112,262,
113,262,
114,262,
115,262,
116,262,
117,262,
118,262,
119,262,
120,262,
121,262,0.0006613778
122,262,
123,262,
124,262,
125,262,0.00029775407
126,262,
127,262,
128,262,0.00041218195
129,262,0.00020595547
130,262,4.1648746e-05
131,262,0.00036621466
132,262,0.0006106142
133,262,0.0007839808
134,262,0.00064001326
135,262,0.00065093394
136,262,0.00054205395
137,262,0.0002390882
138,262,0.000289673
139,262,0.0005166149
140,262,0.00087991357
141,262,0.001007556
142,262,0.00017607398
143,262,0.00025395956
144,262,0.0005851928
145,262,0.00052774046
146,262,0.00016049203
147,262,0.00069255196
148,262,0.0005662441
149,262,0.0008386206
150,262,-2.3898669e-05
151,262,0.0007568542
152,262,0.0006842166
153,262,0.00061811786
154,262,0.0005956907
155,262,0.0011010794
156,262,6.973557e-05
157,262,0.0009014625
158,262,0.00042824727
159,262,0.00076771993
160,262,0.0003322959
161,262,0.0002353657
162,262,0.0005276613
163,262,0.0006786138
164,262,0.0005692765
165,262,0.0007770676
166,262,0.00060901884
167,262,0.0005595349
168,262,0.0002956409
169,262,0.0006597182
170,262,0.0009416118
171,262,0.00037318468
172,262,0.0006862376
173,262,0.0010210807
174,262,0.00029732194
175,262,8.8786706e-05
176,262,0.00060404744
177,262,0.0006612763
178,262,0.0006268425
179,262,0.00079106074
180,262,0.00070889853
181,262,0.0003461996
182,262,0.00056589674
183,262,0.00014345162
184,262,0.00042461045
185,262,0.00033091567
186,262,0.00038970355
187,262,0.00023759995
188,262,0.00034443103
189,262,0.00045959745
190,262,0.00069349725
191,262,0.00020823348
192,262,0.00045318995
193,262,0.00017592963
194,262,0.00065299403
195,262,0.00075346604
196,262,0.00036090054
197,262,0.00078177825
198,262,0.0004940061
199,262,0.0006972244
200,262,0.00035098568
201,262,0.0007952731
202,262,0.0007495368
203,262,0.0003216844
204,262,0.0006483067
205,262,0.0004474502
206,262,0.00032830052
207,262,0.00026245788
208,262,0.0010206094
209,262,0.00059709046
210,262,0.0009451816
211,262,0.00046280492
212,262,0.00034855306
213,262,0.0004565129
214,262,0.0006008167
215,262,0.0005906448
216,262,0.00042452756
217,262,0.00036191847
218,262,0.0007701181
219,262,0.0006390549
220,262,0.00063382275
221,262,0.0005840212
222,262,0.00054245256
223,262,0.00010825321
224,262,0.00058582705
225,262,0.0007335618
226,262,0.00085367355
227,262,0.00035076216
228,262,-0.00011190958
229,262,0.00058506615
230,262,0.0007709982
231,262,
232,262,
233,262,
234,262,
235,262,
236,262,
237,262,
238,262,
239,262,0.000925038
240,262,0.0010403246
241,262,0.0008286573
242,262,0.001172483
243,262,0.000621967
244,262,0.0008434672
245,262,0.0007150667
246,262,0.00089277513
247,262,0.0007050419
248,262,-3.4276396e-05
249,262,0.00054885074
250,262,0.0010198131
251,262,0.0012563104
252,262,0.0007089209
253,262,0.00038045272
254,262,0.0012440169
255,262,0.00078465603
256,262,-0.00035181642
257,262,0.0005695382
258,262,0.0001963377
259,262,0.0008744616
260,262,0.0005934285
261,262,0.00042073615
262,262,0.0005568722
263,262,0.00086031295
264,262,0.0005676951
265,262,0.00039879046
266,262,9.678211e-05
267,262,9.295717e-05
268,262,0.0007013893
269,262,0.00027749687
270,262,0.0007047029
271,262,0.00015303493
272,262,-7.89566e-05
273,262,0.0003310684
274,262,8.6996704e-05
275,262,0.0009778673
276,262,0.0008116849
277,262,0.0008417638
278,262,0.00060822815
279,262,5.2412972e-05
280,262,7.595308e-05
281,262,0.000698545
282,262,0.0009495197
283,262,0.00047309976
284,262,0.0010649813
285,262,0.00048207026
286,262,-5.0084665e-05
287,262,-4.5143068e-05
288,262,0.0007409733
289,262,0.0004447
290,262,0.0010523032
291,262,0.0005463958
292,262,0.00023554638
293,262,0.00038070977
294,262,0.00024228916
295,262,0.00081515126
296,262,0.00064465124
297,262,0.0005795201
298,262,0.00092020724
299,262,0.00056951586
300,262,9.169616e-05
301,262,0.0011296915
302,262,0.00037353486
303,262,0.00048117526
304,262,0.00042138714
305,262,0.00037053134
306,262,0.00024978817
307,262,0.0005887849
308,262,0.00043858495
309,262,0.000468296
310,262,0.00029158778
311,262,0.0004692953
312,262,0.00048829895
313,262,0.0009244904
314,262,0.00034858473
315,262,0.00062949676
316,262,0.00087766815
317,262,0.00036384072
318,262,0.0003725337
319,262,0.000304739
320,262,0.00043659937
321,262,0.00018731505
322,262,0.0006482722
323,262,0.00045904703
324,262,0.0005432889
325,262,0.0006846115
326,262,0.00047373213
327,262,0.00036544912
328,262,0.0007655481
329,262,2.4874695e-05
330,262,0.0003554793
331,262,0.0012601987
332,262,0.00090849865
333,262,0.00060917344
334,262,0.00073764287
335,262,0.00036559533
336,262,0.0005330127
337,262,0.00059661455
338,262,0.0003635697
339,262,0.00011223648
340,262,0.00013058446
341,262,0.00051436573
342,262,0.00021777675
343,262,0.0007469589
344,262,0.00080511067
345,262,0.0003103083
346,262,0.0007767603
347,262,0.0006132806
348,262,0.0006662579
349,262,0.00068734214
350,262,0.0005195765
351,262,0.00046678912
352,262,0.00011716038
353,262,0.00041012838
354,262,0.0006035678
355,262,0.00065779965
356,262,0.0011104811
357,262,-2.8006732e-05
358,262,0.0007390529
359,262,0.00016671605
360,262,0.000382551
361,262,0.0006506564
362,262,0.00064765755
363,262,0.0005929619
364,262,0.00038163923
365,262,0.0007751016
366,262,0.0007079961
367,262,0.0006127041
368,262,0.00041910633
369,262,0.00062550884
370,262,0.0004831301
371,262,0.000666216
372,262,0.0009068884
373,262,0.0006689951
374,262,0.00083456375
375,262,0.00042075105
376,262,0.0007133661
377,262,0.0007248251
378,262,0.0008208351
379,262,0.00064327754
380,262,0.000823034
381,262,0.00071967766
382,262,0.00066477526
383,262,0.00096231233
384,262,0.00074796285
385,262,0.00052475184
386,262,0.0007902207
387,262,0.0005763862
388,262,0.00034685433
389,262,0.000577162
390,262,0.0004896261
391,262,0.0012214249
392,262,0.00055945665
393,262,0.0007912526
394,262,0.000792779
395,262,0.0005913917
396,262,0.0005172631
397,262,0.00052924827
398,262,0.00012533087
399,262,0.0005246755
400,262,0.00043850206
401,262,0.00021186005
402,262,0.0007791091
403,262,0.0006370805
404,262,0.0009511858
405,262,0.00090010744
406,262,0.00060521904
407,262,0.0004215259
408,262,0.00061051827
409,262,-7.415749e-05
410,262,0.0005214708
411,262,0.00038948655
412,262,0.00048639346
413,262,0.0004305262
414,262,0.000441066
415,262,0.0003535198
416,262,0.00045647193
417,262,0.00037427805
418,262,0.00043385942
419,262,0.00020629074
420,262,0.00065391883
421,262,0.00030730292
422,262,0.0005086679
423,262,0.0003118422
424,262,0.00038558803
425,262,0.00043274928
426,262,0.0007002661
427,262,0.00043833908
428,262,-0.00026889052
429,262,0.0003626123
430,262,0.0005577272
431,262,0.00030351058
432,262,-2.5316142e-05
433,262,4.2625703e-05
434,262,0.0008741366
435,262,0.0009839004
436,262,0.00076604355
437,262,4.399102e-05
438,262,0.0001752004
439,262,0.00014237594
440,262,-0.00019171368
441,262,0.00073267147
442,262,-0.00015097205
443,262,0.00075167976
444,262,0.0007196432
445,262,0.00048577506
446,262,0.00028883107
447,262,0.00048473477
448,262,0.0004985072
449,262,0.0005175015
450,262,0.0007569147
451,262,0.00044647325
452,262,3.659539e-05
453,262,8.121133e-07
454,262,0.0008277213
455,262,0.0002200352
456,262,0.0002632318
457,262,0.0007699998
458,262,7.13896e-05
459,262,0.00034974515
460,262,0.0005127555
461,262,7.6167285e-05
462,262,0.00044385623
463,262,0.00045977999
464,262,0.00040380657
465,262,0.00066897087
466,262,0.0003605662
467,262,0.00030225515
468,262,0.00053101126
469,262,0.00027662516
470,262,0.00042634178
471,262,0.00085902587
472,262,0.0006752154
473,262,0.0007125549
474,262,0.00082485285
475,262,0.0003494192
476,262,0.00090645254
477,262,0.0011709519
478,262,0.00043170992
479,262,0.00079280976
480,262,
481,262,
482,262,0.00032143295
483,262,0.00081961975
484,262,0.0011873562
485,262,0.00081124157
486,262,0.0012292862
487,262,0.0013608309
488,262,0.0009938851
489,262,0.0013328698
490,262,0.0008347081
491,262,0.0011370713
492,262,0.00085875206
493,262,0.0009253472
494,262,0.00066126883
0,263,0.00061348174
1,263,0.0003136648
2,263,0.00046324823
3,263,0.00044092815
4,263,0.00037383568
5,263,0.001030283
6,263,0.0006231833
7,263,0.0008292431
8,263,0.00071995705
9,263,0.00040185358
10,263,0.0006563794
11,263,0.0007789945
12,263,0.000862984
13,263,0.00047369115
14,263,0.0012528207
15,263,0.00064957514
16,263,0.00041694473
17,263,0.00075793266
18,263,0.0004262887
19,263,0.0006741509
20,263,0.00018552877
21,263,0.0006800387
22,263,0.0007486334
23,263,0.0009878371
24,263,
25,263,0.000957828
26,263,0.0007212488
27,263,0.0011127423
28,263,0.0012580017
29,263,0.0010030922
30,263,0.0010110848
31,263,0.0010125302
32,263,0.0011811052
33,263,0.0012497185
34,263,0.0012701228
35,263,0.0013383497
36,263,0.0010664733
37,263,
38,263,0.00095674116
39,263,0.00094374456
40,263,
41,263,0.0014002286
42,263,0.0006355792
43,263,0.0010607289
44,263,0.0010492429
45,263,0.0008237008
46,263,0.0012913002
47,263,0.00077983737
48,263,0.00058923196
49,263,0.00082202256
50,263,0.0003561359
51,263,0.00020546746
52,263,0.0004158616
53,263,0.0007402906
54,263,0.0010733213
55,263,0.00084842835
56,263,0.00070281234
57,263,0.0009392183
58,263,0.0009966353
59,263,0.001164726
60,263,0.0007366212
61,263,0.00037414487
62,263,0.0012737252
63,263,0.000774649
64,263,0.0011694822
65,263,
66,263,
67,263,
68,263,
69,263,0.0013516387
70,263,0.000879053
71,263,0.0010489523
72,263,0.0013577295
73,263,0.0010779295
74,263,0.0012314878
75,263,0.0012074346
76,263,0.0009610504
77,263,0.0007415172
78,263,0.00070427917
79,263,0.0003554793
80,263,0.0007005092
81,263,0.0006834157
82,263,0.00062054954
83,263,0.00024578907
84,263,0.0005498463
85,263,0.00020103622
86,263,0.0006347792
87,263,0.00012162328
88,263,0.0010164101
89,263,0.0006986214
90,263,0.00096795894
91,263,0.0006165989
92,263,0.00093274936
93,263,0.0009797039
94,263,0.0009952355
95,263,0.00097166
96,263,0.0007877778
97,263,
98,263,
99,263,
100,263,
101,263,
102,263,
103,263,
104,263,
105,263,
106,263,
107,263,
108,263,
109,263,
110,263,
111,263,
112,263,
113,263,
114,263,
115,263,
116,263,
117,263,
118,263,
119,263,
120,263,
121,263,
122,263,0.0010055555
123,263,0.00069650635
124,263,0.00035155378
125,263,0.0006922232
126,263,0.00020512752
127,263,
128,263,0.0008953074
129,263,0.0006907899
130,263,0.00013844948
131,263,2.4973415e-05
132,263,0.000811127
133,263,0.00020605233
134,263,0.00048682466
135,263,0.00033598207
136,263,0.00052012224
137,263,0.0002708342
138,263,0.0005529225
139,263,0.0002665585
140,263,0.00027390197
141,263,0.00020235218
142,263,0.0006134324
143,263,0.00020565838
144,263,0.00012023747
145,263,0.0005659871
146,263,0.00018046796
147,263,0.0001622336
148,263,0.00063174404
149,263,0.0010282807
150,263,0.00026102923
151,263,0.00060678367
152,263,0.00068688486
153,263,0.00046595559
154,263,0.0004370343
155,263,0.00089494884
156,263,0.0009187702
157,263,0.00046057627
158,263,3.1655654e-05
159,263,0.00075280014
160,263,0.0008483911
161,263,0.00056815054
162,263,0.0005012974
163,263,0.0004214961
164,263,9.9883415e-05
165,263,0.0003958987
166,263,0.00065755285
167,263,0.000923262
168,263,0.00085571036
169,263,0.0005223965
170,263,0.00025081728
171,263,0.00072031654
172,263,0.0003071269
173,263,0.000447521
174,263,0.00055563264
175,263,0.0005187439
176,263,0.0003319187
177,263,0.0005536964
178,263,0.00047113933
179,263,0.0006917259
180,263,6.375369e-05
181,263,0.0005989894
182,263,0.0011100499
183,263,-0.0001617251
184,263,0.0008007791
185,263,0.00048821233
186,263,0.00034166314
187,263,0.00010852888
188,263,0.0002823649
189,263,0.0011105267
190,263,0.00056697894
191,263,0.0010352125
192,263,0.00039810129
193,263,0.00047501735
194,263,0.0008341735
195,263,0.00058443844
196,263,5.713757e-05
197,263,0.0007834183
198,263,0.00079718046
199,263,0.00044749584
200,263,0.00054077804
201,263,0.0005051866
202,263,0.00037608016
203,263,0.0006531812
204,263,0.00036523398
205,263,0.0006453963
206,263,0.000611932
207,263,0.00072312355
208,263,0.00049106963
209,263,0.00045150798
210,263,0.00025202334
211,263,0.0006532362
212,263,0.00061522797
213,263,0.00056606065
214,263,0.00040160865
215,263,0.00042615458
216,263,0.0006189514
217,263,0.0005090805
218,263,0.00022149831
219,263,0.00048782118
220,263,0.00042105932
221,263,0.0005304273
222,263,0.00048764702
223,263,0.0008137878
224,263,0.0010110587
225,263,0.0009800438
226,263,-3.842637e-05
227,263,0.00056498125
228,263,0.00064177904
229,263,0.00075698644
230,263,0.00073500816
231,263,
232,263,
233,263,
234,263,
235,263,
236,263,
237,263,0.00080315024
238,263,
239,263,0.0005499292
240,263,0.0006540427
241,263,0.0006492846
242,263,0.0007496588
243,263,0.0007694885
244,263,0.0012837667
245,263,0.00027459953
246,263,0.00050762575
247,263,0.00064902566
248,263,0.00059304014
249,263,0.00045540743
250,263,0.0001913067
251,263,0.0010482073
252,263,0.0009130668
253,263,0.0011081882
254,263,0.0009901002
255,263,0.0005641943
256,263,0.00042587426
257,263,0.0008088369
258,263,0.0007688813
259,263,-6.156787e-05
260,263,0.0011371123
261,263,0.0002788687
262,263,0.00021949783
263,263,0.0004993137
264,263,0.00038973987
265,263,-5.1437877e-05
266,263,0.0006408794
267,263,0.00047577824
268,263,0.000625168
269,263,0.00039537717
270,263,0.0008019414
271,263,0.00010678265
272,263,-4.2875297e-05
273,263,0.00016633328
274,263,0.00031420868
275,263,0.0001364313
276,263,0.0009558946
277,263,0.0004211804
278,263,0.000596771
279,263,0.0010548243
280,263,0.00059689395
281,263,0.00035195146
282,263,0.000108734705
283,263,0.0010417784
284,263,0.0007125791
285,263,0.0001084432
286,263,0.00038359687
287,263,0.00086546317
288,263,0.0011043875
289,263,0.0006006174
290,263,0.00042820722
291,263,0.00025894586
292,263,-8.655898e-05
293,263,0.00039382465
294,263,0.00059120264
295,263,0.0007528458
296,263,3.660936e-05
297,263,0.0003975341
298,263,0.0005573891
299,263,0.0006654579
300,263,0.0006234646
301,263,0.0003627399
302,263,-1.7905608e-05
303,263,0.00043833628
304,263,0.0006369669
305,263,0.00067129824
306,263,0.00030503888
307,263,0.00040144846
308,263,0.00072184764
309,263,1.1942349e-05
310,263,0.0001951363
311,263,0.000602697
312,263,0.00041335914
313,263,0.0004591616
314,263,0.00052433833
315,263,0.0007466143
316,263,0.00045649987
317,263,0.0005735075
318,263,0.00086626224
319,263,0.0003044745
320,263,0.00026522577
321,263,0.0011435403
322,263,0.00061321165
323,263,8.1117265e-05
324,263,-5.170796e-05
325,263,0.00071509276
326,263,0.0002699569
327,263,0.00051726494
328,263,0.00089038536
329,263,0.00050693844
330,263,0.00033857953
331,263,0.00046397652
332,263,0.00034708716
333,263,0.00037880708
334,263,0.0005199965
335,263,0.00015049987
336,263,0.00067607313
337,263,0.00065268204
338,263,0.00056141056
339,263,0.0005982481
340,263,0.0007519163
341,263,0.00054106954
342,263,0.00045686308
343,263,0.0009531593
344,263,0.0005924795
345,263,0.00046459772
346,263,0.00087698177
347,263,0.00073545985
348,263,0.0010165572
349,263,0.0010503577
350,263,0.0004860051
351,263,0.00041337404
352,263,0.0004953835
353,263,0.0011254735
354,263,0.0006892914
355,263,0.00038712285
356,263,0.00091798883
357,263,0.0008846363
358,263,0.0006249184
359,263,0.0011099018
360,263,0.00040073134
361,263,-3.7541613e-06
362,263,0.0014768457
363,263,0.00070811156
364,263,0.00038088392
365,263,0.00023793057
366,263,0.0012356676
367,263,0.00053340476
368,263,0.00044495612
369,263,0.0005796384
370,263,0.0007053418
371,263,0.00013053045
372,263,0.00052534696
373,263,3.0247495e-05
374,263,0.00027428102
375,263,2.4490058e-05
376,263,0.00060222857
377,263,0.0006241584
378,263,0.0005729003
379,263,0.0006120363
380,263,0.0008936068
381,263,0.0005173646
382,263,0.0003387928
383,263,0.00038880482
384,263,0.0006476063
385,263,0.0010039313
386,263,0.00047377124
387,263,0.000878348
388,263,0.0008420814
389,263,0.0005305605
390,263,0.0008714022
391,263,0.0005553784
392,263,0.00041513238
393,263,0.00031394418
394,263,0.00066868775
395,263,0.00061186776
396,263,0.0012231888
397,263,0.0004930524
398,263,0.0008611968
399,263,0.00038988795
400,263,0.00078141503
401,263,0.0006142147
402,263,0.000558964
403,263,0.00043368712
404,263,0.00017562695
405,263,0.00092521217
406,263,0.0010039359
407,263,0.000263419
408,263,0.0008413205
409,263,0.0002214387
410,263,0.0005182307
411,263,0.0006993199
412,263,0.0004809806
413,263,0.00061872974
414,263,0.0007033739
415,263,0.000672834
416,263,0.00013475772
417,263,-4.5149587e-05
418,263,0.0008848505
419,263,0.00059733354
420,263,0.00039394666
421,263,0.00078875665
422,263,0.0002307836
423,263,0.00017220434
424,263,0.00052897073
425,263,0.00077071413
426,263,0.00054112356
427,263,0.000539016
428,263,0.00029465556
429,263,0.0010880874
430,263,0.0009990018
431,263,0.0004298361
432,263,0.000391962
433,263,0.000699806
434,263,0.00019693933
435,263,0.00090793706
436,263,0.00024581607
437,263,0.00037304964
438,263,0.0005682586
439,263,0.00013899617
440,263,0.000633006
441,263,0.0008290261
442,263,0.00071765576
443,263,0.00084700994
444,263,0.00048402604
445,263,0.0008032806
446,263,0.0003012484
447,263,0.00089224335
448,263,0.0003068233
449,263,0.0008319374
450,263,0.00044261292
451,263,0.00052619074
452,263,0.0005203439
453,263,0.0004949672
454,263,0.00045260787
455,263,9.183306e-05
456,263,0.00045252778
457,263,0.00085237995
458,263,0.00075087044
459,263,-4.9029477e-05
460,263,0.000395583
461,263,0.00090853963
462,263,0.000465855
463,263,0.0006927075
464,263,0.00049176253
465,263,0.0005370369
466,263,0.0003084056
467,263,0.000525387
468,263,0.00044322852
469,263,0.0007090727
470,263,0.00048260018
471,263,0.00032971054
472,263,0.00025606062
473,263,0.00010252651
474,263,0.00047308765
475,263,0.00066207163
476,263,0.00079394784
477,263,-3.2873824e-05
478,263,0.0011159414
479,263,0.0004735794
480,263,
481,263,
482,263,0.00035548303
483,263,0.00075842347
484,263,0.00034703035
485,263,0.00066178665
486,263,0.0007794872
487,263,0.001121114
488,263,0.0005488675
489,263,0.0003990652
490,263,0.0013617883
491,263,0.0009150123
492,263,0.0004473757
493,263,0.0010379897
494,263,0.00086089876
0,264,0.00053575635
1,264,0.0009159604
2,264,0.0006893771
3,264,0.00047787838
4,264,0.0008813832
5,264,0.00041753054
6,264,0.00030540023
7,264,0.0002141688
8,264,0.0009996127
9,264,0.00029198918
10,264,0.0005828161
11,264,0.00036009774
12,264,0.00067307986
13,264,0.00053900573
14,264,0.0008329656
15,264,0.00047982018
16,264,0.00032701902
17,264,0.00025968347
18,264,0.00026669353
19,264,-3.7851743e-05
20,264,0.001251678
21,264,0.0008094553
22,264,0.0009298697
23,264,0.0008292971
24,264,-3.889762e-05
25,264,0.00035883952
26,264,0.0003194809
27,264,0.0005542496
28,264,0.0008152537
29,264,0.00097155105
30,264,0.0011599399
31,264,0.0010077879
32,264,0.0011426182
33,264,0.00081305765
34,264,0.0009575691
35,264,0.0010208506
36,264,0.0010759244
37,264,0.0011215471
38,264,0.0011219401
39,264,0.00089008734
40,264,
41,264,0.0005920809
42,264,0.0012008194
43,264,0.0006269561
44,264,0.0012966916
45,264,0.00087389164
46,264,0.00037870742
47,264,0.0011297278
48,264,0.0016489578
49,264,0.0007034959
50,264,0.00013622083
51,264,0.00056784693
52,264,0.0007933974
53,264,0.00123352
54,264,0.0011163382
55,264,0.00047922973
56,264,0.00043772627
57,264,
58,264,0.0007897997
59,264,0.00082564075
60,264,0.0008666534
61,264,0.0010063788
62,264,
63,264,
64,264,0.001140398
65,264,
66,264,
67,264,
68,264,
69,264,
70,264,
71,264,0.0011674613
72,264,0.0011000996
73,264,0.0013451139
74,264,0.0007672431
75,264,0.0009599449
76,264,0.0008311197
77,264,0.000839035
78,264,0.000395583
79,264,0.0011305511
80,264,0.0007399889
81,264,0.0009223381
82,264,0.00040515326
83,264,0.00039351825
84,264,0.00066547375
85,264,0.0008181976
86,264,0.0012731552
87,264,0.00029151328
88,264,0.0004100902
89,264,0.0008508768
90,264,0.00057866704
91,264,0.00077102333
92,264,0.00077466574
93,264,0.0012378749
94,264,0.0007080836
95,264,0.00081627816
96,264,
97,264,
98,264,
99,264,
100,264,
101,264,
102,264,
103,264,
104,264,
105,264,
106,264,
107,264,
108,264,
109,264,
110,264,
111,264,
112,264,
113,264,
114,264,
115,264,
116,264,
117,264,
118,264,
119,264,
120,264,0.00084728
121,264,0.00037178956
122,264,0.0006577186
123,264,0.00077662524
124,264,0.00044164155
125,264,0.0010168301
126,264,0.0005447753
127,264,0.001132071
128,264,-0.00017079711
129,264,6.665196e-05
130,264,0.00033769943
131,264,0.00030457322
132,264,0.0005660793
133,264,0.00019889046
134,264,0.00078623276
135,264,0.0006251773
136,264,0.00028731674
137,264,-0.000113037415
138,264,0.00031301007
139,264,0.0008305786
140,264,0.00048134848
141,264,0.0005593868
142,264,0.00064479
143,264,0.00071739964
144,264,0.0004321104
145,264,0.00039156154
146,264,-0.00019970443
147,264,0.00056112837
148,264,0.0006132033
149,264,0.00065444317
150,264,0.00016178284
151,264,1.8913299e-05
152,264,0.00050059054
153,264,0.0004975349
154,264,0.00055773836
155,264,0.0005136607
156,264,0.00032299664
157,264,0.0003840346
158,264,0.00023734383
159,264,0.00052135903
160,264,0.0011311034
161,264,0.00038966164
162,264,0.00038171932
163,264,0.0002461532
164,264,0.00029005576
165,264,0.00065532513
166,264,0.0003672773
167,264,0.00022401568
168,264,0.0003949972
169,264,0.00035546627
170,264,0.0002112817
171,264,0.00017759483
172,264,0.00016662758
173,264,0.00028100703
174,264,0.00039554387
175,264,0.00084854104
176,264,0.00095238164
177,264,0.00084111746
178,264,0.0006205309
179,264,5.115755e-06
180,264,0.0003799498
181,264,0.00038567185
182,264,0.00010923762
183,264,0.00022085942
184,264,6.387569e-05
185,264,0.0006526448
186,264,0.0003420869
187,264,0.00017458387
188,264,0.0006359052
189,264,0.0008618627
190,264,0.00063391775
191,264,0.0009741178
192,264,0.00024032034
193,264,9.939633e-05
194,264,0.00059046596
195,264,0.0006952118
196,264,0.0003253827
197,264,0.00049651787
198,264,0.0008084923
199,264,0.00039564725
200,264,0.00039288774
201,264,0.00096542016
202,264,1.5797094e-05
203,264,0.00055941567
204,264,0.0010658363
205,264,0.00079161767
206,264,0.00023071468
207,264,0.0004979726
208,264,0.0006642053
209,264,0.0004023658
210,264,0.0005621277
211,264,0.00077347923
212,264,0.00026837084
213,264,0.0005908869
214,264,0.00038869213
215,264,0.0007607676
216,264,0.0005672816
217,264,0.00034309085
218,264,0.00058022793
219,264,9.16291e-05
220,264,0.0007397691
221,264,0.00015864242
222,264,0.00050991774
223,264,0.00073290337
224,264,0.00042309705
225,264,0.00030551013
226,264,0.000774649
227,264,0.0005285898
228,264,0.00077465177
229,264,0.0005257353
230,264,
231,264,
232,264,
233,264,
234,264,
235,264,
236,264,
237,264,
238,264,0.00054536853
239,264,
240,264,
241,264,0.0010054503
242,264,0.00019442197
243,264,0.00052659586
244,264,0.001017361
245,264,0.0008345116
246,264,0.00076768175
247,264,0.00045309402
248,264,0.0003196001
249,264,0.00026241038
250,264,0.0008144351
251,264,8.845702e-06
252,264,0.0005709566
253,264,0.0006821696
254,264,0.00041318964
255,264,0.00020039361
256,264,0.00037792884
257,264,-0.00010868255
258,264,0.00027375296
259,264,0.0004064776
260,264,0.00054387376
261,264,0.00033927057
262,264,3.819447e-05
263,264,0.0003968617
264,264,0.00065109227
265,264,0.00079625193
266,264,0.00030494854
267,264,0.0007379595
268,264,0.0007595774
269,264,0.000579603
270,264,0.00047305785
271,264,0.0001604557
272,264,-0.00021059252
273,264,-0.0001108218
274,264,0.00026087277
275,264,0.00057576783
276,264,0.00051602814
277,264,-6.054528e-05
278,264,0.0003102366
279,264,0.000326192
280,264,0.00018351804
281,264,0.0007327255
282,264,0.00067230593
283,264,0.0012464514
284,264,0.0006955862
285,264,0.0003694091
286,264,0.00084570795
287,264,0.0006449325
288,264,0.00065009296
289,264,0.0006886376
290,264,0.00055027194
291,264,0.00025283545
292,264,7.624924e-05
293,264,0.00056682434
294,264,0.0005817581
295,264,0.0010730354
296,264,0.00059367064
297,264,0.00085811317
298,264,0.0003136713
299,264,0.0006056614
300,264,0.00062609
301,264,3.9551407e-05
302,264,0.00046640728
303,264,0.00052694697
304,264,0.0005196063
305,264,0.0007062275
306,264,6.513856e-05
307,264,0.0007468676
308,264,0.00048859324
309,264,0.000740828
310,264,0.00095872674
311,264,0.00025111064
312,264,0.0006666463
313,264,0.00042071939
314,264,-0.00031136163
315,264,0.00084525533
316,264,0.0004634019
317,264,0.0004888503
318,264,-4.4704415e-05
319,264,0.0006462354
320,264,0.00070286635
321,264,0.00017002318
322,264,0.00068139005
323,264,0.0007158173
324,264,0.0008091461
325,264,0.0005618986
326,264,0.00055623055
327,264,0.00048258435
328,264,0.0007840479
329,264,0.00042152125
330,264,0.00055433344
331,264,0.00066512264
332,264,0.00052023306
333,264,0.0007868344
334,264,0.00076218694
335,264,0.0003521638
336,264,0.00032979436
337,264,0.00024778582
338,264,0.00041883066
339,264,0.00030677952
340,264,0.00058958307
341,264,0.00059852004
342,264,0.0006820597
343,264,0.00040975213
344,264,0.00087146834
345,264,0.0005842587
346,264,0.00039011985
347,264,9.937491e-05
348,264,0.00022304803
349,264,0.000752829
350,264,0.0009164093
351,264,0.00022235047
352,264,0.0007358268
353,264,0.0007422054
354,264,0.000607728
355,264,-4.183408e-05
356,264,0.00011694897
357,264,0.00053598266
358,264,0.00027773902
359,264,0.0009397119
360,264,0.00051453896
361,264,0.00032238476
362,264,4.733447e-05
363,264,0.00067061186
364,264,0.00065704156
365,264,0.00041043572
366,264,0.0005337335
367,264,0.0006834492
368,264,0.00048737414
369,264,0.00030674785
370,264,0.00051350426
371,264,0.00028262194
372,264,0.00019265898
373,264,0.00026552845
374,264,0.00044264272
375,264,0.000571046
376,264,0.0008658003
377,264,-5.958043e-05
378,264,0.0009860173
379,264,0.0007341625
380,264,0.000312699
381,264,0.0011668215
382,264,0.0008251881
383,264,0.0001677135
384,264,0.00043749996
385,264,0.00072414055
386,264,0.00029684138
387,264,0.00081381574
388,264,0.0005319733
389,264,0.0006407108
390,264,0.0004907185
391,264,0.0006960379
392,264,0.00028704014
393,264,0.0011312412
394,264,0.0006675152
395,264,0.0009304751
396,264,0.000652927
397,264,0.0004376294
398,264,0.00086024124
399,264,0.000662799
400,264,0.0008587092
401,264,9.349361e-05
402,264,0.00063445605
403,264,0.00048764888
404,264,0.00039168447
405,264,0.00073750596
406,264,0.0004955679
407,264,-0.0001613833
408,264,0.00043314137
409,264,0.0010552639
410,264,0.00033696834
411,264,0.00046525896
412,264,0.00018130429
413,264,0.0001774123
414,264,0.00026736036
415,264,0.00043232087
416,264,0.0005208552
417,264,0.00060018804
418,264,0.00020164158
419,264,0.00052109733
420,264,0.00015290082
421,264,0.00040754396
422,264,0.00020696316
423,264,0.00059630815
424,264,0.00041052978
425,264,-0.00016869418
426,264,8.844584e-05
427,264,0.0005158093
428,264,0.00034148805
429,264,0.0007702494
430,264,0.00021572132
431,264,0.0004993258
432,264,0.0004981151
433,264,0.00065288506
434,264,0.00039977767
435,264,0.00050933287
436,264,0.00069504604
437,264,0.0006338041
438,264,0.00075966865
439,264,0.0005404763
440,264,0.000117790885
441,264,0.00034723524
442,264,0.0013255738
443,264,0.00011603907
444,264,0.0010022903
445,264,0.00033476483
446,264,0.00068222545
447,264,-0.000109381974
448,264,0.0005556112
449,264,0.00094556995
450,264,0.0010323972
451,264,0.000401943
452,264,0.00056742504
453,264,0.00064239744
454,264,0.0009152163
455,264,0.0006593857
456,264,0.00082243513
457,264,-0.00017911196
458,264,0.0005306322
459,264,0.00034936424
460,264,0.00056030136
461,264,0.0007144213
462,264,0.00046909228
463,264,0.0005532829
464,264,0.0011353139
465,264,0.0006660968
466,264,0.00039434806
467,264,0.00033350568
468,264,0.0006788522
469,264,0.00021696929
470,264,0.0003773421
471,264,0.0009018555
472,264,0.0007176474
473,264,0.0006808685
474,264,0.00072530657
475,264,0.0005900413
476,264,0.00022232253
477,264,0.00057542324
478,264,0.0006676186
479,264,0.000499608
480,264,0.0005256329
481,264,
482,264,
483,264,0.00064339116
484,264,0.00089497305
485,264,0.00011374429
486,264,0.00082955137
487,264,0.0017201994
488,264,0.00040908344
489,264,0.00097423885
490,264,0.0010535205
491,264,0.0009195395
492,264,0.00074348785
493,264,0.0006089164
494,264,0.0007034587
0,265,0.0007022768
1,265,0.0008787988
2,265,0.00079939235
3,265,0.00049671624
4,265,0.0004174495
5,265,0.00017991662
6,265,0.00072689075
7,265,0.00072170235
8,265,0.0010203719
9,265,0.00037014484
10,265,0.00044789724
11,265,0.00035931543
12,265,0.0006728461
13,265,0.0003289273
14,265,0.0006641131
15,265,0.0008655321
16,265,0.000490848
17,265,0.0006178189
18,265,5.365163e-05
19,265,0.00025135372
20,265,0.0008005388
21,265,-4.7435053e-05
22,265,0.00081252493
23,265,0.00025267806
24,265,0.0006619673
25,265,0.0007695779
26,265,0.00073619094
27,265,0.00096387323
28,265,0.0007232595
29,265,0.0011889618
30,265,0.0009232359
31,265,0.0008607311
32,265,0.0010217968
33,265,0.0011545597
34,265,0.0007763561
35,265,0.0011751298
36,265,0.0010132417
37,265,0.0012257239
38,265,0.00050007086
39,265,
40,265,0.0012329221
41,265,0.0008754367
42,265,0.000992232
43,265,0.00089986995
44,265,0.0009168554
45,265,0.0009794487
46,265,0.00053773914
47,265,0.0005733818
48,265,0.0005653938
49,265,0.00024549477
50,265,0.0007155696
51,265,0.00086853094
52,265,0.0010581175
53,265,0.0006791176
54,265,0.0010108743
55,265,0.0005620131
56,265,0.0008237511
57,265,0.0009494014
58,265,0.00064705964
59,265,0.0006484622
60,265,
61,265,0.00061416626
62,265,
63,265,
64,265,
65,265,
66,265,
67,265,
68,265,
69,265,
70,265,
71,265,
72,265,0.0010127593
73,265,0.0005541397
74,265,0.00079614297
75,265,0.0012004972
76,265,0.0008458486
77,265,0.0010829596
78,265,0.000920061
79,265,0.0007033525
80,265,0.00051737204
81,265,0.0006883824
82,265,0.00068210624
83,265,0.00064718537
84,265,0.0005574897
85,265,2.5282614e-05
86,265,0.0009149099
87,265,0.00068095233
88,265,0.0005754316
89,265,0.00092393626
90,265,0.00088013336
91,265,0.00016629044
92,265,0.00063060503
93,265,0.00066145696
94,265,0.0008685449
95,265,0.0009850878
96,265,
97,265,
98,265,
99,265,
100,265,
101,265,
102,265,
103,265,
104,265,
105,265,
106,265,
107,265,
108,265,
109,265,
110,265,
111,265,
112,265,
113,265,
114,265,
115,265,
116,265,
117,265,
118,265,
119,265,
120,265,0.0008352054
121,265,0.00077611767
122,265,0.000101629645
123,265,0.00058007054
124,265,0.0004880987
125,265,0.00060536154
126,265,7.686671e-05
127,265,0.00084446557
128,265,0.0008003861
129,265,0.00028678682
130,265,0.00077718217
131,265,0.00074628834
132,265,4.570745e-05
133,265,0.00030038413
134,265,4.6462752e-05
135,265,0.0004792884
136,265,0.00057614036
137,265,7.9900026e-05
138,265,0.00043659005
139,265,0.00012600515
140,265,0.0001309719
141,265,4.8690476e-05
142,265,0.00061263517
143,265,0.00029606745
144,265,0.00017029885
145,265,0.00030491315
146,265,0.0003631683
147,265,0.00010176655
148,265,0.0006666351
149,265,0.00066690985
150,265,0.0006390242
151,265,0.0006808806
152,265,0.0005850084
153,265,1.7355196e-05
154,265,0.00021265633
155,265,0.00055502355
156,265,0.00014494173
157,265,0.00018088892
158,265,0.00015970785
159,265,0.00031254534
160,265,3.489852e-05
161,265,0.0005376348
162,265,0.00033329986
163,265,0.000559886
164,265,0.0005975254
165,265,0.0001861183
166,265,0.00077390205
167,265,0.00058898143
168,265,0.0005625505
169,265,0.00031302124
170,265,0.00074142404
171,265,0.00038518477
172,265,0.0003797561
173,265,0.0003941832
174,265,0.0005688723
175,265,0.0001515504
176,265,-0.00013780873
177,265,1.1650845e-06
178,265,0.0004561022
179,265,0.00019511208
180,265,-6.5681525e-05
181,265,0.00039743632
182,265,0.0006282702
183,265,8.287188e-05
184,265,0.0002894085
185,265,0.0005831113
186,265,0.000682191
187,265,0.00026551727
188,265,0.00090596173
189,265,0.00035119895
190,265,0.0004152991
191,265,0.00018646661
192,265,0.00055921637
193,265,0.000488027
194,265,0.00042009912
195,265,0.0002617063
196,265,0.00049061235
197,265,0.0003195908
198,265,0.0007441519
199,265,0.0004903404
200,265,0.00026579853
201,265,0.00020474475
202,265,0.0009934613
203,265,0.00046738796
204,265,0.0008888263
205,265,0.0002444368
206,265,0.0006366428
207,265,0.00079650246
208,265,0.00066248793
209,265,0.00047018193
210,265,0.00067688525
211,265,0.00028553512
212,265,1.785811e-05
213,265,0.00031226967
214,265,0.0008439459
215,265,0.000468296
216,265,0.00071434677
217,265,0.0005768649
218,265,0.00070577767
219,265,0.00040250458
220,265,0.0008096229
221,265,0.0007067863
222,265,0.00082683004
223,265,0.00042334665
224,265,0.0002005808
225,265,0.00051489845
226,265,0.00079094805
227,265,0.00044419803
228,265,
229,265,
230,265,
231,265,
232,265,
233,265,
234,265,
235,265,
236,265,0.0009900331
237,265,
238,265,
239,265,0.0009928253
240,265,0.00064207055
241,265,0.0015576817
242,265,0.00045101717
243,265,0.0009779586
244,265,0.0009428784
245,265,0.000689812
246,265,0.001007421
247,265,0.0005378276
248,265,0.00067747757
249,265,0.00089743733
250,265,0.00090599246
251,265,0.00091242045
252,265,0.0006233044
253,265,0.00036579184
254,265,-7.428881e-05
255,265,0.0005471045
256,265,-0.0002731476
257,265,-0.00013212953
258,265,0.0006790953
259,265,0.00069036335
260,265,0.00094077457
261,265,1.6427599e-05
262,265,0.0005363431
263,265,-0.00028038118
264,265,0.00056503713
265,265,0.0006121937
266,265,0.0005987119
267,265,0.00085460674
268,265,-1.1343509e-06
269,265,0.0004706243
270,265,0.0005615195
271,265,0.0013735015
272,265,8.265767e-05
273,265,0.0003206525
274,265,-1.4788471e-05
275,265,0.0005519446
276,265,0.00032984745
277,265,0.00026856642
278,265,0.00063064694
279,265,3.8091093e-07
280,265,0.0007105563
281,265,0.00073344447
282,265,0.00016638357
283,265,0.0008737054
284,265,0.0014336603
285,265,0.00043238048
286,265,0.00037464686
287,265,0.00057599414
288,265,0.00048327446
289,265,0.00020171423
290,265,0.00043442287
291,265,0.0008920748
292,265,0.0010714298
293,265,0.0005247593
294,265,0.00031341612
295,265,0.0005837688
296,265,0.00064625405
297,265,0.0007819934
298,265,0.0006412398
299,265,0.00048248842
300,265,0.00040699542
301,265,0.0008178903
302,265,0.0004062336
303,265,0.0009854259
304,265,0.00069452357
305,265,0.00034284033
306,265,0.0006418526
307,265,0.00034900196
308,265,0.0009905351
309,265,-6.1562285e-05
310,265,0.00035441108
311,265,0.0005143024
312,265,0.00032984
313,265,0.0006943075
314,265,0.00022124406
315,265,0.00037448667
316,265,0.00028763153
317,265,0.0008827271
318,265,0.0007922929
319,265,0.0010531312
320,265,3.164634e-05
321,265,0.00045797508
322,265,0.00091889687
323,265,0.0005897889
324,265,0.00055505894
325,265,0.0009463914
326,265,0.00042771548
327,265,0.0005730465
328,265,0.0005585598
329,265,0.0006961981
330,265,0.00064641424
331,265,0.00064773206
332,265,0.0007561641
333,265,0.0003460357
334,265,0.00063864887
335,265,0.00018994696
336,265,0.00047245994
337,265,0.00034686644
338,265,0.0005575223
339,265,0.00083497725
340,265,0.0004394343
341,265,0.0007500937
342,265,0.00045466237
343,265,0.0007297741
344,265,0.00052017067
345,265,0.0004218705
346,265,0.00061498117
347,265,-0.000113910064
348,265,0.0001014024
349,265,0.000476202
350,265,0.00037018955
351,265,0.0003779363
352,265,0.00023792963
353,265,0.0012343293
354,265,0.0008774698
355,265,0.00066139176
356,265,0.000427871
357,265,0.000785863
358,265,0.00013419986
359,265,0.0009563444
360,265,0.0005948534
361,265,0.0011761812
362,265,0.00016609766
363,265,0.00039204024
364,265,0.00041576102
365,265,0.00048720278
366,265,0.00095451437
367,265,0.00039439742
368,265,0.0008180961
369,265,0.00090186857
370,265,0.0004234491
371,265,0.0007341821
372,265,0.0002876036
373,265,0.0005832352
374,265,0.0006293673
375,265,0.0008769166
376,265,0.00016621873
377,265,0.0004885774
378,265,0.0004945509
379,265,0.00022398215
380,265,0.00038451422
381,265,0.00024650805
382,265,-0.00021413807
383,265,0.00067904685
384,265,0.0002603028
385,265,0.0005093673
386,265,0.00048135407
387,265,0.00084906444
388,265,0.0005579088
389,265,0.00065589696
390,265,0.00042142067
391,265,0.0003277678
392,265,0.0006788671
393,265,0.0001605181
394,265,0.00037956517
395,265,0.0005655959
396,265,0.00045432616
397,265,0.0005225511
398,265,0.00074028224
399,265,0.0008598659
400,265,0.0011149934
401,265,0.0004900405
402,265,0.00054417364
403,265,0.00037377328
404,265,0.0005331775
405,265,0.00033885706
406,265,0.00049226265
407,265,0.00051081646
408,265,0.00082055107
409,265,0.0002353862
410,265,0.0006144652
411,265,-0.00015459675
412,265,0.00073056854
413,265,0.00055624265
414,265,0.00044524297
415,265,0.000700905
416,265,4.5937486e-05
417,265,0.00050138216
418,265,0.00090143736
419,265,0.00051511545
420,265,0.00014566258
421,265,0.0006584674
422,265,0.0007358594
423,265,0.0004759105
424,265,0.00048133172
425,265,0.0006552255
426,265,0.0007117167
427,265,0.0007925369
428,265,0.00047280267
429,265,0.0003588088
430,265,0.00060238224
431,265,0.00067806616
432,265,0.00040856563
433,265,0.00041841157
434,265,0.00043825898
435,265,0.00021775067
436,265,0.00074922387
437,265,0.0004985733
438,265,9.932555e-06
439,265,0.00048847497
440,265,0.000598521
441,265,0.00081696454
442,265,5.3716823e-05
443,265,0.0007658079
444,265,-0.00040143542
445,265,0.0005300483
446,265,0.0009817136
447,265,9.4235875e-05
448,265,0.0004838826
449,265,0.0010317881
450,265,0.0004749121
451,265,0.00084406976
452,265,0.00059461873
453,265,0.0010806816
454,265,0.00026576687
455,265,0.0005864268
456,265,0.00037654676
457,265,0.00073613506
458,265,0.00057360437
459,265,0.00053437427
460,265,0.0001733508
461,265,0.00050593633
462,265,0.0011606114
463,265,0.0003899131
464,265,0.0007151272
465,265,0.0004400704
466,265,0.00054124184
467,265,0.00037443172
468,265,0.00065299403
469,265,0.00091296434
470,265,0.0003526369
471,265,0.0007591108
472,265,0.00047994778
473,265,0.00027997047
474,265,0.0006201798
475,265,0.0009939363
476,265,0.00042831805
477,265,0.0004002368
478,265,0.0005781213
479,265,0.00036216527
480,265,0.0008922564
481,265,
482,265,
483,265,
484,265,-6.141793e-05
485,265,
486,265,0.0008598827
487,265,0.00080705713
488,265,0.0011820523
489,265,0.0013206797
490,265,0.00069974083
491,265,0.0010848269
492,265,0.0007651327
493,265,0.0010651294
494,265,0.00095508713
